    1.000000E-02    6.665105E-01    9.623306E-04    2.730802E+00    1.037747E+01    1.850268E+00
    1.000000E-02    6.665105E-01    5.053105E-03    2.730771E+00    1.037591E+01    1.850257E+00
    1.000000E-02    6.665105E-01    1.234220E-02    2.730612E+00    1.037313E+01    1.850195E+00
    1.000000E-02    6.665105E-01    2.271157E-02    2.730155E+00    1.036328E+01    1.850019E+00
    1.000000E-02    6.665105E-01    3.599117E-02    2.729176E+00    1.034738E+01    1.849642E+00
    1.000000E-02    6.665105E-01    5.196299E-02    2.727412E+00    1.031240E+01    1.848963E+00
    1.000000E-02    6.665105E-01    7.036479E-02    2.724586E+00    1.026117E+01    1.847873E+00
    1.000000E-02    6.665105E-01    9.089441E-02    2.720431E+00    1.018608E+01    1.846269E+00
    1.000000E-02    6.665105E-01    1.132148E-01    2.714717E+00    1.007870E+01    1.844059E+00
    1.000000E-02    6.665105E-01    1.369594E-01    2.707272E+00    9.950896E+00    1.841172E+00
    1.000000E-02    6.665105E-01    1.617383E-01    2.698005E+00    9.772549E+00    1.837567E+00
    1.000000E-02    6.665105E-01    1.871448E-01    2.686920E+00    9.579704E+00    1.833239E+00
    1.000000E-02    6.665105E-01    2.127615E-01    2.674129E+00    9.336676E+00    1.828221E+00
    1.000000E-02    6.665105E-01    2.381680E-01    2.659849E+00    9.083805E+00    1.822592E+00
    1.000000E-02    6.665105E-01    2.629469E-01    2.644402E+00    8.794108E+00    1.816469E+00
    1.000000E-02    6.665105E-01    2.866915E-01    2.628202E+00    8.506079E+00    1.810009E+00
    1.000000E-02    6.665105E-01    3.090119E-01    2.611734E+00    8.198710E+00    1.803404E+00
    1.000000E-02    6.665105E-01    3.295415E-01    2.595537E+00    7.916001E+00    1.796868E+00
    1.000000E-02    6.665105E-01    3.479433E-01    2.580170E+00    7.622876E+00    1.790631E+00
    1.000000E-02    6.665105E-01    3.639151E-01    2.566187E+00    7.368203E+00    1.784926E+00
    1.000000E-02    6.665105E-01    3.771947E-01    2.554107E+00    7.152811E+00    1.779975E+00
    1.000000E-02    6.665105E-01    3.875641E-01    2.544391E+00    6.969780E+00    1.775977E+00
    1.000000E-02    6.665105E-01    3.948532E-01    2.537413E+00    6.841120E+00    1.773097E+00
    1.000000E-02    6.665105E-01    3.989440E-01    2.533444E+00    6.768913E+00    1.771456E+00
    1.000000E-02    6.665105E-01    3.999943E-01    2.532418E+00    6.750373E+00    1.771031E+00
    1.000000E-02    6.665105E-01    4.003698E-01    2.532051E+00    6.743746E+00    1.770879E+00
    1.000000E-02    6.665105E-01    4.010444E-01    2.531391E+00    6.731839E+00    1.770606E+00
    1.000000E-02    6.665105E-01    4.020166E-01    2.530437E+00    6.714679E+00    1.770211E+00
    1.000000E-02    6.665105E-01    4.032841E-01    2.529190E+00    6.692305E+00    1.769694E+00
    1.000000E-02    6.665105E-01    4.048440E-01    2.527651E+00    6.664771E+00    1.769056E+00
    1.000000E-02    6.665105E-01    4.066926E-01    2.525820E+00    6.632141E+00    1.768297E+00
    1.000000E-02    6.665105E-01    4.088255E-01    2.523697E+00    6.594494E+00    1.767416E+00
    1.000000E-02    6.665105E-01    4.112375E-01    2.521284E+00    6.551919E+00    1.766414E+00
    1.000000E-02    6.665105E-01    4.139231E-01    2.518582E+00    6.504516E+00    1.765290E+00
    1.000000E-02    6.665105E-01    4.168758E-01    2.515593E+00    6.450973E+00    1.764046E+00
    1.000000E-02    6.665105E-01    4.200885E-01    2.512318E+00    6.387696E+00    1.762681E+00
    1.000000E-02    6.665105E-01    4.235538E-01    2.508759E+00    6.319446E+00    1.761197E+00
    1.000000E-02    6.665105E-01    4.272634E-01    2.504919E+00    6.246384E+00    1.759593E+00
    1.000000E-02    6.665105E-01    4.312085E-01    2.500802E+00    6.168685E+00    1.757871E+00
    1.000000E-02    6.665105E-01    4.353796E-01    2.496411E+00    6.086532E+00    1.756032E+00
    1.000000E-02    6.665105E-01    4.397670E-01    2.491750E+00    6.000120E+00    1.754077E+00
    1.000000E-02    6.665105E-01    4.443603E-01    2.486825E+00    5.909655E+00    1.752007E+00
    1.000000E-02    6.665105E-01    4.491484E-01    2.481641E+00    5.815350E+00    1.749825E+00
    1.000000E-02    6.665105E-01    4.541202E-01    2.476204E+00    5.712851E+00    1.747533E+00
    1.000000E-02    6.665105E-01    4.592637E-01    2.470523E+00    5.602362E+00    1.745132E+00
    1.000000E-02    6.665105E-01    4.645668E-01    2.464604E+00    5.488444E+00    1.742627E+00
    1.000000E-02    6.665105E-01    4.700169E-01    2.458458E+00    5.371369E+00    1.740019E+00
    1.000000E-02    6.665105E-01    4.756010E-01    2.452093E+00    5.251414E+00    1.737314E+00
    1.000000E-02    6.665105E-01    4.813060E-01    2.445521E+00    5.126807E+00    1.734514E+00
    1.000000E-02    6.665105E-01    4.871183E-01    2.438753E+00    4.993385E+00    1.731624E+00
    1.000000E-02    6.665105E-01    4.930241E-01    2.431803E+00    4.857816E+00    1.728649E+00
    1.000000E-02    6.665105E-01    4.990094E-01    2.424683E+00    4.720422E+00    1.725595E+00
    1.000000E-02    6.665105E-01    5.050601E-01    2.417408E+00    4.584339E+00    1.722467E+00
    1.000000E-02    6.665105E-01    5.111616E-01    2.409994E+00    4.447816E+00    1.719271E+00
    1.000000E-02    6.665105E-01    5.172997E-01    2.402457E+00    4.308255E+00    1.716014E+00
    1.000000E-02    6.665105E-01    5.234597E-01    2.394814E+00    4.165612E+00    1.712703E+00
    1.000000E-02    6.665105E-01    5.296270E-01    2.387083E+00    4.020957E+00    1.709346E+00
    1.000000E-02    6.665105E-01    5.357869E-01    2.379284E+00    3.873814E+00    1.705950E+00
    1.000000E-02    6.665105E-01    5.419250E-01    2.371435E+00    3.725515E+00    1.702524E+00
    1.000000E-02    6.665105E-01    5.480266E-01    2.363557E+00    3.575081E+00    1.699077E+00
    1.000000E-02    6.665105E-01    5.540772E-01    2.355671E+00    3.423416E+00    1.695618E+00
    1.000000E-02    6.665105E-01    5.600625E-01    2.347798E+00    3.271382E+00    1.692155E+00
    1.000000E-02    6.665105E-01    5.659683E-01    2.339960E+00    3.119347E+00    1.688699E+00
    1.000000E-02    6.665105E-01    5.717806E-01    2.332179E+00    2.966007E+00    1.685260E+00
    1.000000E-02    6.665105E-01    5.774856E-01    2.324477E+00    2.813918E+00    1.681848E+00
    1.000000E-02    6.665105E-01    5.830698E-01    2.316877E+00    2.661871E+00    1.678472E+00
    1.000000E-02    6.665105E-01    5.885199E-01    2.309402E+00    2.511409E+00    1.675144E+00
    1.000000E-02    6.665105E-01    5.938229E-01    2.302073E+00    2.363235E+00    1.671874E+00
    1.000000E-02    6.665105E-01    5.989665E-01    2.294914E+00    2.216175E+00    1.668673E+00
    1.000000E-02    6.665105E-01    6.039382E-01    2.287947E+00    2.072645E+00    1.665550E+00
    1.000000E-02    6.665105E-01    6.087264E-01    2.281192E+00    1.929916E+00    1.662516E+00
    1.000000E-02    6.665105E-01    6.133196E-01    2.274673E+00    1.791737E+00    1.659582E+00
    1.000000E-02    6.665105E-01    6.177070E-01    2.268409E+00    1.656184E+00    1.656757E+00
    1.000000E-02    6.665105E-01    6.218782E-01    2.262421E+00    1.526153E+00    1.654052E+00
    1.000000E-02    6.665105E-01    6.258232E-01    2.256729E+00    1.400113E+00    1.651476E+00
    1.000000E-02    6.665105E-01    6.295328E-01    2.251350E+00    1.279657E+00    1.649037E+00
    1.000000E-02    6.665105E-01    6.329981E-01    2.246303E+00    1.166255E+00    1.646746E+00
    1.000000E-02    6.665105E-01    6.362109E-01    2.241605E+00    1.059234E+00    1.644609E+00
    1.000000E-02    6.665105E-01    6.391636E-01    2.237271E+00    9.608777E-01    1.642635E+00
    1.000000E-02    6.665105E-01    6.418491E-01    2.233315E+00    8.698157E-01    1.640832E+00
    1.000000E-02    6.665105E-01    6.442612E-01    2.229751E+00    7.876200E-01    1.639205E+00
    1.000000E-02    6.665105E-01    6.463940E-01    2.226591E+00    7.149390E-01    1.637761E+00
    1.000000E-02    6.665105E-01    6.482426E-01    2.223846E+00    6.505285E-01    1.636506E+00
    1.000000E-02    6.665105E-01    6.498025E-01    2.221525E+00    5.958867E-01    1.635444E+00
    1.000000E-02    6.665105E-01    6.510701E-01    2.219635E+00    5.514856E-01    1.634579E+00
    1.000000E-02    6.665105E-01    6.520423E-01    2.218184E+00    5.174305E-01    1.633914E+00
    1.000000E-02    6.665105E-01    6.527168E-01    2.217177E+00    4.938014E-01    1.633452E+00
    1.000000E-02    6.665105E-01    6.530923E-01    2.216615E+00    4.805118E-01    1.633195E+00
    1.000000E-02    6.665105E-01    6.531896E-01    2.216470E+00    4.770545E-01    1.633128E+00
    1.000000E-02    6.665105E-01    6.532291E-01    2.216411E+00    4.756497E-01    1.633101E+00
    1.000000E-02    6.665105E-01    6.533001E-01    2.216305E+00    4.731259E-01    1.633052E+00
    1.000000E-02    6.665105E-01    6.534024E-01    2.216152E+00    4.694886E-01    1.632982E+00
    1.000000E-02    6.665105E-01    6.535359E-01    2.215952E+00    4.647461E-01    1.632890E+00
    1.000000E-02    6.665105E-01    6.537001E-01    2.215706E+00    4.589099E-01    1.632778E+00
    1.000000E-02    6.665105E-01    6.538947E-01    2.215415E+00    4.519937E-01    1.632644E+00
    1.000000E-02    6.665105E-01    6.541192E-01    2.215079E+00    4.440140E-01    1.632490E+00
    1.000000E-02    6.665105E-01    6.543731E-01    2.214699E+00    4.349896E-01    1.632316E+00
    1.000000E-02    6.665105E-01    6.546558E-01    2.214276E+00    4.249419E-01    1.632121E+00
    1.000000E-02    6.665105E-01    6.549666E-01    2.213810E+00    4.138949E-01    1.631908E+00
    1.000000E-02    6.665105E-01    6.553048E-01    2.213303E+00    4.018746E-01    1.631675E+00
    1.000000E-02    6.665105E-01    6.556695E-01    2.212756E+00    3.889097E-01    1.631424E+00
    1.000000E-02    6.665105E-01    6.560600E-01    2.212171E+00    3.750308E-01    1.631155E+00
    1.000000E-02    6.665105E-01    6.564753E-01    2.211548E+00    3.602709E-01    1.630869E+00
    1.000000E-02    6.665105E-01    6.569143E-01    2.210888E+00    3.446650E-01    1.630566E+00
    1.000000E-02    6.665105E-01    6.573762E-01    2.210195E+00    3.282501E-01    1.630248E+00
    1.000000E-02    6.665105E-01    6.578597E-01    2.209468E+00    3.110652E-01    1.629914E+00
    1.000000E-02    6.665105E-01    6.583637E-01    2.208710E+00    2.926702E-01    1.629566E+00
    1.000000E-02    6.665105E-01    6.588870E-01    2.207922E+00    2.735570E-01    1.629204E+00
    1.000000E-02    6.665105E-01    6.594284E-01    2.207107E+00    2.537833E-01    1.628829E+00
    1.000000E-02    6.665105E-01    6.599867E-01    2.206266E+00    2.333962E-01    1.628442E+00
    1.000000E-02    6.665105E-01    6.605604E-01    2.205401E+00    2.124439E-01    1.628044E+00
    1.000000E-02    6.665105E-01    6.611482E-01    2.204514E+00    1.909762E-01    1.627636E+00
    1.000000E-02    6.665105E-01    6.617487E-01    2.203608E+00    1.690440E-01    1.627219E+00
    1.000000E-02    6.665105E-01    6.623605E-01    2.202684E+00    1.468123E-01    1.626794E+00
    1.000000E-02    6.665105E-01    6.629822E-01    2.201744E+00    1.242370E-01    1.626361E+00
    1.000000E-02    6.665105E-01    6.636122E-01    2.200791E+00    1.013577E-01    1.625922E+00
    1.000000E-02    6.665105E-01    6.642491E-01    2.199827E+00    7.822886E-02    1.625478E+00
    1.000000E-02    6.665105E-01    6.648914E-01    2.198854E+00    5.547887E-02    1.625029E+00
    1.000000E-02    6.665105E-01    6.655375E-01    2.197874E+00    3.323467E-02    1.624578E+00
    1.000000E-02    6.665105E-01    6.661859E-01    2.196890E+00    1.229086E-02    1.624124E+00
    1.000000E-02    6.665105E-01    6.668351E-01    2.195905E+00    1.086199E-02    1.623670E+00
    1.000000E-02    6.665105E-01    6.674835E-01    2.194919E+00    2.973966E-02    1.623215E+00
    1.000000E-02    6.665105E-01    6.681296E-01    2.193937E+00    4.980082E-02    1.622762E+00
    1.000000E-02    6.665105E-01    6.687719E-01    2.192960E+00    7.112261E-02    1.622310E+00
    1.000000E-02    6.665105E-01    6.694088E-01    2.191990E+00    9.345831E-02    1.621863E+00
    1.000000E-02    6.665105E-01    6.700388E-01    2.191030E+00    1.155529E-01    1.621419E+00
    1.000000E-02    6.665105E-01    6.706605E-01    2.190082E+00    1.373541E-01    1.620981E+00
    1.000000E-02    6.665105E-01    6.712723E-01    2.189149E+00    1.588976E-01    1.620550E+00
    1.000000E-02    6.665105E-01    6.718728E-01    2.188232E+00    1.806922E-01    1.620126E+00
    1.000000E-02    6.665105E-01    6.724607E-01    2.187333E+00    2.020251E-01    1.619711E+00
    1.000000E-02    6.665105E-01    6.730343E-01    2.186456E+00    2.228458E-01    1.619305E+00
    1.000000E-02    6.665105E-01    6.735926E-01    2.185602E+00    2.431050E-01    1.618910E+00
    1.000000E-02    6.665105E-01    6.741340E-01    2.184774E+00    2.627545E-01    1.618526E+00
    1.000000E-02    6.665105E-01    6.746573E-01    2.183972E+00    2.817478E-01    1.618155E+00
    1.000000E-02    6.665105E-01    6.751613E-01    2.183200E+00    3.000442E-01    1.617798E+00
    1.000000E-02    6.665105E-01    6.756448E-01    2.182458E+00    3.177112E-01    1.617454E+00
    1.000000E-02    6.665105E-01    6.761067E-01    2.181750E+00    3.345865E-01    1.617126E+00
    1.000000E-02    6.665105E-01    6.765457E-01    2.181076E+00    3.506301E-01    1.616814E+00
    1.000000E-02    6.665105E-01    6.769610E-01    2.180438E+00    3.658040E-01    1.616518E+00
    1.000000E-02    6.665105E-01    6.773515E-01    2.179838E+00    3.800722E-01    1.616240E+00
    1.000000E-02    6.665105E-01    6.777163E-01    2.179278E+00    3.934007E-01    1.615980E+00
    1.000000E-02    6.665105E-01    6.780544E-01    2.178758E+00    4.057581E-01    1.615739E+00
    1.000000E-02    6.665105E-01    6.783653E-01    2.178280E+00    4.171150E-01    1.615518E+00
    1.000000E-02    6.665105E-01    6.786479E-01    2.177845E+00    4.274445E-01    1.615316E+00
    1.000000E-02    6.665105E-01    6.789018E-01    2.177454E+00    4.367220E-01    1.615135E+00
    1.000000E-02    6.665105E-01    6.791264E-01    2.177108E+00    4.449256E-01    1.614974E+00
    1.000000E-02    6.665105E-01    6.793209E-01    2.176809E+00    4.520358E-01    1.614835E+00
    1.000000E-02    6.665105E-01    6.794851E-01    2.176556E+00    4.580357E-01    1.614718E+00
    1.000000E-02    6.665105E-01    6.796186E-01    2.176350E+00    4.629112E-01    1.614623E+00
    1.000000E-02    6.665105E-01    6.797209E-01    2.176193E+00    4.666506E-01    1.614550E+00
    1.000000E-02    6.665105E-01    6.797919E-01    2.176083E+00    4.692451E-01    1.614499E+00
    1.000000E-02    6.665105E-01    6.798314E-01    2.176022E+00    4.706893E-01    1.614471E+00
    1.000000E-02    6.665105E-01    6.804502E-01    2.175069E+00    4.931998E-01    1.614028E+00
    1.000000E-02    6.665105E-01    6.830410E-01    2.171069E+00    5.868872E-01    1.612170E+00
    1.000000E-02    6.665105E-01    6.876574E-01    2.163914E+00    7.533301E-01    1.608842E+00
    1.000000E-02    6.665105E-01    6.942247E-01    2.153675E+00    9.881413E-01    1.604067E+00
    1.000000E-02    6.665105E-01    7.026351E-01    2.140461E+00    1.285458E+00    1.597883E+00
    1.000000E-02    6.665105E-01    7.127506E-01    2.124417E+00    1.637951E+00    1.590343E+00
    1.000000E-02    6.665105E-01    7.244051E-01    2.105734E+00    2.039092E+00    1.581518E+00
    1.000000E-02    6.665105E-01    7.374072E-01    2.084646E+00    2.480429E+00    1.571499E+00
    1.000000E-02    6.665105E-01    7.515434E-01    2.061431E+00    2.956076E+00    1.560401E+00
    1.000000E-02    6.665105E-01    7.665816E-01    2.036418E+00    3.461407E+00    1.548359E+00
    1.000000E-02    6.665105E-01    7.822750E-01    2.009976E+00    3.989326E+00    1.535536E+00
    1.000000E-02    6.665105E-01    7.983657E-01    1.982519E+00    4.547174E+00    1.522116E+00
    1.000000E-02    6.665105E-01    8.145897E-01    1.954493E+00    5.130332E+00    1.508310E+00
    1.000000E-02    6.665105E-01    8.306804E-01    1.926371E+00    5.713644E+00    1.494344E+00
    1.000000E-02    6.665105E-01    8.463738E-01    1.898643E+00    6.287147E+00    1.480461E+00
    1.000000E-02    6.665105E-01    8.614120E-01    1.871806E+00    6.841877E+00    1.466918E+00
    1.000000E-02    6.665105E-01    8.755482E-01    1.846349E+00    7.374295E+00    1.453972E+00
    1.000000E-02    6.665105E-01    8.885503E-01    1.822746E+00    7.872133E+00    1.441881E+00
    1.000000E-02    6.665105E-01    9.002048E-01    1.801442E+00    8.325354E+00    1.430894E+00
    1.000000E-02    6.665105E-01    9.103203E-01    1.782841E+00    8.720100E+00    1.421243E+00
    1.000000E-02    6.665105E-01    9.187307E-01    1.767300E+00    9.049721E+00    1.413138E+00
    1.000000E-02    6.665105E-01    9.252980E-01    1.755118E+00    9.312487E+00    1.406757E+00
    1.000000E-02    6.665105E-01    9.299144E-01    1.746532E+00    9.497197E+00    1.402245E+00
    1.000000E-02    6.665105E-01    9.325052E-01    1.741704E+00    9.600860E+00    1.399703E+00
    1.000000E-02    6.665105E-01    9.398742E-01    1.727941E+00    9.895704E+00    1.392434E+00
    1.000000E-02    6.665105E-01    9.682635E-01    1.674479E+00    1.106014E+01    1.363896E+00
    1.000000E-02    6.665105E-01    1.017464E+00    1.580326E+00    1.314471E+01    1.312392E+00
    1.000000E-02    6.665105E-01    1.084396E+00    1.449659E+00    1.615571E+01    1.237975E+00
    1.000000E-02    6.665105E-01    1.164856E+00    1.289512E+00    2.001052E+01    1.141217E+00
    1.000000E-02    6.665105E-01    1.253787E+00    1.109721E+00    2.458464E+01    1.023221E+00
    1.000000E-02    6.665105E-01    1.345604E+00    9.221342E-01    2.967367E+01    8.852920E-01
    1.000000E-02    6.665105E-01    1.434535E+00    7.394053E-01    3.491909E+01    7.282021E-01
    1.000000E-02    6.665105E-01    1.514995E+00    5.738027E-01    3.995298E+01    5.504048E-01
    1.000000E-02    6.665105E-01    1.581927E+00    4.362114E-01    4.435741E+01    3.401758E-01
    1.000000E-02    6.665105E-01    1.631127E+00    3.353664E-01    4.773774E+01   -1.434031E-01
    1.000000E-02    6.665105E-01    1.659517E+00    2.773577E-01    4.969559E+01   -3.140041E-01
    1.000000E-02    6.665105E-01    1.681639E+00    2.322731E-01    5.128216E+01   -3.988284E-01
    1.000000E-02    6.665105E-01    1.746160E+00    1.015544E-01    5.594896E+01   -5.774594E-01
    1.000000E-02    6.665105E-01    1.857979E+00   -1.208261E-01    6.452238E+01   -7.917330E-01
    1.000000E-02    6.665105E-01    2.010097E+00   -4.079782E-01    7.696801E+01   -9.992365E-01
    1.000000E-02    6.665105E-01    2.192960E+00   -7.084210E-01    9.323345E+01   -1.172262E+00
    1.000000E-02    6.665105E-01    2.395078E+00   -9.432989E-01    1.126998E+02   -1.282461E+00
    1.000000E-02    6.665105E-01    2.603751E+00   -1.045579E+00    1.347646E+02   -1.312035E+00
    1.000000E-02    6.665105E-01    2.805869E+00   -1.018869E+00    1.577844E+02   -1.271904E+00
    1.000000E-02    6.665105E-01    2.988731E+00   -9.089021E-01    1.800776E+02   -1.186218E+00
    1.000000E-02    6.665105E-01    3.140850E+00   -7.607278E-01    1.994021E+02   -1.076588E+00
    1.000000E-02    6.665105E-01    3.252669E+00   -6.283235E-01    2.147599E+02   -9.741850E-01
    1.000000E-02    6.665105E-01    3.317190E+00   -5.487369E-01    2.236215E+02   -9.085926E-01
    1.000000E-02    6.665105E-01    3.404913E+00   -4.431998E-01    2.356698E+02   -8.147458E-01
    1.000000E-02    6.665105E-01    3.712561E+00   -1.620347E-01    2.818224E+02   -4.899965E-01
    1.000000E-02    6.665105E-01    4.261327E+00   -9.578094E-03    3.729380E+02   -1.183255E-01
    1.000000E-02    6.665105E-01    5.044849E+00   -8.947275E-06    5.268083E+02   -3.591329E-03
    1.000000E-02    6.665105E-01    6.057011E+00   -8.980520E-13    7.529913E+02   -1.131313E-06
    1.000000E-02    6.665105E-01    7.294983E+00   -4.573335E-28    1.092249E+03   -2.542557E-14
    1.000000E-02    6.665105E-01    8.762464E+00   -8.405378E-33    1.575890E+03   -1.339441E-16
    1.000000E-02    6.665105E-01    1.047318E+01   -1.889325E-32    2.251287E+03   -1.966265E-16
    1.000000E-02    6.665105E-01    1.245493E+01   -4.032649E-32    3.183872E+03   -2.832895E-16
    1.000000E-02    6.665105E-01    1.475468E+01   -8.281508E-32    4.468201E+03   -4.021463E-16
    1.000000E-02    6.665105E-01    1.744600E+01   -1.658967E-31    6.246905E+03   -5.654503E-16
    1.000000E-02    6.665105E-01    2.064040E+01   -3.287029E-31    8.743986E+03   -7.922292E-16
    1.000000E-02    6.665105E-01    2.450585E+01   -6.533849E-31    1.232574E+04   -1.113192E-15
    1.000000E-02    6.665105E-01    2.929817E+01   -1.322732E-30    1.761790E+04   -1.579980E-15
    1.000000E-02    6.665105E-01    3.541627E+01   -2.773270E-30    2.574417E+04   -2.283635E-15
    1.000000E-02    6.665105E-01    4.350458E+01   -6.141574E-30    3.884573E+04   -3.393876E-15
