
#   rho [fm-3]      T [MeV]      kf [fm-1]       k [fm-1]       Gap(k) [MeV]       auxgap
    2.000000E-02    0.000000E+00    8.397506E-01    0.000000E+00    2.975151E+00
    2.000000E-02    0.000000E+00    8.397506E-01    1.010101E-01    2.962722E+00
    2.000000E-02    0.000000E+00    8.397506E-01    2.020202E-01    2.925610E+00
    2.000000E-02    0.000000E+00    8.397506E-01    3.030303E-01    2.863969E+00
    2.000000E-02    0.000000E+00    8.397506E-01    4.040404E-01    2.778078E+00
    2.000000E-02    0.000000E+00    8.397506E-01    5.050505E-01    2.668461E+00
    2.000000E-02    0.000000E+00    8.397506E-01    6.060606E-01    2.535874E+00
    2.000000E-02    0.000000E+00    8.397506E-01    7.070707E-01    2.381672E+00
    2.000000E-02    0.000000E+00    8.397506E-01    8.080808E-01    2.207724E+00
    2.000000E-02    0.000000E+00    8.397506E-01    9.090909E-01    2.016463E+00
    2.000000E-02    0.000000E+00    8.397506E-01    1.010101E+00    1.810737E+00
    2.000000E-02    0.000000E+00    8.397506E-01    1.111111E+00    1.593560E+00
    2.000000E-02    0.000000E+00    8.397506E-01    1.212121E+00    1.367658E+00
    2.000000E-02    0.000000E+00    8.397506E-01    1.313131E+00    1.135393E+00
    2.000000E-02    0.000000E+00    8.397506E-01    1.414141E+00    8.986876E-01
    2.000000E-02    0.000000E+00    8.397506E-01    1.515152E+00    6.589622E-01
    2.000000E-02    0.000000E+00    8.397506E-01    1.616162E+00    4.174884E-01
    2.000000E-02    0.000000E+00    8.397506E-01    1.717172E+00    1.756649E-01
    2.000000E-02    0.000000E+00    8.397506E-01    1.818182E+00   -6.426569E-02
    2.000000E-02    0.000000E+00    8.397506E-01    1.919192E+00   -2.992193E-01
    2.000000E-02    0.000000E+00    8.397506E-01    2.020202E+00   -5.246347E-01
    2.000000E-02    0.000000E+00    8.397506E-01    2.121212E+00   -7.337010E-01
    2.000000E-02    0.000000E+00    8.397506E-01    2.222222E+00   -9.185686E-01
    2.000000E-02    0.000000E+00    8.397506E-01    2.323232E+00   -1.068984E+00
    2.000000E-02    0.000000E+00    8.397506E-01    2.424242E+00   -1.182254E+00
    2.000000E-02    0.000000E+00    8.397506E-01    2.525253E+00   -1.254046E+00
    2.000000E-02    0.000000E+00    8.397506E-01    2.626263E+00   -1.285547E+00
    2.000000E-02    0.000000E+00    8.397506E-01    2.727273E+00   -1.281340E+00
    2.000000E-02    0.000000E+00    8.397506E-01    2.828283E+00   -1.246250E+00
    2.000000E-02    0.000000E+00    8.397506E-01    2.929293E+00   -1.176757E+00
    2.000000E-02    0.000000E+00    8.397506E-01    3.030303E+00   -1.076376E+00
    2.000000E-02    0.000000E+00    8.397506E-01    3.131313E+00   -9.529842E-01
    2.000000E-02    0.000000E+00    8.397506E-01    3.232323E+00   -8.110303E-01
    2.000000E-02    0.000000E+00    8.397506E-01    3.333333E+00   -6.577685E-01
    2.000000E-02    0.000000E+00    8.397506E-01    3.434343E+00   -5.126212E-01
    2.000000E-02    0.000000E+00    8.397506E-01    3.535354E+00   -3.824769E-01
    2.000000E-02    0.000000E+00    8.397506E-01    3.636364E+00   -2.721917E-01
    2.000000E-02    0.000000E+00    8.397506E-01    3.737374E+00   -1.849986E-01
    2.000000E-02    0.000000E+00    8.397506E-01    3.838384E+00   -1.205571E-01
    2.000000E-02    0.000000E+00    8.397506E-01    3.939394E+00   -7.554559E-02
    2.000000E-02    0.000000E+00    8.397506E-01    4.040404E+00   -4.529472E-02
    2.000000E-02    0.000000E+00    8.397506E-01    4.141414E+00   -2.544269E-02
    2.000000E-02    0.000000E+00    8.397506E-01    4.242424E+00   -1.403046E-02
    2.000000E-02    0.000000E+00    8.397506E-01    4.343434E+00   -8.976205E-03
    2.000000E-02    0.000000E+00    8.397506E-01    4.444444E+00   -5.629613E-03
    2.000000E-02    0.000000E+00    8.397506E-01    4.545455E+00   -2.283021E-03
    2.000000E-02    0.000000E+00    8.397506E-01    4.646465E+00   -1.036467E-03
    2.000000E-02    0.000000E+00    8.397506E-01    4.747475E+00   -8.200157E-04
    2.000000E-02    0.000000E+00    8.397506E-01    4.848485E+00   -6.035647E-04
    2.000000E-02    0.000000E+00    8.397506E-01    4.949495E+00   -3.871137E-04
    2.000000E-02    0.000000E+00    8.397506E-01    5.050505E+00   -1.706626E-04
    2.000000E-02    0.000000E+00    8.397506E-01    5.151515E+00   -5.770263E-06
    2.000000E-02    0.000000E+00    8.397506E-01    5.252525E+00   -5.002828E-06
    2.000000E-02    0.000000E+00    8.397506E-01    5.353535E+00   -4.235392E-06
    2.000000E-02    0.000000E+00    8.397506E-01    5.454545E+00   -3.467957E-06
    2.000000E-02    0.000000E+00    8.397506E-01    5.555556E+00   -2.700522E-06
    2.000000E-02    0.000000E+00    8.397506E-01    5.656566E+00   -1.933087E-06
    2.000000E-02    0.000000E+00    8.397506E-01    5.757576E+00   -1.165651E-06
    2.000000E-02    0.000000E+00    8.397506E-01    5.858586E+00   -3.982160E-07
    2.000000E-02    0.000000E+00    8.397506E-01    5.959596E+00   -1.755544E-09
    2.000000E-02    0.000000E+00    8.397506E-01    6.060606E+00   -1.571432E-09
    2.000000E-02    0.000000E+00    8.397506E-01    6.161616E+00   -1.387320E-09
    2.000000E-02    0.000000E+00    8.397506E-01    6.262626E+00   -1.203208E-09
    2.000000E-02    0.000000E+00    8.397506E-01    6.363636E+00   -1.019096E-09
    2.000000E-02    0.000000E+00    8.397506E-01    6.464646E+00   -8.349835E-10
    2.000000E-02    0.000000E+00    8.397506E-01    6.565657E+00   -6.508715E-10
    2.000000E-02    0.000000E+00    8.397506E-01    6.666667E+00   -4.667594E-10
    2.000000E-02    0.000000E+00    8.397506E-01    6.767677E+00   -2.826474E-10
    2.000000E-02    0.000000E+00    8.397506E-01    6.868687E+00   -9.853531E-11
    2.000000E-02    0.000000E+00    8.397506E-01    6.969697E+00   -2.024724E-15
    2.000000E-02    0.000000E+00    8.397506E-01    7.070707E+00   -1.852977E-15
    2.000000E-02    0.000000E+00    8.397506E-01    7.171717E+00   -1.681231E-15
    2.000000E-02    0.000000E+00    8.397506E-01    7.272727E+00   -1.509484E-15
    2.000000E-02    0.000000E+00    8.397506E-01    7.373737E+00   -1.337737E-15
    2.000000E-02    0.000000E+00    8.397506E-01    7.474747E+00   -1.165990E-15
    2.000000E-02    0.000000E+00    8.397506E-01    7.575758E+00   -9.942436E-16
    2.000000E-02    0.000000E+00    8.397506E-01    7.676768E+00   -8.224968E-16
    2.000000E-02    0.000000E+00    8.397506E-01    7.777778E+00   -6.507500E-16
    2.000000E-02    0.000000E+00    8.397506E-01    7.878788E+00   -4.790033E-16
    2.000000E-02    0.000000E+00    8.397506E-01    7.979798E+00   -3.072565E-16
    2.000000E-02    0.000000E+00    8.397506E-01    8.080808E+00   -1.355097E-16
    2.000000E-02    0.000000E+00    8.397506E-01    8.181818E+00   -5.257676E-27
    2.000000E-02    0.000000E+00    8.397506E-01    8.282828E+00   -4.890382E-27
    2.000000E-02    0.000000E+00    8.397506E-01    8.383838E+00   -4.523088E-27
    2.000000E-02    0.000000E+00    8.397506E-01    8.484848E+00   -4.155794E-27
    2.000000E-02    0.000000E+00    8.397506E-01    8.585859E+00   -3.788500E-27
    2.000000E-02    0.000000E+00    8.397506E-01    8.686869E+00   -3.421207E-27
    2.000000E-02    0.000000E+00    8.397506E-01    8.787879E+00   -3.053913E-27
    2.000000E-02    0.000000E+00    8.397506E-01    8.888889E+00   -2.686619E-27
    2.000000E-02    0.000000E+00    8.397506E-01    8.989899E+00   -2.319325E-27
    2.000000E-02    0.000000E+00    8.397506E-01    9.090909E+00   -1.952031E-27
    2.000000E-02    0.000000E+00    8.397506E-01    9.191919E+00   -1.584737E-27
    2.000000E-02    0.000000E+00    8.397506E-01    9.292929E+00   -1.217443E-27
    2.000000E-02    0.000000E+00    8.397506E-01    9.393939E+00   -8.501496E-28
    2.000000E-02    0.000000E+00    8.397506E-01    9.494949E+00   -4.828557E-28
    2.000000E-02    0.000000E+00    8.397506E-01    9.595960E+00   -1.155619E-28
    2.000000E-02    0.000000E+00    8.397506E-01    9.696970E+00   -1.654697E-32
    2.000000E-02    0.000000E+00    8.397506E-01    9.797980E+00   -1.754936E-32
    2.000000E-02    0.000000E+00    8.397506E-01    9.898990E+00   -1.855175E-32
    2.000000E-02    0.000000E+00    8.397506E-01    1.000000E+01   -1.955415E-32

    2.000000E-02    4.000000E-01    8.397506E-01    0.000000E+00    2.626622E+00
    2.000000E-02    4.000000E-01    8.397506E-01    1.010101E-01    2.615712E+00
    2.000000E-02    4.000000E-01    8.397506E-01    2.020202E-01    2.583131E+00
    2.000000E-02    4.000000E-01    8.397506E-01    3.030303E-01    2.529014E+00
    2.000000E-02    4.000000E-01    8.397506E-01    4.040404E-01    2.453597E+00
    2.000000E-02    4.000000E-01    8.397506E-01    5.050505E-01    2.357326E+00
    2.000000E-02    4.000000E-01    8.397506E-01    6.060606E-01    2.240838E+00
    2.000000E-02    4.000000E-01    8.397506E-01    7.070707E-01    2.105284E+00
    2.000000E-02    4.000000E-01    8.397506E-01    8.080808E-01    1.952260E+00
    2.000000E-02    4.000000E-01    8.397506E-01    9.090909E-01    1.783856E+00
    2.000000E-02    4.000000E-01    8.397506E-01    1.010101E+00    1.602539E+00
    2.000000E-02    4.000000E-01    8.397506E-01    1.111111E+00    1.410943E+00
    2.000000E-02    4.000000E-01    8.397506E-01    1.212121E+00    1.211466E+00
    2.000000E-02    4.000000E-01    8.397506E-01    1.313131E+00    1.006199E+00
    2.000000E-02    4.000000E-01    8.397506E-01    1.414141E+00    7.968519E-01
    2.000000E-02    4.000000E-01    8.397506E-01    1.515152E+00    5.846887E-01
    2.000000E-02    4.000000E-01    8.397506E-01    1.616162E+00    3.708433E-01
    2.000000E-02    4.000000E-01    8.397506E-01    1.717172E+00    1.565533E-01
    2.000000E-02    4.000000E-01    8.397506E-01    1.818182E+00   -5.618630E-02
    2.000000E-02    4.000000E-01    8.397506E-01    1.919192E+00   -2.646277E-01
    2.000000E-02    4.000000E-01    8.397506E-01    2.020202E+00   -4.647134E-01
    2.000000E-02    4.000000E-01    8.397506E-01    2.121212E+00   -6.503849E-01
    2.000000E-02    4.000000E-01    8.397506E-01    2.222222E+00   -8.146522E-01
    2.000000E-02    4.000000E-01    8.397506E-01    2.323232E+00   -9.483902E-01
    2.000000E-02    4.000000E-01    8.397506E-01    2.424242E+00   -1.049178E+00
    2.000000E-02    4.000000E-01    8.397506E-01    2.525253E+00   -1.113149E+00
    2.000000E-02    4.000000E-01    8.397506E-01    2.626263E+00   -1.141337E+00
    2.000000E-02    4.000000E-01    8.397506E-01    2.727273E+00   -1.137798E+00
    2.000000E-02    4.000000E-01    8.397506E-01    2.828283E+00   -1.106807E+00
    2.000000E-02    4.000000E-01    8.397506E-01    2.929293E+00   -1.045220E+00
    2.000000E-02    4.000000E-01    8.397506E-01    3.030303E+00   -9.561568E-01
    2.000000E-02    4.000000E-01    8.397506E-01    3.131313E+00   -8.466205E-01
    2.000000E-02    4.000000E-01    8.397506E-01    3.232323E+00   -7.205658E-01
    2.000000E-02    4.000000E-01    8.397506E-01    3.333333E+00   -5.844347E-01
    2.000000E-02    4.000000E-01    8.397506E-01    3.434343E+00   -4.554924E-01
    2.000000E-02    4.000000E-01    8.397506E-01    3.535354E+00   -3.398677E-01
    2.000000E-02    4.000000E-01    8.397506E-01    3.636364E+00   -2.418786E-01
    2.000000E-02    4.000000E-01    8.397506E-01    3.737374E+00   -1.644016E-01
    2.000000E-02    4.000000E-01    8.397506E-01    3.838384E+00   -1.071377E-01
    2.000000E-02    4.000000E-01    8.397506E-01    3.939394E+00   -6.713784E-02
    2.000000E-02    4.000000E-01    8.397506E-01    4.040404E+00   -4.025430E-02
    2.000000E-02    4.000000E-01    8.397506E-01    4.141414E+00   -2.261166E-02
    2.000000E-02    4.000000E-01    8.397506E-01    4.242424E+00   -1.246934E-02
    2.000000E-02    4.000000E-01    8.397506E-01    4.343434E+00   -7.977457E-03
    2.000000E-02    4.000000E-01    8.397506E-01    4.444444E+00   -5.003220E-03
    2.000000E-02    4.000000E-01    8.397506E-01    4.545455E+00   -2.028983E-03
    2.000000E-02    4.000000E-01    8.397506E-01    4.646465E+00   -9.211268E-04
    2.000000E-02    4.000000E-01    8.397506E-01    4.747475E+00   -7.287624E-04
    2.000000E-02    4.000000E-01    8.397506E-01    4.848485E+00   -5.363980E-04
    2.000000E-02    4.000000E-01    8.397506E-01    4.949495E+00   -3.440336E-04
    2.000000E-02    4.000000E-01    8.397506E-01    5.050505E+00   -1.516692E-04
    2.000000E-02    4.000000E-01    8.397506E-01    5.151515E+00   -5.126152E-06
    2.000000E-02    4.000000E-01    8.397506E-01    5.252525E+00   -4.444382E-06
    2.000000E-02    4.000000E-01    8.397506E-01    5.353535E+00   -3.762612E-06
    2.000000E-02    4.000000E-01    8.397506E-01    5.454545E+00   -3.080842E-06
    2.000000E-02    4.000000E-01    8.397506E-01    5.555556E+00   -2.399072E-06
    2.000000E-02    4.000000E-01    8.397506E-01    5.656566E+00   -1.717301E-06
    2.000000E-02    4.000000E-01    8.397506E-01    5.757576E+00   -1.035531E-06
    2.000000E-02    4.000000E-01    8.397506E-01    5.858586E+00   -3.537611E-07
    2.000000E-02    4.000000E-01    8.397506E-01    5.959596E+00   -1.555803E-09
    2.000000E-02    4.000000E-01    8.397506E-01    6.060606E+00   -1.392639E-09
    2.000000E-02    4.000000E-01    8.397506E-01    6.161616E+00   -1.229475E-09
    2.000000E-02    4.000000E-01    8.397506E-01    6.262626E+00   -1.066310E-09
    2.000000E-02    4.000000E-01    8.397506E-01    6.363636E+00   -9.031460E-10
    2.000000E-02    4.000000E-01    8.397506E-01    6.464646E+00   -7.399817E-10
    2.000000E-02    4.000000E-01    8.397506E-01    6.565657E+00   -5.768173E-10
    2.000000E-02    4.000000E-01    8.397506E-01    6.666667E+00   -4.136530E-10
    2.000000E-02    4.000000E-01    8.397506E-01    6.767677E+00   -2.504886E-10
    2.000000E-02    4.000000E-01    8.397506E-01    6.868687E+00   -8.732426E-11
    2.000000E-02    4.000000E-01    8.397506E-01    6.969697E+00   -1.789633E-15
    2.000000E-02    4.000000E-01    8.397506E-01    7.070707E+00   -1.637828E-15
    2.000000E-02    4.000000E-01    8.397506E-01    7.171717E+00   -1.486023E-15
    2.000000E-02    4.000000E-01    8.397506E-01    7.272727E+00   -1.334218E-15
    2.000000E-02    4.000000E-01    8.397506E-01    7.373737E+00   -1.182412E-15
    2.000000E-02    4.000000E-01    8.397506E-01    7.474747E+00   -1.030607E-15
    2.000000E-02    4.000000E-01    8.397506E-01    7.575758E+00   -8.788020E-16
    2.000000E-02    4.000000E-01    8.397506E-01    7.676768E+00   -7.269967E-16
    2.000000E-02    4.000000E-01    8.397506E-01    7.777778E+00   -5.751915E-16
    2.000000E-02    4.000000E-01    8.397506E-01    7.878788E+00   -4.233862E-16
    2.000000E-02    4.000000E-01    8.397506E-01    7.979798E+00   -2.715810E-16
    2.000000E-02    4.000000E-01    8.397506E-01    8.080808E+00   -1.197757E-16
    2.000000E-02    4.000000E-01    8.397506E-01    8.181818E+00   -4.629433E-27
    2.000000E-02    4.000000E-01    8.397506E-01    8.282828E+00   -4.306027E-27
    2.000000E-02    4.000000E-01    8.397506E-01    8.383838E+00   -3.982622E-27
    2.000000E-02    4.000000E-01    8.397506E-01    8.484848E+00   -3.659216E-27
    2.000000E-02    4.000000E-01    8.397506E-01    8.585859E+00   -3.335810E-27
    2.000000E-02    4.000000E-01    8.397506E-01    8.686869E+00   -3.012405E-27
    2.000000E-02    4.000000E-01    8.397506E-01    8.787879E+00   -2.688999E-27
    2.000000E-02    4.000000E-01    8.397506E-01    8.888889E+00   -2.365593E-27
    2.000000E-02    4.000000E-01    8.397506E-01    8.989899E+00   -2.042187E-27
    2.000000E-02    4.000000E-01    8.397506E-01    9.090909E+00   -1.718782E-27
    2.000000E-02    4.000000E-01    8.397506E-01    9.191919E+00   -1.395376E-27
    2.000000E-02    4.000000E-01    8.397506E-01    9.292929E+00   -1.071970E-27
    2.000000E-02    4.000000E-01    8.397506E-01    9.393939E+00   -7.485648E-28
    2.000000E-02    4.000000E-01    8.397506E-01    9.494949E+00   -4.251591E-28
    2.000000E-02    4.000000E-01    8.397506E-01    9.595960E+00   -1.017534E-28
    2.000000E-02    4.000000E-01    8.397506E-01    9.696970E+00   -1.469962E-32
    2.000000E-02    4.000000E-01    8.397506E-01    9.797980E+00   -1.558998E-32
    2.000000E-02    4.000000E-01    8.397506E-01    9.898990E+00   -1.648033E-32
    2.000000E-02    4.000000E-01    8.397506E-01    1.000000E+01   -1.737068E-32

    2.000000E-02    6.000000E-01    8.397506E-01    0.000000E+00    2.127211E+00
    2.000000E-02    6.000000E-01    8.397506E-01    1.010101E-01    2.118364E+00
    2.000000E-02    6.000000E-01    8.397506E-01    2.020202E-01    2.091946E+00
    2.000000E-02    6.000000E-01    8.397506E-01    3.030303E-01    2.048068E+00
    2.000000E-02    6.000000E-01    8.397506E-01    4.040404E-01    1.986923E+00
    2.000000E-02    6.000000E-01    8.397506E-01    5.050505E-01    1.908876E+00
    2.000000E-02    6.000000E-01    8.397506E-01    6.060606E-01    1.814453E+00
    2.000000E-02    6.000000E-01    8.397506E-01    7.070707E-01    1.704594E+00
    2.000000E-02    6.000000E-01    8.397506E-01    8.080808E-01    1.580600E+00
    2.000000E-02    6.000000E-01    8.397506E-01    9.090909E-01    1.444170E+00
    2.000000E-02    6.000000E-01    8.397506E-01    1.010101E+00    1.297307E+00
    2.000000E-02    6.000000E-01    8.397506E-01    1.111111E+00    1.142143E+00
    2.000000E-02    6.000000E-01    8.397506E-01    1.212121E+00    9.806169E-01
    2.000000E-02    6.000000E-01    8.397506E-01    1.313131E+00    8.144199E-01
    2.000000E-02    6.000000E-01    8.397506E-01    1.414141E+00    6.449336E-01
    2.000000E-02    6.000000E-01    8.397506E-01    1.515152E+00    4.731806E-01
    2.000000E-02    6.000000E-01    8.397506E-01    1.616162E+00    3.000779E-01
    2.000000E-02    6.000000E-01    8.397506E-01    1.717172E+00    1.266279E-01
    2.000000E-02    6.000000E-01    8.397506E-01    1.818182E+00   -4.555549E-02
    2.000000E-02    6.000000E-01    8.397506E-01    1.919192E+00   -2.142492E-01
    2.000000E-02    6.000000E-01    8.397506E-01    2.020202E+00   -3.761704E-01
    2.000000E-02    6.000000E-01    8.397506E-01    2.121212E+00   -5.264174E-01
    2.000000E-02    6.000000E-01    8.397506E-01    2.222222E+00   -6.593356E-01
    2.000000E-02    6.000000E-01    8.397506E-01    2.323232E+00   -7.675425E-01
    2.000000E-02    6.000000E-01    8.397506E-01    2.424242E+00   -8.490820E-01
    2.000000E-02    6.000000E-01    8.397506E-01    2.525253E+00   -9.008275E-01
    2.000000E-02    6.000000E-01    8.397506E-01    2.626263E+00   -9.236165E-01
    2.000000E-02    6.000000E-01    8.397506E-01    2.727273E+00   -9.207330E-01
    2.000000E-02    6.000000E-01    8.397506E-01    2.828283E+00   -8.956377E-01
    2.000000E-02    6.000000E-01    8.397506E-01    2.929293E+00   -8.457887E-01
    2.000000E-02    6.000000E-01    8.397506E-01    3.030303E+00   -7.737095E-01
    2.000000E-02    6.000000E-01    8.397506E-01    3.131313E+00   -6.850670E-01
    2.000000E-02    6.000000E-01    8.397506E-01    3.232323E+00   -5.830608E-01
    2.000000E-02    6.000000E-01    8.397506E-01    3.333333E+00   -4.729041E-01
    2.000000E-02    6.000000E-01    8.397506E-01    3.434343E+00   -3.685662E-01
    2.000000E-02    6.000000E-01    8.397506E-01    3.535354E+00   -2.750058E-01
    2.000000E-02    6.000000E-01    8.397506E-01    3.636364E+00   -1.957164E-01
    2.000000E-02    6.000000E-01    8.397506E-01    3.737374E+00   -1.330252E-01
    2.000000E-02    6.000000E-01    8.397506E-01    3.838384E+00   -8.668989E-02
    2.000000E-02    6.000000E-01    8.397506E-01    3.939394E+00   -5.432408E-02
    2.000000E-02    6.000000E-01    8.397506E-01    4.040404E+00   -3.257140E-02
    2.000000E-02    6.000000E-01    8.397506E-01    4.141414E+00   -1.829598E-02
    2.000000E-02    6.000000E-01    8.397506E-01    4.242424E+00   -1.008942E-02
    2.000000E-02    6.000000E-01    8.397506E-01    4.343434E+00   -6.454866E-03
    2.000000E-02    6.000000E-01    8.397506E-01    4.444444E+00   -4.048297E-03
    2.000000E-02    6.000000E-01    8.397506E-01    4.545455E+00   -1.641727E-03
    2.000000E-02    6.000000E-01    8.397506E-01    4.646465E+00   -7.453184E-04
    2.000000E-02    6.000000E-01    8.397506E-01    4.747475E+00   -5.896692E-04
    2.000000E-02    6.000000E-01    8.397506E-01    4.848485E+00   -4.340199E-04
    2.000000E-02    6.000000E-01    8.397506E-01    4.949495E+00   -2.783706E-04
    2.000000E-02    6.000000E-01    8.397506E-01    5.050505E+00   -1.227214E-04
    2.000000E-02    6.000000E-01    8.397506E-01    5.151515E+00   -4.147842E-06
    2.000000E-02    6.000000E-01    8.397506E-01    5.252525E+00   -3.596185E-06
    2.000000E-02    6.000000E-01    8.397506E-01    5.353535E+00   -3.044529E-06
    2.000000E-02    6.000000E-01    8.397506E-01    5.454545E+00   -2.492873E-06
    2.000000E-02    6.000000E-01    8.397506E-01    5.555556E+00   -1.941216E-06
    2.000000E-02    6.000000E-01    8.397506E-01    5.656566E+00   -1.389560E-06
    2.000000E-02    6.000000E-01    8.397506E-01    5.757576E+00   -8.379035E-07
    2.000000E-02    6.000000E-01    8.397506E-01    5.858586E+00   -2.862471E-07
    2.000000E-02    6.000000E-01    8.397506E-01    5.959596E+00   -1.259154E-09
    2.000000E-02    6.000000E-01    8.397506E-01    6.060606E+00   -1.127101E-09
    2.000000E-02    6.000000E-01    8.397506E-01    6.161616E+00   -9.950475E-10
    2.000000E-02    6.000000E-01    8.397506E-01    6.262626E+00   -8.629942E-10
    2.000000E-02    6.000000E-01    8.397506E-01    6.363636E+00   -7.309408E-10
    2.000000E-02    6.000000E-01    8.397506E-01    6.464646E+00   -5.988874E-10
    2.000000E-02    6.000000E-01    8.397506E-01    6.565657E+00   -4.668340E-10
    2.000000E-02    6.000000E-01    8.397506E-01    6.666667E+00   -3.347807E-10
    2.000000E-02    6.000000E-01    8.397506E-01    6.767677E+00   -2.027273E-10
    2.000000E-02    6.000000E-01    8.397506E-01    6.868687E+00   -7.067391E-11
    2.000000E-02    6.000000E-01    8.397506E-01    6.969697E+00   -1.448897E-15
    2.000000E-02    6.000000E-01    8.397506E-01    7.070707E+00   -1.325995E-15
    2.000000E-02    6.000000E-01    8.397506E-01    7.171717E+00   -1.203092E-15
    2.000000E-02    6.000000E-01    8.397506E-01    7.272727E+00   -1.080190E-15
    2.000000E-02    6.000000E-01    8.397506E-01    7.373737E+00   -9.572877E-16
    2.000000E-02    6.000000E-01    8.397506E-01    7.474747E+00   -8.343853E-16
    2.000000E-02    6.000000E-01    8.397506E-01    7.575758E+00   -7.114829E-16
    2.000000E-02    6.000000E-01    8.397506E-01    7.676768E+00   -5.885806E-16
    2.000000E-02    6.000000E-01    8.397506E-01    7.777778E+00   -4.656782E-16
    2.000000E-02    6.000000E-01    8.397506E-01    7.878788E+00   -3.427758E-16
    2.000000E-02    6.000000E-01    8.397506E-01    7.979798E+00   -2.198735E-16
    2.000000E-02    6.000000E-01    8.397506E-01    8.080808E+00   -9.697108E-17
    2.000000E-02    6.000000E-01    8.397506E-01    8.181818E+00   -3.750218E-27
    2.000000E-02    6.000000E-01    8.397506E-01    8.282828E+00   -3.488233E-27
    2.000000E-02    6.000000E-01    8.397506E-01    8.383838E+00   -3.226248E-27
    2.000000E-02    6.000000E-01    8.397506E-01    8.484848E+00   -2.964263E-27
    2.000000E-02    6.000000E-01    8.397506E-01    8.585859E+00   -2.702278E-27
    2.000000E-02    6.000000E-01    8.397506E-01    8.686869E+00   -2.440293E-27
    2.000000E-02    6.000000E-01    8.397506E-01    8.787879E+00   -2.178308E-27
    2.000000E-02    6.000000E-01    8.397506E-01    8.888889E+00   -1.916323E-27
    2.000000E-02    6.000000E-01    8.397506E-01    8.989899E+00   -1.654338E-27
    2.000000E-02    6.000000E-01    8.397506E-01    9.090909E+00   -1.392353E-27
    2.000000E-02    6.000000E-01    8.397506E-01    9.191919E+00   -1.130368E-27
    2.000000E-02    6.000000E-01    8.397506E-01    9.292929E+00   -8.683833E-28
    2.000000E-02    6.000000E-01    8.397506E-01    9.393939E+00   -6.063984E-28
    2.000000E-02    6.000000E-01    8.397506E-01    9.494949E+00   -3.444135E-28
    2.000000E-02    6.000000E-01    8.397506E-01    9.595960E+00   -8.242856E-29
    2.000000E-02    6.000000E-01    8.397506E-01    9.696970E+00   -1.189453E-32
    2.000000E-02    6.000000E-01    8.397506E-01    9.797980E+00   -1.261500E-32
    2.000000E-02    6.000000E-01    8.397506E-01    9.898990E+00   -1.333546E-32
    2.000000E-02    6.000000E-01    8.397506E-01    1.000000E+01   -1.405593E-32

    2.000000E-02    8.000000E-01    8.397506E-01    0.000000E+00    1.095346E+00
    2.000000E-02    8.000000E-01    8.397506E-01    1.010101E-01    1.090783E+00
    2.000000E-02    8.000000E-01    8.397506E-01    2.020202E-01    1.077158E+00
    2.000000E-02    8.000000E-01    8.397506E-01    3.030303E-01    1.054529E+00
    2.000000E-02    8.000000E-01    8.397506E-01    4.040404E-01    1.022996E+00
    2.000000E-02    8.000000E-01    8.397506E-01    5.050505E-01    9.827525E-01
    2.000000E-02    8.000000E-01    8.397506E-01    6.060606E-01    9.340729E-01
    2.000000E-02    8.000000E-01    8.397506E-01    7.070707E-01    8.774479E-01
    2.000000E-02    8.000000E-01    8.397506E-01    8.080808E-01    8.135541E-01
    2.000000E-02    8.000000E-01    8.397506E-01    9.090909E-01    7.432715E-01
    2.000000E-02    8.000000E-01    8.397506E-01    1.010101E+00    6.676329E-01
    2.000000E-02    8.000000E-01    8.397506E-01    1.111111E+00    5.877366E-01
    2.000000E-02    8.000000E-01    8.397506E-01    1.212121E+00    5.045793E-01
    2.000000E-02    8.000000E-01    8.397506E-01    1.313131E+00    4.190298E-01
    2.000000E-02    8.000000E-01    8.397506E-01    1.414141E+00    3.317978E-01
    2.000000E-02    8.000000E-01    8.397506E-01    1.515152E+00    2.434087E-01
    2.000000E-02    8.000000E-01    8.397506E-01    1.616162E+00    1.543341E-01
    2.000000E-02    8.000000E-01    8.397506E-01    1.717172E+00    6.508978E-02
    2.000000E-02    8.000000E-01    8.397506E-01    1.818182E+00   -2.349413E-02
    2.000000E-02    8.000000E-01    8.397506E-01    1.919192E+00   -1.102748E-01
    2.000000E-02    8.000000E-01    8.397506E-01    2.020202E+00   -1.935641E-01
    2.000000E-02    8.000000E-01    8.397506E-01    2.121212E+00   -2.708415E-01
    2.000000E-02    8.000000E-01    8.397506E-01    2.222222E+00   -3.392000E-01
    2.000000E-02    8.000000E-01    8.397506E-01    2.323232E+00   -3.948438E-01
    2.000000E-02    8.000000E-01    8.397506E-01    2.424242E+00   -4.367688E-01
    2.000000E-02    8.000000E-01    8.397506E-01    2.525253E+00   -4.633682E-01
    2.000000E-02    8.000000E-01    8.397506E-01    2.626263E+00   -4.750743E-01
    2.000000E-02    8.000000E-01    8.397506E-01    2.727273E+00   -4.735772E-01
    2.000000E-02    8.000000E-01    8.397506E-01    2.828283E+00   -4.606576E-01
    2.000000E-02    8.000000E-01    8.397506E-01    2.929293E+00   -4.350093E-01
    2.000000E-02    8.000000E-01    8.397506E-01    3.030303E+00   -3.979304E-01
    2.000000E-02    8.000000E-01    8.397506E-01    3.131313E+00   -3.523350E-01
    2.000000E-02    8.000000E-01    8.397506E-01    3.232323E+00   -2.998686E-01
    2.000000E-02    8.000000E-01    8.397506E-01    3.333333E+00   -2.432124E-01
    2.000000E-02    8.000000E-01    8.397506E-01    3.434343E+00   -1.895503E-01
    2.000000E-02    8.000000E-01    8.397506E-01    3.535354E+00   -1.414319E-01
    2.000000E-02    8.000000E-01    8.397506E-01    3.636364E+00   -1.006536E-01
    2.000000E-02    8.000000E-01    8.397506E-01    3.737374E+00   -6.841217E-02
    2.000000E-02    8.000000E-01    8.397506E-01    3.838384E+00   -4.458265E-02
    2.000000E-02    8.000000E-01    8.397506E-01    3.939394E+00   -2.793754E-02
    2.000000E-02    8.000000E-01    8.397506E-01    4.040404E+00   -1.675062E-02
    2.000000E-02    8.000000E-01    8.397506E-01    4.141414E+00   -9.409124E-03
    2.000000E-02    8.000000E-01    8.397506E-01    4.242424E+00   -5.188708E-03
    2.000000E-02    8.000000E-01    8.397506E-01    4.343434E+00   -3.319555E-03
    2.000000E-02    8.000000E-01    8.397506E-01    4.444444E+00   -2.081924E-03
    2.000000E-02    8.000000E-01    8.397506E-01    4.545455E+00   -8.442936E-04
    2.000000E-02    8.000000E-01    8.397506E-01    4.646465E+00   -3.832960E-04
    2.000000E-02    8.000000E-01    8.397506E-01    4.747475E+00   -3.032500E-04
    2.000000E-02    8.000000E-01    8.397506E-01    4.848485E+00   -2.232041E-04
    2.000000E-02    8.000000E-01    8.397506E-01    4.949495E+00   -1.431581E-04
    2.000000E-02    8.000000E-01    8.397506E-01    5.050505E+00   -6.311216E-05
    2.000000E-02    8.000000E-01    8.397506E-01    5.151515E+00   -2.133183E-06
    2.000000E-02    8.000000E-01    8.397506E-01    5.252525E+00   -1.849473E-06
    2.000000E-02    8.000000E-01    8.397506E-01    5.353535E+00   -1.565763E-06
    2.000000E-02    8.000000E-01    8.397506E-01    5.454545E+00   -1.282053E-06
    2.000000E-02    8.000000E-01    8.397506E-01    5.555556E+00   -9.983432E-07
    2.000000E-02    8.000000E-01    8.397506E-01    5.656566E+00   -7.146333E-07
    2.000000E-02    8.000000E-01    8.397506E-01    5.757576E+00   -4.309234E-07
    2.000000E-02    8.000000E-01    8.397506E-01    5.858586E+00   -1.472135E-07
    2.000000E-02    8.000000E-01    8.397506E-01    5.959596E+00   -6.477723E-10
    2.000000E-02    8.000000E-01    8.397506E-01    6.060606E+00   -5.798374E-10
    2.000000E-02    8.000000E-01    8.397506E-01    6.161616E+00   -5.119025E-10
    2.000000E-02    8.000000E-01    8.397506E-01    6.262626E+00   -4.439676E-10
    2.000000E-02    8.000000E-01    8.397506E-01    6.363636E+00   -3.760327E-10
    2.000000E-02    8.000000E-01    8.397506E-01    6.464646E+00   -3.080978E-10
    2.000000E-02    8.000000E-01    8.397506E-01    6.565657E+00   -2.401629E-10
    2.000000E-02    8.000000E-01    8.397506E-01    6.666667E+00   -1.722280E-10
    2.000000E-02    8.000000E-01    8.397506E-01    6.767677E+00   -1.042931E-10
    2.000000E-02    8.000000E-01    8.397506E-01    6.868687E+00   -3.635821E-11
    2.000000E-02    8.000000E-01    8.397506E-01    6.969697E+00   -7.457458E-16
    2.000000E-02    8.000000E-01    8.397506E-01    7.070707E+00   -6.824881E-16
    2.000000E-02    8.000000E-01    8.397506E-01    7.171717E+00   -6.192303E-16
    2.000000E-02    8.000000E-01    8.397506E-01    7.272727E+00   -5.559726E-16
    2.000000E-02    8.000000E-01    8.397506E-01    7.373737E+00   -4.927149E-16
    2.000000E-02    8.000000E-01    8.397506E-01    7.474747E+00   -4.294572E-16
    2.000000E-02    8.000000E-01    8.397506E-01    7.575758E+00   -3.661995E-16
    2.000000E-02    8.000000E-01    8.397506E-01    7.676768E+00   -3.029418E-16
    2.000000E-02    8.000000E-01    8.397506E-01    7.777778E+00   -2.396841E-16
    2.000000E-02    8.000000E-01    8.397506E-01    7.878788E+00   -1.764263E-16
    2.000000E-02    8.000000E-01    8.397506E-01    7.979798E+00   -1.131686E-16
    2.000000E-02    8.000000E-01    8.397506E-01    8.080808E+00   -4.991091E-17
    2.000000E-02    8.000000E-01    8.397506E-01    8.181818E+00   -1.931804E-27
    2.000000E-02    8.000000E-01    8.397506E-01    8.282828E+00   -1.796851E-27
    2.000000E-02    8.000000E-01    8.397506E-01    8.383838E+00   -1.661898E-27
    2.000000E-02    8.000000E-01    8.397506E-01    8.484848E+00   -1.526945E-27
    2.000000E-02    8.000000E-01    8.397506E-01    8.585859E+00   -1.391992E-27
    2.000000E-02    8.000000E-01    8.397506E-01    8.686869E+00   -1.257038E-27
    2.000000E-02    8.000000E-01    8.397506E-01    8.787879E+00   -1.122085E-27
    2.000000E-02    8.000000E-01    8.397506E-01    8.888889E+00   -9.871322E-28
    2.000000E-02    8.000000E-01    8.397506E-01    8.989899E+00   -8.521791E-28
    2.000000E-02    8.000000E-01    8.397506E-01    9.090909E+00   -7.172260E-28
    2.000000E-02    8.000000E-01    8.397506E-01    9.191919E+00   -5.822729E-28
    2.000000E-02    8.000000E-01    8.397506E-01    9.292929E+00   -4.473198E-28
    2.000000E-02    8.000000E-01    8.397506E-01    9.393939E+00   -3.123666E-28
    2.000000E-02    8.000000E-01    8.397506E-01    9.494949E+00   -1.774135E-28
    2.000000E-02    8.000000E-01    8.397506E-01    9.595960E+00   -4.246041E-29
    2.000000E-02    8.000000E-01    8.397506E-01    9.696970E+00   -6.117374E-33
    2.000000E-02    8.000000E-01    8.397506E-01    9.797980E+00   -6.487920E-33
    2.000000E-02    8.000000E-01    8.397506E-01    9.898990E+00   -6.858466E-33
    2.000000E-02    8.000000E-01    8.397506E-01    1.000000E+01   -7.229012E-33

    2.000000E-02    9.000000E-01    8.397506E-01    0.000000E+00    9.323259E-06
    2.000000E-02    9.000000E-01    8.397506E-01    1.010101E-01    9.284422E-06
    2.000000E-02    9.000000E-01    8.397506E-01    2.020202E-01    9.168456E-06
    2.000000E-02    9.000000E-01    8.397506E-01    3.030303E-01    8.975870E-06
    2.000000E-02    9.000000E-01    8.397506E-01    4.040404E-01    8.707550E-06
    2.000000E-02    9.000000E-01    8.397506E-01    5.050505E-01    8.365170E-06
    2.000000E-02    9.000000E-01    8.397506E-01    6.060606E-01    7.951110E-06
    2.000000E-02    9.000000E-01    8.397506E-01    7.070707E-01    7.469586E-06
    2.000000E-02    9.000000E-01    8.397506E-01    8.080808E-01    6.926381E-06
    2.000000E-02    9.000000E-01    8.397506E-01    9.090909E-01    6.328980E-06
    2.000000E-02    9.000000E-01    8.397506E-01    1.010101E+00    5.686138E-06
    2.000000E-02    9.000000E-01    8.397506E-01    1.111111E+00    5.007149E-06
    2.000000E-02    9.000000E-01    8.397506E-01    1.212121E+00    4.300440E-06
    2.000000E-02    9.000000E-01    8.397506E-01    1.313131E+00    3.573357E-06
    2.000000E-02    9.000000E-01    8.397506E-01    1.414141E+00    2.831910E-06
    2.000000E-02    9.000000E-01    8.397506E-01    1.515152E+00    2.080556E-06
    2.000000E-02    9.000000E-01    8.397506E-01    1.616162E+00    1.323299E-06
    2.000000E-02    9.000000E-01    8.397506E-01    1.717172E+00    5.645214E-07
    2.000000E-02    9.000000E-01    8.397506E-01    1.818182E+00   -1.887188E-07
    2.000000E-02    9.000000E-01    8.397506E-01    1.919192E+00   -9.267026E-07
    2.000000E-02    9.000000E-01    8.397506E-01    2.020202E+00   -1.635079E-06
    2.000000E-02    9.000000E-01    8.397506E-01    2.121212E+00   -2.292424E-06
    2.000000E-02    9.000000E-01    8.397506E-01    2.222222E+00   -2.874020E-06
    2.000000E-02    9.000000E-01    8.397506E-01    2.323232E+00   -3.347603E-06
    2.000000E-02    9.000000E-01    8.397506E-01    2.424242E+00   -3.704625E-06
    2.000000E-02    9.000000E-01    8.397506E-01    2.525253E+00   -3.931425E-06
    2.000000E-02    9.000000E-01    8.397506E-01    2.626263E+00   -4.031668E-06
    2.000000E-02    9.000000E-01    8.397506E-01    2.727273E+00   -4.019709E-06
    2.000000E-02    9.000000E-01    8.397506E-01    2.828283E+00   -3.910672E-06
    2.000000E-02    9.000000E-01    8.397506E-01    2.929293E+00   -3.693434E-06
    2.000000E-02    9.000000E-01    8.397506E-01    3.030303E+00   -3.378995E-06
    2.000000E-02    9.000000E-01    8.397506E-01    3.131313E+00   -2.992113E-06
    2.000000E-02    9.000000E-01    8.397506E-01    3.232323E+00   -2.546763E-06
    2.000000E-02    9.000000E-01    8.397506E-01    3.333333E+00   -2.065703E-06
    2.000000E-02    9.000000E-01    8.397506E-01    3.434343E+00   -1.609996E-06
    2.000000E-02    9.000000E-01    8.397506E-01    3.535354E+00   -1.201332E-06
    2.000000E-02    9.000000E-01    8.397506E-01    3.636364E+00   -8.549858E-07
    2.000000E-02    9.000000E-01    8.397506E-01    3.737374E+00   -5.811319E-07
    2.000000E-02    9.000000E-01    8.397506E-01    3.838384E+00   -3.787198E-07
    2.000000E-02    9.000000E-01    8.397506E-01    3.939394E+00   -2.373287E-07
    2.000000E-02    9.000000E-01    8.397506E-01    4.040404E+00   -1.422992E-07
    2.000000E-02    9.000000E-01    8.397506E-01    4.141414E+00   -7.993380E-08
    2.000000E-02    9.000000E-01    8.397506E-01    4.242424E+00   -4.408074E-08
    2.000000E-02    9.000000E-01    8.397506E-01    4.343434E+00   -2.820160E-08
    2.000000E-02    9.000000E-01    8.397506E-01    4.444444E+00   -1.768729E-08
    2.000000E-02    9.000000E-01    8.397506E-01    4.545455E+00   -7.172975E-09
    2.000000E-02    9.000000E-01    8.397506E-01    4.646465E+00   -3.256529E-09
    2.000000E-02    9.000000E-01    8.397506E-01    4.747475E+00   -2.576450E-09
    2.000000E-02    9.000000E-01    8.397506E-01    4.848485E+00   -1.896370E-09
    2.000000E-02    9.000000E-01    8.397506E-01    4.949495E+00   -1.216291E-09
    2.000000E-02    9.000000E-01    8.397506E-01    5.050505E+00   -5.362111E-10
    2.000000E-02    9.000000E-01    8.397506E-01    5.151515E+00   -1.812672E-11
    2.000000E-02    9.000000E-01    8.397506E-01    5.252525E+00   -1.571590E-11
    2.000000E-02    9.000000E-01    8.397506E-01    5.353535E+00   -1.330507E-11
    2.000000E-02    9.000000E-01    8.397506E-01    5.454545E+00   -1.089425E-11
    2.000000E-02    9.000000E-01    8.397506E-01    5.555556E+00   -8.483421E-12
    2.000000E-02    9.000000E-01    8.397506E-01    5.656566E+00   -6.072596E-12
    2.000000E-02    9.000000E-01    8.397506E-01    5.757576E+00   -3.661772E-12
    2.000000E-02    9.000000E-01    8.397506E-01    5.858586E+00   -1.250947E-12
    2.000000E-02    9.000000E-01    8.397506E-01    5.959596E+00   -5.504902E-15
    2.000000E-02    9.000000E-01    8.397506E-01    6.060606E+00   -4.927578E-15
    2.000000E-02    9.000000E-01    8.397506E-01    6.161616E+00   -4.350253E-15
    2.000000E-02    9.000000E-01    8.397506E-01    6.262626E+00   -3.772928E-15
    2.000000E-02    9.000000E-01    8.397506E-01    6.363636E+00   -3.195603E-15
    2.000000E-02    9.000000E-01    8.397506E-01    6.464646E+00   -2.618279E-15
    2.000000E-02    9.000000E-01    8.397506E-01    6.565657E+00   -2.040954E-15
    2.000000E-02    9.000000E-01    8.397506E-01    6.666667E+00   -1.463629E-15
    2.000000E-02    9.000000E-01    8.397506E-01    6.767677E+00   -8.863044E-16
    2.000000E-02    9.000000E-01    8.397506E-01    6.868687E+00   -3.089796E-16
    2.000000E-02    9.000000E-01    8.397506E-01    6.969697E+00   -6.336481E-21
    2.000000E-02    9.000000E-01    8.397506E-01    7.070707E+00   -5.798991E-21
    2.000000E-02    9.000000E-01    8.397506E-01    7.171717E+00   -5.261500E-21
    2.000000E-02    9.000000E-01    8.397506E-01    7.272727E+00   -4.724010E-21
    2.000000E-02    9.000000E-01    8.397506E-01    7.373737E+00   -4.186519E-21
    2.000000E-02    9.000000E-01    8.397506E-01    7.474747E+00   -3.649028E-21
    2.000000E-02    9.000000E-01    8.397506E-01    7.575758E+00   -3.111538E-21
    2.000000E-02    9.000000E-01    8.397506E-01    7.676768E+00   -2.574047E-21
    2.000000E-02    9.000000E-01    8.397506E-01    7.777778E+00   -2.036557E-21
    2.000000E-02    9.000000E-01    8.397506E-01    7.878788E+00   -1.499066E-21
    2.000000E-02    9.000000E-01    8.397506E-01    7.979798E+00   -9.615755E-22
    2.000000E-02    9.000000E-01    8.397506E-01    8.080808E+00   -4.240849E-22
    2.000000E-02    9.000000E-01    8.397506E-01    8.181818E+00   -1.641551E-32
    2.000000E-02    9.000000E-01    8.397506E-01    8.282828E+00   -1.526875E-32
    2.000000E-02    9.000000E-01    8.397506E-01    8.383838E+00   -1.412198E-32
    2.000000E-02    9.000000E-01    8.397506E-01    8.484848E+00   -1.297522E-32
    2.000000E-02    9.000000E-01    8.397506E-01    8.585859E+00   -1.182845E-32
    2.000000E-02    9.000000E-01    8.397506E-01    8.686869E+00   -1.068169E-32
    2.000000E-02    9.000000E-01    8.397506E-01    8.787879E+00   -9.534925E-33
    2.000000E-02    9.000000E-01    8.397506E-01    8.888889E+00   -8.388160E-33
    2.000000E-02    9.000000E-01    8.397506E-01    8.989899E+00   -7.241395E-33
    2.000000E-02    9.000000E-01    8.397506E-01    9.090909E+00   -6.094631E-33
    2.000000E-02    9.000000E-01    8.397506E-01    9.191919E+00   -4.947866E-33
    2.000000E-02    9.000000E-01    8.397506E-01    9.292929E+00   -3.801101E-33
    2.000000E-02    9.000000E-01    8.397506E-01    9.393939E+00   -2.654337E-33
    2.000000E-02    9.000000E-01    8.397506E-01    9.494949E+00   -1.507572E-33
    2.000000E-02    9.000000E-01    8.397506E-01    9.595960E+00   -3.608073E-34
    2.000000E-02    9.000000E-01    8.397506E-01    9.696970E+00   -5.175176E-38
    2.000000E-02    9.000000E-01    8.397506E-01    9.797980E+00   -5.488911E-38
    2.000000E-02    9.000000E-01    8.397506E-01    9.898990E+00   -5.802645E-38
    2.000000E-02    9.000000E-01    8.397506E-01    1.000000E+01   -6.116379E-38

    2.000000E-02    1.000000E+00    8.397506E-01    0.000000E+00    5.673772E-06
    2.000000E-02    1.000000E+00    8.397506E-01    1.010101E-01    5.650225E-06
    2.000000E-02    1.000000E+00    8.397506E-01    2.020202E-01    5.579918E-06
    2.000000E-02    1.000000E+00    8.397506E-01    3.030303E-01    5.463155E-06
    2.000000E-02    1.000000E+00    8.397506E-01    4.040404E-01    5.300470E-06
    2.000000E-02    1.000000E+00    8.397506E-01    5.050505E-01    5.092867E-06
    2.000000E-02    1.000000E+00    8.397506E-01    6.060606E-01    4.841763E-06
    2.000000E-02    1.000000E+00    8.397506E-01    7.070707E-01    4.549674E-06
    2.000000E-02    1.000000E+00    8.397506E-01    8.080808E-01    4.220053E-06
    2.000000E-02    1.000000E+00    8.397506E-01    9.090909E-01    3.857378E-06
    2.000000E-02    1.000000E+00    8.397506E-01    1.010101E+00    3.466909E-06
    2.000000E-02    1.000000E+00    8.397506E-01    1.111111E+00    3.054252E-06
    2.000000E-02    1.000000E+00    8.397506E-01    1.212121E+00    2.624509E-06
    2.000000E-02    1.000000E+00    8.397506E-01    1.313131E+00    2.182142E-06
    2.000000E-02    1.000000E+00    8.397506E-01    1.414141E+00    1.730815E-06
    2.000000E-02    1.000000E+00    8.397506E-01    1.515152E+00    1.273248E-06
    2.000000E-02    1.000000E+00    8.397506E-01    1.616162E+00    8.118893E-07
    2.000000E-02    1.000000E+00    8.397506E-01    1.717172E+00    3.494047E-07
    2.000000E-02    1.000000E+00    8.397506E-01    1.818182E+00   -1.098941E-07
    2.000000E-02    1.000000E+00    8.397506E-01    1.919192E+00   -5.600639E-07
    2.000000E-02    1.000000E+00    8.397506E-01    2.020202E+00   -9.923385E-07
    2.000000E-02    1.000000E+00    8.397506E-01    2.121212E+00   -1.393632E-06
    2.000000E-02    1.000000E+00    8.397506E-01    2.222222E+00   -1.748838E-06
    2.000000E-02    1.000000E+00    8.397506E-01    2.323232E+00   -2.038243E-06
    2.000000E-02    1.000000E+00    8.397506E-01    2.424242E+00   -2.256591E-06
    2.000000E-02    1.000000E+00    8.397506E-01    2.525253E+00   -2.395518E-06
    2.000000E-02    1.000000E+00    8.397506E-01    2.626263E+00   -2.457233E-06
    2.000000E-02    1.000000E+00    8.397506E-01    2.727273E+00   -2.450474E-06
    2.000000E-02    1.000000E+00    8.397506E-01    2.828283E+00   -2.384451E-06
    2.000000E-02    1.000000E+00    8.397506E-01    2.929293E+00   -2.252348E-06
    2.000000E-02    1.000000E+00    8.397506E-01    3.030303E+00   -2.060861E-06
    2.000000E-02    1.000000E+00    8.397506E-01    3.131313E+00   -1.825102E-06
    2.000000E-02    1.000000E+00    8.397506E-01    3.232323E+00   -1.553600E-06
    2.000000E-02    1.000000E+00    8.397506E-01    3.333333E+00   -1.260229E-06
    2.000000E-02    1.000000E+00    8.397506E-01    3.434343E+00   -9.822679E-07
    2.000000E-02    1.000000E+00    8.397506E-01    3.535354E+00   -7.329762E-07
    2.000000E-02    1.000000E+00    8.397506E-01    3.636364E+00   -5.216803E-07
    2.000000E-02    1.000000E+00    8.397506E-01    3.737374E+00   -3.545982E-07
    2.000000E-02    1.000000E+00    8.397506E-01    3.838384E+00   -2.310965E-07
    2.000000E-02    1.000000E+00    8.397506E-01    3.939394E+00   -1.448228E-07
    2.000000E-02    1.000000E+00    8.397506E-01    4.040404E+00   -8.683581E-08
    2.000000E-02    1.000000E+00    8.397506E-01    4.141414E+00   -4.877934E-08
    2.000000E-02    1.000000E+00    8.397506E-01    4.242424E+00   -2.690053E-08
    2.000000E-02    1.000000E+00    8.397506E-01    4.343434E+00   -1.721031E-08
    2.000000E-02    1.000000E+00    8.397506E-01    4.444444E+00   -1.079387E-08
    2.000000E-02    1.000000E+00    8.397506E-01    4.545455E+00   -4.377436E-09
    2.000000E-02    1.000000E+00    8.397506E-01    4.646465E+00   -1.987387E-09
    2.000000E-02    1.000000E+00    8.397506E-01    4.747475E+00   -1.572350E-09
    2.000000E-02    1.000000E+00    8.397506E-01    4.848485E+00   -1.157312E-09
    2.000000E-02    1.000000E+00    8.397506E-01    4.949495E+00   -7.422744E-10
    2.000000E-02    1.000000E+00    8.397506E-01    5.050505E+00   -3.272367E-10
    2.000000E-02    1.000000E+00    8.397506E-01    5.151515E+00   -1.106112E-11
    2.000000E-02    1.000000E+00    8.397506E-01    5.252525E+00   -9.590010E-12
    2.000000E-02    1.000000E+00    8.397506E-01    5.353535E+00   -8.118898E-12
    2.000000E-02    1.000000E+00    8.397506E-01    5.454545E+00   -6.647785E-12
    2.000000E-02    1.000000E+00    8.397506E-01    5.555556E+00   -5.176673E-12
    2.000000E-02    1.000000E+00    8.397506E-01    5.656566E+00   -3.705561E-12
    2.000000E-02    1.000000E+00    8.397506E-01    5.757576E+00   -2.234449E-12
    2.000000E-02    1.000000E+00    8.397506E-01    5.858586E+00   -7.633372E-13
    2.000000E-02    1.000000E+00    8.397506E-01    5.959596E+00   -3.354717E-15
    2.000000E-02    1.000000E+00    8.397506E-01    6.060606E+00   -3.002892E-15
    2.000000E-02    1.000000E+00    8.397506E-01    6.161616E+00   -2.651067E-15
    2.000000E-02    1.000000E+00    8.397506E-01    6.262626E+00   -2.299242E-15
    2.000000E-02    1.000000E+00    8.397506E-01    6.363636E+00   -1.947418E-15
    2.000000E-02    1.000000E+00    8.397506E-01    6.464646E+00   -1.595593E-15
    2.000000E-02    1.000000E+00    8.397506E-01    6.565657E+00   -1.243768E-15
    2.000000E-02    1.000000E+00    8.397506E-01    6.666667E+00   -8.919433E-16
    2.000000E-02    1.000000E+00    8.397506E-01    6.767677E+00   -5.401186E-16
    2.000000E-02    1.000000E+00    8.397506E-01    6.868687E+00   -1.882938E-16
    2.000000E-02    1.000000E+00    8.397506E-01    6.969697E+00   -3.855075E-21
    2.000000E-02    1.000000E+00    8.397506E-01    7.070707E+00   -3.528069E-21
    2.000000E-02    1.000000E+00    8.397506E-01    7.171717E+00   -3.201063E-21
    2.000000E-02    1.000000E+00    8.397506E-01    7.272727E+00   -2.874058E-21
    2.000000E-02    1.000000E+00    8.397506E-01    7.373737E+00   -2.547052E-21
    2.000000E-02    1.000000E+00    8.397506E-01    7.474747E+00   -2.220046E-21
    2.000000E-02    1.000000E+00    8.397506E-01    7.575758E+00   -1.893040E-21
    2.000000E-02    1.000000E+00    8.397506E-01    7.676768E+00   -1.566034E-21
    2.000000E-02    1.000000E+00    8.397506E-01    7.777778E+00   -1.239028E-21
    2.000000E-02    1.000000E+00    8.397506E-01    7.878788E+00   -9.120223E-22
    2.000000E-02    1.000000E+00    8.397506E-01    7.979798E+00   -5.850165E-22
    2.000000E-02    1.000000E+00    8.397506E-01    8.080808E+00   -2.580106E-22
    2.000000E-02    1.000000E+00    8.397506E-01    8.181818E+00   -9.964326E-33
    2.000000E-02    1.000000E+00    8.397506E-01    8.282828E+00   -9.268232E-33
    2.000000E-02    1.000000E+00    8.397506E-01    8.383838E+00   -8.572139E-33
    2.000000E-02    1.000000E+00    8.397506E-01    8.484848E+00   -7.876045E-33
    2.000000E-02    1.000000E+00    8.397506E-01    8.585859E+00   -7.179951E-33
    2.000000E-02    1.000000E+00    8.397506E-01    8.686869E+00   -6.483857E-33
    2.000000E-02    1.000000E+00    8.397506E-01    8.787879E+00   -5.787763E-33
    2.000000E-02    1.000000E+00    8.397506E-01    8.888889E+00   -5.091669E-33
    2.000000E-02    1.000000E+00    8.397506E-01    8.989899E+00   -4.395576E-33
    2.000000E-02    1.000000E+00    8.397506E-01    9.090909E+00   -3.699482E-33
    2.000000E-02    1.000000E+00    8.397506E-01    9.191919E+00   -3.003388E-33
    2.000000E-02    1.000000E+00    8.397506E-01    9.292929E+00   -2.307294E-33
    2.000000E-02    1.000000E+00    8.397506E-01    9.393939E+00   -1.611200E-33
    2.000000E-02    1.000000E+00    8.397506E-01    9.494949E+00   -9.151064E-34
    2.000000E-02    1.000000E+00    8.397506E-01    9.595960E+00   -2.190125E-34
    2.000000E-02    1.000000E+00    8.397506E-01    9.696970E+00   -3.149110E-38
    2.000000E-02    1.000000E+00    8.397506E-01    9.797980E+00   -3.340101E-38
    2.000000E-02    1.000000E+00    8.397506E-01    9.898990E+00   -3.531092E-38
    2.000000E-02    1.000000E+00    8.397506E-01    1.000000E+01   -3.722082E-38

    2.000000E-02    1.200000E+00    8.397506E-01    0.000000E+00    1.212652E-06
    2.000000E-02    1.200000E+00    8.397506E-01    1.010101E-01    1.207623E-06
    2.000000E-02    1.200000E+00    8.397506E-01    2.020202E-01    1.192611E-06
    2.000000E-02    1.200000E+00    8.397506E-01    3.030303E-01    1.167693E-06
    2.000000E-02    1.200000E+00    8.397506E-01    4.040404E-01    1.133002E-06
    2.000000E-02    1.200000E+00    8.397506E-01    5.050505E-01    1.088780E-06
    2.000000E-02    1.200000E+00    8.397506E-01    6.060606E-01    1.035360E-06
    2.000000E-02    1.200000E+00    8.397506E-01    7.070707E-01    9.733109E-07
    2.000000E-02    1.200000E+00    8.397506E-01    8.080808E-01    9.033857E-07
    2.000000E-02    1.200000E+00    8.397506E-01    9.090909E-01    8.265395E-07
    2.000000E-02    1.200000E+00    8.397506E-01    1.010101E+00    7.438710E-07
    2.000000E-02    1.200000E+00    8.397506E-01    1.111111E+00    6.565382E-07
    2.000000E-02    1.200000E+00    8.397506E-01    1.212121E+00    5.655886E-07
    2.000000E-02    1.200000E+00    8.397506E-01    1.313131E+00    4.719387E-07
    2.000000E-02    1.200000E+00    8.397506E-01    1.414141E+00    3.763465E-07
    2.000000E-02    1.200000E+00    8.397506E-01    1.515152E+00    2.793779E-07
    2.000000E-02    1.200000E+00    8.397506E-01    1.616162E+00    1.815488E-07
    2.000000E-02    1.200000E+00    8.397506E-01    1.717172E+00    8.342068E-08
    2.000000E-02    1.200000E+00    8.397506E-01    1.818182E+00   -1.409209E-08
    2.000000E-02    1.200000E+00    8.397506E-01    1.919192E+00   -1.097274E-07
    2.000000E-02    1.200000E+00    8.397506E-01    2.020202E+00   -2.016276E-07
    2.000000E-02    1.200000E+00    8.397506E-01    2.121212E+00   -2.870206E-07
    2.000000E-02    1.200000E+00    8.397506E-01    2.222222E+00   -3.627036E-07
    2.000000E-02    1.200000E+00    8.397506E-01    2.323232E+00   -4.245003E-07
    2.000000E-02    1.200000E+00    8.397506E-01    2.424242E+00   -4.712885E-07
    2.000000E-02    1.200000E+00    8.397506E-01    2.525253E+00   -5.012941E-07
    2.000000E-02    1.200000E+00    8.397506E-01    2.626263E+00   -5.149786E-07
    2.000000E-02    1.200000E+00    8.397506E-01    2.727273E+00   -5.141834E-07
    2.000000E-02    1.200000E+00    8.397506E-01    2.828283E+00   -5.008495E-07
    2.000000E-02    1.200000E+00    8.397506E-01    2.929293E+00   -4.735166E-07
    2.000000E-02    1.200000E+00    8.397506E-01    3.030303E+00   -4.335752E-07
    2.000000E-02    1.200000E+00    8.397506E-01    3.131313E+00   -3.842143E-07
    2.000000E-02    1.200000E+00    8.397506E-01    3.232323E+00   -3.272309E-07
    2.000000E-02    1.200000E+00    8.397506E-01    3.333333E+00   -2.655369E-07
    2.000000E-02    1.200000E+00    8.397506E-01    3.434343E+00   -2.070246E-07
    2.000000E-02    1.200000E+00    8.397506E-01    3.535354E+00   -1.545194E-07
    2.000000E-02    1.200000E+00    8.397506E-01    3.636364E+00   -1.099979E-07
    2.000000E-02    1.200000E+00    8.397506E-01    3.737374E+00   -7.478130E-08
    2.000000E-02    1.200000E+00    8.397506E-01    3.838384E+00   -4.874382E-08
    2.000000E-02    1.200000E+00    8.397506E-01    3.939394E+00   -3.055113E-08
    2.000000E-02    1.200000E+00    8.397506E-01    4.040404E+00   -1.832105E-08
    2.000000E-02    1.200000E+00    8.397506E-01    4.141414E+00   -1.029322E-08
    2.000000E-02    1.200000E+00    8.397506E-01    4.242424E+00   -5.677159E-09
    2.000000E-02    1.200000E+00    8.397506E-01    4.343434E+00   -3.632341E-09
    2.000000E-02    1.200000E+00    8.397506E-01    4.444444E+00   -2.278196E-09
    2.000000E-02    1.200000E+00    8.397506E-01    4.545455E+00   -9.240513E-10
    2.000000E-02    1.200000E+00    8.397506E-01    4.646465E+00   -4.196208E-10
    2.000000E-02    1.200000E+00    8.397506E-01    4.747475E+00   -3.319895E-10
    2.000000E-02    1.200000E+00    8.397506E-01    4.848485E+00   -2.443582E-10
    2.000000E-02    1.200000E+00    8.397506E-01    4.949495E+00   -1.567269E-10
    2.000000E-02    1.200000E+00    8.397506E-01    5.050505E+00   -6.909564E-11
    2.000000E-02    1.200000E+00    8.397506E-01    5.151515E+00   -2.338083E-12
    2.000000E-02    1.200000E+00    8.397506E-01    5.252525E+00   -2.027122E-12
    2.000000E-02    1.200000E+00    8.397506E-01    5.353535E+00   -1.716160E-12
    2.000000E-02    1.200000E+00    8.397506E-01    5.454545E+00   -1.405199E-12
    2.000000E-02    1.200000E+00    8.397506E-01    5.555556E+00   -1.094238E-12
    2.000000E-02    1.200000E+00    8.397506E-01    5.656566E+00   -7.832763E-13
    2.000000E-02    1.200000E+00    8.397506E-01    5.757576E+00   -4.723150E-13
    2.000000E-02    1.200000E+00    8.397506E-01    5.858586E+00   -1.613536E-13
    2.000000E-02    1.200000E+00    8.397506E-01    5.959596E+00   -7.097187E-16
    2.000000E-02    1.200000E+00    8.397506E-01    6.060606E+00   -6.352872E-16
    2.000000E-02    1.200000E+00    8.397506E-01    6.161616E+00   -5.608557E-16
    2.000000E-02    1.200000E+00    8.397506E-01    6.262626E+00   -4.864242E-16
    2.000000E-02    1.200000E+00    8.397506E-01    6.363636E+00   -4.119927E-16
    2.000000E-02    1.200000E+00    8.397506E-01    6.464646E+00   -3.375612E-16
    2.000000E-02    1.200000E+00    8.397506E-01    6.565657E+00   -2.631297E-16
    2.000000E-02    1.200000E+00    8.397506E-01    6.666667E+00   -1.886982E-16
    2.000000E-02    1.200000E+00    8.397506E-01    6.767677E+00   -1.142667E-16
    2.000000E-02    1.200000E+00    8.397506E-01    6.868687E+00   -3.983515E-17
    2.000000E-02    1.200000E+00    8.397506E-01    6.969697E+00   -8.148920E-22
    2.000000E-02    1.200000E+00    8.397506E-01    7.070707E+00   -7.457690E-22
    2.000000E-02    1.200000E+00    8.397506E-01    7.171717E+00   -6.766459E-22
    2.000000E-02    1.200000E+00    8.397506E-01    7.272727E+00   -6.075229E-22
    2.000000E-02    1.200000E+00    8.397506E-01    7.373737E+00   -5.383999E-22
    2.000000E-02    1.200000E+00    8.397506E-01    7.474747E+00   -4.692769E-22
    2.000000E-02    1.200000E+00    8.397506E-01    7.575758E+00   -4.001538E-22
    2.000000E-02    1.200000E+00    8.397506E-01    7.676768E+00   -3.310308E-22
    2.000000E-02    1.200000E+00    8.397506E-01    7.777778E+00   -2.619078E-22
    2.000000E-02    1.200000E+00    8.397506E-01    7.878788E+00   -1.927847E-22
    2.000000E-02    1.200000E+00    8.397506E-01    7.979798E+00   -1.236617E-22
    2.000000E-02    1.200000E+00    8.397506E-01    8.080808E+00   -5.453869E-23
    2.000000E-02    1.200000E+00    8.397506E-01    8.181818E+00   -2.107663E-33
    2.000000E-02    1.200000E+00    8.397506E-01    8.282828E+00   -1.960425E-33
    2.000000E-02    1.200000E+00    8.397506E-01    8.383838E+00   -1.813186E-33
    2.000000E-02    1.200000E+00    8.397506E-01    8.484848E+00   -1.665948E-33
    2.000000E-02    1.200000E+00    8.397506E-01    8.585859E+00   -1.518710E-33
    2.000000E-02    1.200000E+00    8.397506E-01    8.686869E+00   -1.371471E-33
    2.000000E-02    1.200000E+00    8.397506E-01    8.787879E+00   -1.224233E-33
    2.000000E-02    1.200000E+00    8.397506E-01    8.888889E+00   -1.076994E-33
    2.000000E-02    1.200000E+00    8.397506E-01    8.989899E+00   -9.297560E-34
    2.000000E-02    1.200000E+00    8.397506E-01    9.090909E+00   -7.825176E-34
    2.000000E-02    1.200000E+00    8.397506E-01    9.191919E+00   -6.352792E-34
    2.000000E-02    1.200000E+00    8.397506E-01    9.292929E+00   -4.880408E-34
    2.000000E-02    1.200000E+00    8.397506E-01    9.393939E+00   -3.408024E-34
    2.000000E-02    1.200000E+00    8.397506E-01    9.494949E+00   -1.935640E-34
    2.000000E-02    1.200000E+00    8.397506E-01    9.595960E+00   -4.632554E-35
    2.000000E-02    1.200000E+00    8.397506E-01    9.696970E+00   -6.461516E-39
    2.000000E-02    1.200000E+00    8.397506E-01    9.797980E+00   -6.855617E-39
    2.000000E-02    1.200000E+00    8.397506E-01    9.898990E+00   -7.249718E-39
    2.000000E-02    1.200000E+00    8.397506E-01    1.000000E+01   -7.643819E-39

