    0.881146E-01    0.339363E+02
    0.463865E+00    0.339351E+02
    0.113821E+01    0.339331E+02
    0.210848E+01    0.339302E+02
    0.337062E+01    0.339260E+02
    0.491934E+01    0.339193E+02
    0.674814E+01    0.339081E+02
    0.884936E+01    0.338898E+02
    0.112142E+02    0.338627E+02
    0.138327E+02    0.338249E+02
    0.166939E+02    0.337749E+02
    0.197858E+02    0.337107E+02
    0.230954E+02    0.336300E+02
    0.266089E+02    0.335308E+02
    0.303115E+02    0.334110E+02
    0.341877E+02    0.332687E+02
    0.382212E+02    0.331024E+02
    0.423952E+02    0.329105E+02
    0.466920E+02    0.326921E+02
    0.510937E+02    0.324461E+02
    0.555818E+02    0.321721E+02
    0.601375E+02    0.318701E+02
    0.647417E+02    0.315403E+02
    0.693750E+02    0.311835E+02
    0.740181E+02    0.308010E+02
    0.786515E+02    0.303943E+02
    0.832557E+02    0.299655E+02
    0.878114E+02    0.295169E+02
    0.922995E+02    0.290514E+02
    0.967012E+02    0.285721E+02
    0.100998E+03    0.280824E+02
    0.105172E+03    0.275859E+02
    0.109205E+03    0.270865E+02
    0.113082E+03    0.265885E+02
    0.116784E+03    0.260960E+02
    0.120298E+03    0.256135E+02
    0.123607E+03    0.251455E+02
    0.126699E+03    0.246964E+02
    0.129560E+03    0.242706E+02
    0.132179E+03    0.238723E+02
    0.134544E+03    0.235055E+02
    0.136645E+03    0.231739E+02
    0.138474E+03    0.228810E+02
    0.140023E+03    0.226298E+02
    0.141285E+03    0.224229E+02
    0.142255E+03    0.222625E+02
    0.142929E+03    0.221504E+02
    0.143305E+03    0.220877E+02
    0.143407E+03    0.220707E+02
    0.143463E+03    0.220612E+02
    0.143566E+03    0.220441E+02
    0.143714E+03    0.220193E+02
    0.143907E+03    0.219870E+02
    0.144145E+03    0.219470E+02
    0.144427E+03    0.218994E+02
    0.144755E+03    0.218442E+02
    0.145126E+03    0.217814E+02
    0.145542E+03    0.217109E+02
    0.146000E+03    0.216329E+02
    0.146502E+03    0.215472E+02
    0.147046E+03    0.214540E+02
    0.147633E+03    0.213532E+02
    0.148260E+03    0.212448E+02
    0.148929E+03    0.211288E+02
    0.149637E+03    0.210052E+02
    0.150385E+03    0.208742E+02
    0.151172E+03    0.207356E+02
    0.151997E+03    0.205895E+02
    0.152858E+03    0.204359E+02
    0.153756E+03    0.202750E+02
    0.154690E+03    0.201066E+02
    0.155658E+03    0.199309E+02
    0.156659E+03    0.197479E+02
    0.157693E+03    0.195577E+02
    0.158759E+03    0.193603E+02
    0.159855E+03    0.191558E+02
    0.160981E+03    0.189443E+02
    0.162135E+03    0.187259E+02
    0.163316E+03    0.185006E+02
    0.164523E+03    0.182686E+02
    0.165755E+03    0.180299E+02
    0.167011E+03    0.177848E+02
    0.168289E+03    0.175332E+02
    0.169589E+03    0.172755E+02
    0.170908E+03    0.170116E+02
    0.172246E+03    0.167419E+02
    0.173602E+03    0.164663E+02
    0.174973E+03    0.161852E+02
    0.176359E+03    0.158987E+02
    0.177759E+03    0.156070E+02
    0.179170E+03    0.153102E+02
    0.180592E+03    0.150088E+02
    0.182023E+03    0.147027E+02
    0.183462E+03    0.143924E+02
    0.184907E+03    0.140781E+02
    0.186358E+03    0.137600E+02
    0.187812E+03    0.134383E+02
    0.189268E+03    0.131135E+02
    0.190724E+03    0.127857E+02
    0.192180E+03    0.124553E+02
    0.193634E+03    0.121226E+02
    0.195084E+03    0.117880E+02
    0.196530E+03    0.114517E+02
    0.197969E+03    0.111141E+02
    0.199400E+03    0.107756E+02
    0.200822E+03    0.104365E+02
    0.202233E+03    0.100972E+02
    0.203633E+03    0.975815E+01
    0.205019E+03    0.941964E+01
    0.206390E+03    0.908214E+01
    0.207746E+03    0.874603E+01
    0.209084E+03    0.841172E+01
    0.210403E+03    0.807931E+01
    0.211703E+03    0.774966E+01
    0.212981E+03    0.742328E+01
    0.214237E+03    0.710001E+01
    0.215469E+03    0.678083E+01
    0.216676E+03    0.646627E+01
    0.217857E+03    0.615667E+01
    0.219011E+03    0.585250E+01
    0.220137E+03    0.555436E+01
    0.221233E+03    0.526278E+01
    0.222299E+03    0.497828E+01
    0.223333E+03    0.470140E+01
    0.224334E+03    0.443278E+01
    0.225302E+03    0.417325E+01
    0.226236E+03    0.392372E+01
    0.227134E+03    0.368523E+01
    0.227995E+03    0.345837E+01
    0.228820E+03    0.324330E+01
    0.229607E+03    0.304098E+01
    0.230355E+03    0.285436E+01
    0.231063E+03    0.268500E+01
    0.231732E+03    0.252854E+01
    0.232359E+03    0.237984E+01
    0.232945E+03    0.224397E+01
    0.233490E+03    0.213660E+01
    0.233992E+03    0.206555E+01
    0.234450E+03    0.200556E+01
    0.234866E+03    0.192185E+01
    0.235237E+03    0.179968E+01
    0.235565E+03    0.167622E+01
    0.235847E+03    0.160930E+01
    0.236085E+03    0.161538E+01
    0.236278E+03    0.168130E+01
    0.236426E+03    0.177296E+01
    0.236528E+03    0.184560E+01
    0.236585E+03    0.188484E+01
    0.236599E+03    0.189411E+01
    0.236602E+03    0.189601E+01
    0.236608E+03    0.189941E+01
    0.236615E+03    0.190426E+01
    0.236625E+03    0.191049E+01
    0.236637E+03    0.191799E+01
    0.236652E+03    0.192662E+01
    0.236669E+03    0.193621E+01
    0.236688E+03    0.194649E+01
    0.236709E+03    0.195717E+01
    0.236732E+03    0.196785E+01
    0.236758E+03    0.197805E+01
    0.236786E+03    0.198718E+01
    0.236816E+03    0.199454E+01
    0.236848E+03    0.199928E+01
    0.236883E+03    0.200043E+01
    0.236919E+03    0.199682E+01
    0.236957E+03    0.198713E+01
    0.236998E+03    0.196986E+01
    0.237040E+03    0.194330E+01
    0.237084E+03    0.190551E+01
    0.237130E+03    0.185436E+01
    0.237178E+03    0.178749E+01
    0.237228E+03    0.170230E+01
    0.237279E+03    0.159594E+01
    0.237332E+03    0.146647E+01
    0.237387E+03    0.131825E+01
    0.237443E+03    0.115891E+01
    0.237501E+03    0.997605E+00
    0.237560E+03    0.844994E+00
    0.237620E+03    0.713268E+00
    0.237682E+03    0.616113E+00
    0.237745E+03    0.568681E+00
    0.237810E+03    0.587540E+00
    0.237875E+03    0.690600E+00
    0.237942E+03    0.897035E+00
    0.238010E+03    0.122718E+01
    0.238078E+03    0.170211E+01
    0.238148E+03    0.230430E+01
    0.238218E+03    0.293313E+01
    0.238289E+03    0.347075E+01
    0.238361E+03    0.379212E+01
    0.238433E+03    0.376601E+01
    0.238506E+03    0.325612E+01
    0.238580E+03    0.212225E+01
    0.238654E+03    0.257081E+00
    0.238728E+03   -0.194432E+01
    0.238802E+03   -0.370278E+01
    0.238877E+03   -0.421612E+01
    0.238951E+03   -0.273208E+01
    0.239026E+03    0.100426E+00
    0.239101E+03    0.224526E+01
    0.239175E+03    0.295726E+01
    0.239250E+03    0.270060E+01
    0.239324E+03    0.197813E+01
    0.239397E+03    0.127804E+01
    0.239471E+03    0.851425E+00
    0.239544E+03    0.661943E+00
    0.239616E+03    0.656209E+00
    0.239688E+03    0.782329E+00
    0.239759E+03    0.990346E+00
    0.239829E+03    0.123265E+01
    0.239899E+03    0.146439E+01
    0.239967E+03    0.164770E+01
    0.240035E+03    0.177686E+01
    0.240102E+03    0.185980E+01
    0.240167E+03    0.190411E+01
    0.240232E+03    0.191699E+01
    0.240295E+03    0.190511E+01
    0.240357E+03    0.187469E+01
    0.240417E+03    0.183138E+01
    0.240477E+03    0.178030E+01
    0.240534E+03    0.172600E+01
    0.240591E+03    0.167245E+01
    0.240645E+03    0.162307E+01
    0.240698E+03    0.158071E+01
    0.240750E+03    0.154688E+01
    0.240799E+03    0.152081E+01
    0.240847E+03    0.150143E+01
    0.240893E+03    0.148776E+01
    0.240937E+03    0.147891E+01
    0.240980E+03    0.147407E+01
    0.241020E+03    0.147251E+01
    0.241058E+03    0.147359E+01
    0.241095E+03    0.147673E+01
    0.241129E+03    0.148143E+01
    0.241161E+03    0.148724E+01
    0.241191E+03    0.149380E+01
    0.241219E+03    0.150077E+01
    0.241245E+03    0.150789E+01
    0.241268E+03    0.151493E+01
    0.241290E+03    0.152169E+01
    0.241309E+03    0.152803E+01
    0.241325E+03    0.153382E+01
    0.241340E+03    0.153896E+01
    0.241352E+03    0.154339E+01
    0.241362E+03    0.154703E+01
    0.241370E+03    0.154986E+01
    0.241375E+03    0.155183E+01
    0.241378E+03    0.155293E+01
    0.241436E+03    0.157547E+01
    0.241680E+03    0.167119E+01
    0.242118E+03    0.177283E+01
    0.242749E+03    0.181988E+01
    0.243569E+03    0.192435E+01
    0.244576E+03    0.213653E+01
    0.245765E+03    0.240192E+01
    0.247131E+03    0.273588E+01
    0.248668E+03    0.314662E+01
    0.250370E+03    0.362728E+01
    0.252230E+03    0.417020E+01
    0.254239E+03    0.477040E+01
    0.256391E+03    0.542233E+01
    0.258674E+03    0.612216E+01
    0.261081E+03    0.686722E+01
    0.263601E+03    0.765388E+01
    0.266222E+03    0.847984E+01
    0.268935E+03    0.934158E+01
    0.271728E+03    0.102368E+02
    0.274589E+03    0.111625E+02
    0.277507E+03    0.121156E+02
    0.280468E+03    0.130926E+02
    0.283461E+03    0.140899E+02
    0.286472E+03    0.151036E+02
    0.289490E+03    0.161299E+02
    0.292502E+03    0.171643E+02
    0.295495E+03    0.182024E+02
    0.298456E+03    0.192397E+02
    0.301373E+03    0.202713E+02
    0.304234E+03    0.212925E+02
    0.307027E+03    0.222984E+02
    0.309740E+03    0.232841E+02
    0.312362E+03    0.242446E+02
    0.314882E+03    0.251750E+02
    0.317288E+03    0.260705E+02
    0.319572E+03    0.269265E+02
    0.321723E+03    0.277382E+02
    0.323733E+03    0.285013E+02
    0.325593E+03    0.292116E+02
    0.327295E+03    0.298652E+02
    0.328832E+03    0.304583E+02
    0.330198E+03    0.309875E+02
    0.331386E+03    0.314499E+02
    0.332393E+03    0.318427E+02
    0.333214E+03    0.321637E+02
    0.333844E+03    0.324110E+02
    0.334283E+03    0.325831E+02
    0.334527E+03    0.326791E+02
    0.335217E+03    0.329507E+02
    0.337906E+03    0.340144E+02
    0.342697E+03    0.359302E+02
    0.349514E+03    0.387003E+02
    0.358244E+03    0.423244E+02
    0.368743E+03    0.467966E+02
    0.380840E+03    0.521025E+02
    0.394336E+03    0.582137E+02
    0.409008E+03    0.650847E+02
    0.424617E+03    0.726519E+02
    0.440906E+03    0.808295E+02
    0.457608E+03    0.895090E+02
    0.474448E+03    0.985597E+02
    0.491149E+03    0.107830E+03
    0.507438E+03    0.117152E+03
    0.523047E+03    0.126343E+03
    0.537720E+03    0.135213E+03
    0.551216E+03    0.143565E+03
    0.563312E+03    0.151210E+03
    0.573812E+03    0.157966E+03
    0.582542E+03    0.163668E+03
    0.589358E+03    0.168174E+03
    0.594150E+03    0.171369E+03
    0.596839E+03    0.173173E+03
    0.598909E+03    0.174566E+03
    0.605021E+03    0.178703E+03
    0.615911E+03    0.186167E+03
    0.631403E+03    0.196983E+03
    0.651243E+03    0.211171E+03
    0.675106E+03    0.228723E+03
    0.702599E+03    0.249584E+03
    0.733270E+03    0.273626E+03
    0.766618E+03    0.300638E+03
    0.802093E+03    0.330343E+03
    0.839113E+03    0.362426E+03
    0.877071E+03    0.396537E+03
    0.915343E+03    0.432279E+03
    0.953301E+03    0.469190E+03
    0.990322E+03    0.506717E+03
    0.102580E+04    0.544176E+03
    0.105914E+04    0.580777E+03
    0.108982E+04    0.615655E+03
    0.111731E+04    0.647915E+03
    0.114117E+04    0.676682E+03
    0.116101E+04    0.701135E+03
    0.117650E+04    0.720560E+03
    0.118739E+04    0.734386E+03
    0.119351E+04    0.742208E+03
    0.120921E+04    0.762511E+03
    0.126989E+04    0.843558E+03
    0.137812E+04    0.997296E+03
    0.153264E+04    0.123728E+04
    0.173226E+04    0.159037E+04
    0.197642E+04    0.206200E+04
    0.226583E+04    0.271011E+04
    0.260322E+04    0.357729E+04
    0.299407E+04    0.473210E+04
    0.344762E+04    0.627438E+04
    0.397841E+04    0.835507E+04
    0.460841E+04    0.112107E+05
    0.537076E+04    0.152266E+05
    0.631590E+04    0.210573E+05
    0.752252E+04    0.298716E+05
    0.911771E+04    0.438836E+05
    0.113165E+05    0.676015E+05
    0.145054E+05    0.111068E+06
    0.194349E+05    0.199386E+06
    0.277229E+05    0.405704E+06
    0.434040E+05    0.994467E+06
    0.790119E+05    0.329546E+07
    0.191387E+06    0.193355E+08
    0.100000E+07    0.527875E+09
