    0.699366E-01    0.209200E+02
    0.368170E+00    0.209192E+02
    0.903400E+00    0.209180E+02
    0.167350E+01    0.209161E+02
    0.267526E+01    0.209134E+02
    0.390448E+01    0.209091E+02
    0.535601E+01    0.209018E+02
    0.702375E+01    0.208899E+02
    0.890071E+01    0.208724E+02
    0.109790E+02    0.208482E+02
    0.132500E+02    0.208164E+02
    0.157040E+02    0.207755E+02
    0.183309E+02    0.207244E+02
    0.211195E+02    0.206616E+02
    0.240583E+02    0.205860E+02
    0.271348E+02    0.204964E+02
    0.303362E+02    0.203918E+02
    0.336491E+02    0.202714E+02
    0.370594E+02    0.201346E+02
    0.405531E+02    0.199807E+02
    0.441153E+02    0.198097E+02
    0.477312E+02    0.196213E+02
    0.513855E+02    0.194158E+02
    0.550630E+02    0.191937E+02
    0.587482E+02    0.189557E+02
    0.624257E+02    0.187029E+02
    0.660801E+02    0.184364E+02
    0.696959E+02    0.181577E+02
    0.732582E+02    0.178686E+02
    0.767518E+02    0.175711E+02
    0.801622E+02    0.172672E+02
    0.834750E+02    0.169593E+02
    0.866764E+02    0.166499E+02
    0.897529E+02    0.163416E+02
    0.926917E+02    0.160371E+02
    0.954804E+02    0.157390E+02
    0.981072E+02    0.154501E+02
    0.100561E+03    0.151730E+02
    0.102832E+03    0.149106E+02
    0.104911E+03    0.146652E+02
    0.106787E+03    0.144394E+02
    0.108455E+03    0.142354E+02
    0.109907E+03    0.140553E+02
    0.111136E+03    0.139008E+02
    0.112138E+03    0.137737E+02
    0.112908E+03    0.136751E+02
    0.113443E+03    0.136063E+02
    0.113741E+03    0.135677E+02
    0.113822E+03    0.135573E+02
    0.113867E+03    0.135515E+02
    0.113948E+03    0.135410E+02
    0.114066E+03    0.135258E+02
    0.114219E+03    0.135059E+02
    0.114408E+03    0.134813E+02
    0.114632E+03    0.134521E+02
    0.114892E+03    0.134182E+02
    0.115187E+03    0.133796E+02
    0.115516E+03    0.133364E+02
    0.115881E+03    0.132885E+02
    0.116279E+03    0.132359E+02
    0.116711E+03    0.131787E+02
    0.117176E+03    0.131168E+02
    0.117674E+03    0.130502E+02
    0.118205E+03    0.129791E+02
    0.118767E+03    0.129033E+02
    0.119361E+03    0.128229E+02
    0.119985E+03    0.127379E+02
    0.120640E+03    0.126483E+02
    0.121324E+03    0.125542E+02
    0.122036E+03    0.124555E+02
    0.122777E+03    0.123523E+02
    0.123546E+03    0.122446E+02
    0.124340E+03    0.121325E+02
    0.125161E+03    0.120159E+02
    0.126007E+03    0.118949E+02
    0.126877E+03    0.117697E+02
    0.127770E+03    0.116401E+02
    0.128686E+03    0.115063E+02
    0.129624E+03    0.113683E+02
    0.130582E+03    0.112262E+02
    0.131560E+03    0.110801E+02
    0.132557E+03    0.109299E+02
    0.133571E+03    0.107759E+02
    0.134603E+03    0.106180E+02
    0.135650E+03    0.104564E+02
    0.136712E+03    0.102912E+02
    0.137788E+03    0.101223E+02
    0.138876E+03    0.995010E+01
    0.139976E+03    0.977451E+01
    0.141087E+03    0.959571E+01
    0.142207E+03    0.941381E+01
    0.143336E+03    0.922895E+01
    0.144472E+03    0.904126E+01
    0.145614E+03    0.885088E+01
    0.146761E+03    0.865796E+01
    0.147912E+03    0.846265E+01
    0.149066E+03    0.826513E+01
    0.150222E+03    0.806555E+01
    0.151378E+03    0.786410E+01
    0.152534E+03    0.766098E+01
    0.153688E+03    0.745637E+01
    0.154839E+03    0.725048E+01
    0.155986E+03    0.704353E+01
    0.157128E+03    0.683580E+01
    0.158264E+03    0.662768E+01
    0.159392E+03    0.641947E+01
    0.160513E+03    0.621082E+01
    0.161623E+03    0.600258E+01
    0.162724E+03    0.579463E+01
    0.163812E+03    0.558751E+01
    0.164888E+03    0.538118E+01
    0.165950E+03    0.517606E+01
    0.166997E+03    0.497249E+01
    0.168029E+03    0.477070E+01
    0.169043E+03    0.457091E+01
    0.170040E+03    0.437351E+01
    0.171018E+03    0.417890E+01
    0.171976E+03    0.398748E+01
    0.172913E+03    0.379961E+01
    0.173829E+03    0.361563E+01
    0.174723E+03    0.343595E+01
    0.175593E+03    0.326112E+01
    0.176439E+03    0.309168E+01
    0.177259E+03    0.292818E+01
    0.178054E+03    0.277110E+01
    0.178822E+03    0.262100E+01
    0.179563E+03    0.247841E+01
    0.180276E+03    0.234375E+01
    0.180960E+03    0.221738E+01
    0.181615E+03    0.209958E+01
    0.182239E+03    0.199089E+01
    0.182833E+03    0.189189E+01
    0.183395E+03    0.180266E+01
    0.183925E+03    0.172229E+01
    0.184424E+03    0.164975E+01
    0.184889E+03    0.158506E+01
    0.185321E+03    0.153077E+01
    0.185719E+03    0.148864E+01
    0.186083E+03    0.145840E+01
    0.186413E+03    0.143489E+01
    0.186708E+03    0.141336E+01
    0.186968E+03    0.139146E+01
    0.187192E+03    0.136932E+01
    0.187381E+03    0.135027E+01
    0.187534E+03    0.133615E+01
    0.187651E+03    0.132695E+01
    0.187733E+03    0.132169E+01
    0.187778E+03    0.131924E+01
    0.187789E+03    0.131869E+01
    0.187791E+03    0.131858E+01
    0.187796E+03    0.131839E+01
    0.187802E+03    0.131811E+01
    0.187809E+03    0.131775E+01
    0.187819E+03    0.131734E+01
    0.187831E+03    0.131686E+01
    0.187844E+03    0.131635E+01
    0.187859E+03    0.131581E+01
    0.187876E+03    0.131526E+01
    0.187895E+03    0.131473E+01
    0.187915E+03    0.131424E+01
    0.187937E+03    0.131381E+01
    0.187961E+03    0.131349E+01
    0.187987E+03    0.131329E+01
    0.188014E+03    0.131325E+01
    0.188043E+03    0.131337E+01
    0.188073E+03    0.131365E+01
    0.188105E+03    0.131404E+01
    0.188139E+03    0.131453E+01
    0.188174E+03    0.131506E+01
    0.188210E+03    0.131557E+01
    0.188248E+03    0.131596E+01
    0.188288E+03    0.131614E+01
    0.188328E+03    0.131599E+01
    0.188371E+03    0.131537E+01
    0.188414E+03    0.131411E+01
    0.188459E+03    0.131205E+01
    0.188504E+03    0.130897E+01
    0.188551E+03    0.130466E+01
    0.188599E+03    0.129888E+01
    0.188649E+03    0.129136E+01
    0.188699E+03    0.128184E+01
    0.188750E+03    0.127001E+01
    0.188802E+03    0.125563E+01
    0.188855E+03    0.123886E+01
    0.188908E+03    0.122009E+01
    0.188963E+03    0.119976E+01
    0.189018E+03    0.117835E+01
    0.189074E+03    0.115638E+01
    0.189130E+03    0.113442E+01
    0.189187E+03    0.111306E+01
    0.189245E+03    0.109294E+01
    0.189303E+03    0.107471E+01
    0.189361E+03    0.105905E+01
    0.189419E+03    0.104676E+01
    0.189478E+03    0.103864E+01
    0.189537E+03    0.103554E+01
    0.189596E+03    0.103826E+01
    0.189656E+03    0.104749E+01
    0.189715E+03    0.106270E+01
    0.189774E+03    0.108271E+01
    0.189833E+03    0.110626E+01
    0.189893E+03    0.113200E+01
    0.189951E+03    0.115853E+01
    0.190010E+03    0.118452E+01
    0.190068E+03    0.120866E+01
    0.190126E+03    0.122996E+01
    0.190183E+03    0.124842E+01
    0.190240E+03    0.126421E+01
    0.190297E+03    0.127750E+01
    0.190353E+03    0.128848E+01
    0.190408E+03    0.129733E+01
    0.190462E+03    0.130423E+01
    0.190516E+03    0.130935E+01
    0.190569E+03    0.131287E+01
    0.190621E+03    0.131495E+01
    0.190672E+03    0.131578E+01
    0.190722E+03    0.131555E+01
    0.190771E+03    0.131445E+01
    0.190819E+03    0.131267E+01
    0.190866E+03    0.131037E+01
    0.190912E+03    0.130769E+01
    0.190957E+03    0.130477E+01
    0.191000E+03    0.130172E+01
    0.191042E+03    0.129866E+01
    0.191083E+03    0.129567E+01
    0.191122E+03    0.129283E+01
    0.191160E+03    0.129019E+01
    0.191197E+03    0.128779E+01
    0.191232E+03    0.128569E+01
    0.191266E+03    0.128389E+01
    0.191298E+03    0.128240E+01
    0.191328E+03    0.128124E+01
    0.191357E+03    0.128038E+01
    0.191384E+03    0.127981E+01
    0.191410E+03    0.127951E+01
    0.191434E+03    0.127943E+01
    0.191456E+03    0.127953E+01
    0.191476E+03    0.127977E+01
    0.191495E+03    0.128010E+01
    0.191512E+03    0.128049E+01
    0.191527E+03    0.128091E+01
    0.191540E+03    0.128134E+01
    0.191552E+03    0.128175E+01
    0.191561E+03    0.128213E+01
    0.191569E+03    0.128246E+01
    0.191575E+03    0.128272E+01
    0.191579E+03    0.128290E+01
    0.191582E+03    0.128301E+01
    0.191628E+03    0.128540E+01
    0.191822E+03    0.130094E+01
    0.192169E+03    0.134333E+01
    0.192670E+03    0.140850E+01
    0.193321E+03    0.148227E+01
    0.194120E+03    0.157953E+01
    0.195064E+03    0.171458E+01
    0.196148E+03    0.188952E+01
    0.197368E+03    0.210973E+01
    0.198719E+03    0.237807E+01
    0.200195E+03    0.269089E+01
    0.201790E+03    0.304110E+01
    0.203497E+03    0.342725E+01
    0.205310E+03    0.384565E+01
    0.207220E+03    0.429255E+01
    0.209220E+03    0.476513E+01
    0.211301E+03    0.526157E+01
    0.213454E+03    0.577929E+01
    0.215671E+03    0.631774E+01
    0.217942E+03    0.687444E+01
    0.220257E+03    0.744745E+01
    0.222607E+03    0.803475E+01
    0.224983E+03    0.863346E+01
    0.227373E+03    0.924201E+01
    0.229769E+03    0.985810E+01
    0.232159E+03    0.104792E+02
    0.234534E+03    0.111027E+02
    0.236885E+03    0.117260E+02
    0.239200E+03    0.123460E+02
    0.241471E+03    0.129598E+02
    0.243688E+03    0.135644E+02
    0.245841E+03    0.141569E+02
    0.247922E+03    0.147343E+02
    0.249922E+03    0.152937E+02
    0.251832E+03    0.158322E+02
    0.253644E+03    0.163469E+02
    0.255352E+03    0.168352E+02
    0.256947E+03    0.172944E+02
    0.258423E+03    0.177218E+02
    0.259774E+03    0.181152E+02
    0.260994E+03    0.184722E+02
    0.262078E+03    0.187909E+02
    0.263022E+03    0.190693E+02
    0.263821E+03    0.193059E+02
    0.264472E+03    0.194993E+02
    0.264972E+03    0.196482E+02
    0.265320E+03    0.197519E+02
    0.265514E+03    0.198098E+02
    0.266062E+03    0.199734E+02
    0.268196E+03    0.206145E+02
    0.271999E+03    0.217696E+02
    0.277409E+03    0.234415E+02
    0.284338E+03    0.256313E+02
    0.292672E+03    0.283375E+02
    0.302273E+03    0.315533E+02
    0.312984E+03    0.352644E+02
    0.324630E+03    0.394461E+02
    0.337019E+03    0.440614E+02
    0.349948E+03    0.490597E+02
    0.363204E+03    0.543762E+02
    0.376569E+03    0.599319E+02
    0.389825E+03    0.656345E+02
    0.402754E+03    0.713795E+02
    0.415143E+03    0.770537E+02
    0.426789E+03    0.825381E+02
    0.437500E+03    0.877110E+02
    0.447101E+03    0.924517E+02
    0.455435E+03    0.966460E+02
    0.462364E+03    0.100190E+03
    0.467774E+03    0.102993E+03
    0.471577E+03    0.104981E+03
    0.473711E+03    0.106104E+03
    0.475355E+03    0.106972E+03
    0.480205E+03    0.109551E+03
    0.488849E+03    0.114208E+03
    0.501145E+03    0.120969E+03
    0.516892E+03    0.129863E+03
    0.535832E+03    0.140908E+03
    0.557653E+03    0.154104E+03
    0.581997E+03    0.169420E+03
    0.608465E+03    0.186777E+03
    0.636621E+03    0.206039E+03
    0.666005E+03    0.227004E+03
    0.696132E+03    0.249392E+03
    0.726509E+03    0.272855E+03
    0.756636E+03    0.296985E+03
    0.786019E+03    0.321316E+03
    0.814176E+03    0.345360E+03
    0.840643E+03    0.368610E+03
    0.864988E+03    0.390553E+03
    0.886809E+03    0.410682E+03
    0.905748E+03    0.428514E+03
    0.921495E+03    0.443607E+03
    0.933791E+03    0.455566E+03
    0.942435E+03    0.464068E+03
    0.947286E+03    0.468874E+03
    0.962702E+03    0.484318E+03
    0.102339E+04    0.547721E+03
    0.113165E+04    0.671162E+03
    0.128621E+04    0.872711E+03
    0.148588E+04    0.116912E+04
    0.173009E+04    0.157853E+04
    0.201958E+04    0.215098E+04
    0.235706E+04    0.292990E+04
    0.274799E+04    0.398239E+04
    0.320166E+04    0.540586E+04
    0.373258E+04    0.734736E+04
    0.436274E+04    0.100376E+05
    0.512527E+04    0.138531E+05
    0.607065E+04    0.194350E+05
    0.727757E+04    0.279309E+05
    0.887315E+04    0.415210E+05
    0.110725E+05    0.646553E+05
    0.142621E+05    0.107271E+06
    0.191928E+05    0.194264E+06
    0.274830E+05    0.398327E+06
    0.431679E+05    0.982731E+06
    0.787846E+05    0.327337E+07
    0.191187E+06    0.192766E+08
    0.100000E+07    0.527367E+09
