    0.555087E-01    0.104824E+02
    0.292216E+00    0.104819E+02
    0.717029E+00    0.104810E+02
    0.132826E+01    0.104798E+02
    0.212336E+01    0.104783E+02
    0.309899E+01    0.104753E+02
    0.425106E+01    0.104690E+02
    0.557475E+01    0.104617E+02
    0.706450E+01    0.104522E+02
    0.871405E+01    0.104340E+02
    0.105165E+02    0.104141E+02
    0.124643E+02    0.103922E+02
    0.145492E+02    0.103540E+02
    0.167626E+02    0.103135E+02
    0.190951E+02    0.102708E+02
    0.215369E+02    0.102075E+02
    0.240779E+02    0.101388E+02
    0.267073E+02    0.100678E+02
    0.294141E+02    0.997621E+01
    0.321870E+02    0.987438E+01
    0.350143E+02    0.977055E+01
    0.378842E+02    0.965038E+01
    0.407847E+02    0.951365E+01
    0.437035E+02    0.937605E+01
    0.466285E+02    0.923093E+01
    0.495473E+02    0.906280E+01
    0.524478E+02    0.889574E+01
    0.553177E+02    0.873043E+01
    0.581450E+02    0.854187E+01
    0.609179E+02    0.835432E+01
    0.636248E+02    0.817125E+01
    0.662542E+02    0.798242E+01
    0.687951E+02    0.778728E+01
    0.712370E+02    0.759976E+01
    0.735695E+02    0.742063E+01
    0.757828E+02    0.723670E+01
    0.778678E+02    0.706018E+01
    0.798155E+02    0.689528E+01
    0.816180E+02    0.674268E+01
    0.832675E+02    0.659614E+01
    0.847573E+02    0.646104E+01
    0.860810E+02    0.634101E+01
    0.872330E+02    0.623653E+01
    0.882087E+02    0.614806E+01
    0.890038E+02    0.607596E+01
    0.896150E+02    0.601870E+01
    0.900398E+02    0.597866E+01
    0.902765E+02    0.595635E+01
    0.903404E+02    0.595033E+01
    0.903763E+02    0.594694E+01
    0.904408E+02    0.594087E+01
    0.905339E+02    0.593209E+01
    0.906554E+02    0.592064E+01
    0.908054E+02    0.590650E+01
    0.909835E+02    0.588971E+01
    0.911897E+02    0.587028E+01
    0.914237E+02    0.584822E+01
    0.916854E+02    0.582355E+01
    0.919744E+02    0.579631E+01
    0.922905E+02    0.576651E+01
    0.926334E+02    0.573419E+01
    0.930027E+02    0.569938E+01
    0.933981E+02    0.566212E+01
    0.938192E+02    0.562243E+01
    0.942656E+02    0.558035E+01
    0.947368E+02    0.553589E+01
    0.952323E+02    0.548856E+01
    0.957518E+02    0.543894E+01
    0.962947E+02    0.538709E+01
    0.968604E+02    0.533306E+01
    0.974484E+02    0.527690E+01
    0.980582E+02    0.521866E+01
    0.986891E+02    0.515840E+01
    0.993405E+02    0.509622E+01
    0.100012E+03    0.503214E+01
    0.100702E+03    0.496623E+01
    0.101411E+03    0.489873E+01
    0.102138E+03    0.482970E+01
    0.102882E+03    0.475933E+01
    0.103643E+03    0.468782E+01
    0.104419E+03    0.461513E+01
    0.105210E+03    0.454133E+01
    0.106016E+03    0.446705E+01
    0.106834E+03    0.439190E+01
    0.107665E+03    0.431676E+01
    0.108508E+03    0.424088E+01
    0.109362E+03    0.416535E+01
    0.110226E+03    0.408953E+01
    0.111099E+03    0.401481E+01
    0.111981E+03    0.394002E+01
    0.112870E+03    0.386701E+01
    0.113766E+03    0.379392E+01
    0.114667E+03    0.372368E+01
    0.115574E+03    0.365313E+01
    0.116484E+03    0.358678E+01
    0.117398E+03    0.352020E+01
    0.118314E+03    0.345847E+01
    0.119231E+03    0.339716E+01
    0.120149E+03    0.334098E+01
    0.121066E+03    0.328587E+01
    0.121982E+03    0.323629E+01
    0.122896E+03    0.318815E+01
    0.123806E+03    0.314622E+01
    0.124712E+03    0.310558E+01
    0.125614E+03    0.307228E+01
    0.126510E+03    0.304159E+01
    0.127399E+03    0.301670E+01
    0.128281E+03    0.299754E+01
    0.129154E+03    0.298426E+01
    0.130018E+03    0.298062E+01
    0.130872E+03    0.300028E+01
    0.131715E+03    0.283416E+01
    0.132546E+03    0.286044E+01
    0.133364E+03    0.290601E+01
    0.134170E+03    0.292552E+01
    0.134961E+03    0.294400E+01
    0.135737E+03    0.296359E+01
    0.136497E+03    0.298491E+01
    0.137241E+03    0.300968E+01
    0.137968E+03    0.303645E+01
    0.138678E+03    0.306594E+01
    0.139368E+03    0.309825E+01
    0.140039E+03    0.312995E+01
    0.140691E+03    0.316764E+01
    0.141322E+03    0.320415E+01
    0.141931E+03    0.324103E+01
    0.142519E+03    0.328188E+01
    0.143085E+03    0.332118E+01
    0.143628E+03    0.335889E+01
    0.144148E+03    0.340080E+01
    0.144643E+03    0.344106E+01
    0.145114E+03    0.347934E+01
    0.145561E+03    0.351562E+01
    0.145982E+03    0.355467E+01
    0.146377E+03    0.359135E+01
    0.146746E+03    0.362560E+01
    0.147089E+03    0.365740E+01
    0.147405E+03    0.368672E+01
    0.147694E+03    0.371586E+01
    0.147956E+03    0.374298E+01
    0.148190E+03    0.376724E+01
    0.148396E+03    0.378861E+01
    0.148575E+03    0.380708E+01
    0.148724E+03    0.382262E+01
    0.148846E+03    0.383522E+01
    0.148939E+03    0.384486E+01
    0.149004E+03    0.385155E+01
    0.149039E+03    0.385527E+01
    0.149048E+03    0.385618E+01
    0.149050E+03    0.385637E+01
    0.149053E+03    0.385672E+01
    0.149058E+03    0.385721E+01
    0.149064E+03    0.385786E+01
    0.149072E+03    0.385865E+01
    0.149081E+03    0.385960E+01
    0.149092E+03    0.386070E+01
    0.149104E+03    0.386194E+01
    0.149117E+03    0.386333E+01
    0.149132E+03    0.386487E+01
    0.149148E+03    0.386655E+01
    0.149166E+03    0.386837E+01
    0.149185E+03    0.387033E+01
    0.149205E+03    0.387243E+01
    0.149227E+03    0.387467E+01
    0.149250E+03    0.387705E+01
    0.149274E+03    0.387955E+01
    0.149299E+03    0.388218E+01
    0.149326E+03    0.388495E+01
    0.149354E+03    0.388783E+01
    0.149383E+03    0.389084E+01
    0.149413E+03    0.389423E+01
    0.149444E+03    0.389778E+01
    0.149476E+03    0.390146E+01
    0.149510E+03    0.390526E+01
    0.149544E+03    0.390918E+01
    0.149580E+03    0.391321E+01
    0.149616E+03    0.391735E+01
    0.149653E+03    0.392159E+01
    0.149691E+03    0.392593E+01
    0.149730E+03    0.393037E+01
    0.149770E+03    0.393490E+01
    0.149811E+03    0.393951E+01
    0.149852E+03    0.394421E+01
    0.149894E+03    0.394899E+01
    0.149937E+03    0.395384E+01
    0.149980E+03    0.395875E+01
    0.150024E+03    0.396374E+01
    0.150068E+03    0.396878E+01
    0.150113E+03    0.397387E+01
    0.150158E+03    0.397902E+01
    0.150204E+03    0.398420E+01
    0.150250E+03    0.398943E+01
    0.150296E+03    0.399469E+01
    0.150342E+03    0.399998E+01
    0.150389E+03    0.400529E+01
    0.150436E+03    0.401062E+01
    0.150483E+03    0.401596E+01
    0.150530E+03    0.402132E+01
    0.150577E+03    0.402667E+01
    0.150624E+03    0.403202E+01
    0.150671E+03    0.403737E+01
    0.150718E+03    0.404270E+01
    0.150764E+03    0.404801E+01
    0.150811E+03    0.405330E+01
    0.150857E+03    0.405856E+01
    0.150903E+03    0.406378E+01
    0.150949E+03    0.406897E+01
    0.150994E+03    0.407412E+01
    0.151039E+03    0.407921E+01
    0.151083E+03    0.408425E+01
    0.151127E+03    0.408923E+01
    0.151170E+03    0.409415E+01
    0.151213E+03    0.409900E+01
    0.151255E+03    0.410386E+01
    0.151296E+03    0.410893E+01
    0.151337E+03    0.411391E+01
    0.151376E+03    0.411880E+01
    0.151415E+03    0.412358E+01
    0.151453E+03    0.412826E+01
    0.151491E+03    0.413284E+01
    0.151527E+03    0.413730E+01
    0.151563E+03    0.414165E+01
    0.151597E+03    0.414587E+01
    0.151630E+03    0.414997E+01
    0.151663E+03    0.415394E+01
    0.151694E+03    0.415778E+01
    0.151724E+03    0.416148E+01
    0.151753E+03    0.416504E+01
    0.151781E+03    0.416846E+01
    0.151808E+03    0.417173E+01
    0.151833E+03    0.417485E+01
    0.151857E+03    0.417781E+01
    0.151880E+03    0.418062E+01
    0.151902E+03    0.418327E+01
    0.151922E+03    0.418576E+01
    0.151941E+03    0.418809E+01
    0.151958E+03    0.419024E+01
    0.151975E+03    0.419223E+01
    0.151990E+03    0.419405E+01
    0.152003E+03    0.419570E+01
    0.152015E+03    0.419717E+01
    0.152026E+03    0.419847E+01
    0.152035E+03    0.419959E+01
    0.152042E+03    0.420054E+01
    0.152049E+03    0.420130E+01
    0.152053E+03    0.420189E+01
    0.152057E+03    0.420229E+01
    0.152058E+03    0.420252E+01
    0.152095E+03    0.420700E+01
    0.152249E+03    0.422588E+01
    0.152525E+03    0.425977E+01
    0.152922E+03    0.430853E+01
    0.153439E+03    0.437527E+01
    0.154073E+03    0.445820E+01
    0.154822E+03    0.455696E+01
    0.155683E+03    0.467535E+01
    0.156651E+03    0.481092E+01
    0.157723E+03    0.496503E+01
    0.158895E+03    0.513871E+01
    0.160161E+03    0.533191E+01
    0.161516E+03    0.554400E+01
    0.162955E+03    0.577566E+01
    0.164471E+03    0.602645E+01
    0.166058E+03    0.629605E+01
    0.167710E+03    0.657917E+01
    0.169419E+03    0.688341E+01
    0.171178E+03    0.719661E+01
    0.172980E+03    0.752961E+01
    0.174818E+03    0.787003E+01
    0.176684E+03    0.822247E+01
    0.178569E+03    0.858575E+01
    0.180466E+03    0.895134E+01
    0.182367E+03    0.932764E+01
    0.184265E+03    0.970711E+01
    0.186150E+03    0.100842E+02
    0.188015E+03    0.104648E+02
    0.189853E+03    0.108463E+02
    0.191656E+03    0.112204E+02
    0.193415E+03    0.115856E+02
    0.195124E+03    0.119513E+02
    0.196776E+03    0.123074E+02
    0.198363E+03    0.126496E+02
    0.199879E+03    0.129764E+02
    0.201318E+03    0.132875E+02
    0.202673E+03    0.135913E+02
    0.203939E+03    0.138752E+02
    0.205111E+03    0.141378E+02
    0.206183E+03    0.143782E+02
    0.207151E+03    0.145953E+02
    0.208012E+03    0.147882E+02
    0.208760E+03    0.149561E+02
    0.209395E+03    0.150986E+02
    0.209911E+03    0.152193E+02
    0.210309E+03    0.153121E+02
    0.210585E+03    0.153766E+02
    0.210739E+03    0.154125E+02
    0.211173E+03    0.155140E+02
    0.212867E+03    0.159095E+02
    0.215886E+03    0.166144E+02
    0.220180E+03    0.176371E+02
    0.225679E+03    0.189761E+02
    0.232294E+03    0.206361E+02
    0.239914E+03    0.225970E+02
    0.248416E+03    0.248538E+02
    0.257659E+03    0.274175E+02
    0.267492E+03    0.302418E+02
    0.277754E+03    0.332963E+02
    0.288275E+03    0.365397E+02
    0.298883E+03    0.399190E+02
    0.309405E+03    0.434247E+02
    0.319666E+03    0.469513E+02
    0.329499E+03    0.504066E+02
    0.338742E+03    0.537920E+02
    0.347244E+03    0.569551E+02
    0.354865E+03    0.598838E+02
    0.361479E+03    0.624257E+02
    0.366978E+03    0.646375E+02
    0.371272E+03    0.663706E+02
    0.374291E+03    0.675889E+02
    0.375985E+03    0.682727E+02
    0.377289E+03    0.687990E+02
    0.381139E+03    0.703663E+02
    0.388000E+03    0.732771E+02
    0.397759E+03    0.774180E+02
    0.410258E+03    0.829374E+02
    0.425290E+03    0.897230E+02
    0.442609E+03    0.978772E+02
    0.461931E+03    0.107395E+03
    0.482939E+03    0.118157E+03
    0.505287E+03    0.130052E+03
    0.528608E+03    0.143110E+03
    0.552520E+03    0.157171E+03
    0.576630E+03    0.171737E+03
    0.600542E+03    0.187094E+03
    0.623864E+03    0.202346E+03
    0.646212E+03    0.217904E+03
    0.667219E+03    0.232530E+03
    0.686541E+03    0.246773E+03
    0.703860E+03    0.260020E+03
    0.718893E+03    0.271518E+03
    0.731391E+03    0.281078E+03
    0.741151E+03    0.288543E+03
    0.748011E+03    0.293790E+03
    0.751861E+03    0.297051E+03
    0.767044E+03    0.310114E+03
    0.827746E+03    0.362339E+03
    0.936022E+03    0.468564E+03
    0.109062E+04    0.629340E+03
    0.129032E+04    0.880925E+03
    0.153459E+04    0.124602E+04
    0.182413E+04    0.176057E+04
    0.216167E+04    0.247241E+04
    0.255269E+04    0.344775E+04
    0.300645E+04    0.478242E+04
    0.353747E+04    0.662103E+04
    0.416775E+04    0.919059E+04
    0.493043E+04    0.128621E+05
    0.587599E+04    0.182685E+05
    0.708315E+04    0.265457E+05
    0.867904E+04    0.398551E+05
    0.108788E+05    0.626187E+05
    0.140691E+05    0.104730E+06
    0.190008E+05    0.191022E+06
    0.272925E+05    0.394119E+06
    0.429805E+05    0.977426E+06
    0.786042E+05    0.326913E+07
    0.191029E+06    0.193080E+08
    0.100000E+07    0.529104E+09
