    0.610952E-01    0.160772E+02
    0.321626E+00    0.160767E+02
    0.789193E+00    0.160759E+02
    0.146194E+01    0.160746E+02
    0.233706E+01    0.160728E+02
    0.341088E+01    0.160698E+02
    0.467890E+01    0.160644E+02
    0.613581E+01    0.160557E+02
    0.777548E+01    0.160427E+02
    0.959105E+01    0.160246E+02
    0.115749E+02    0.160006E+02
    0.137187E+02    0.159696E+02
    0.160135E+02    0.159308E+02
    0.184496E+02    0.158832E+02
    0.210168E+02    0.158258E+02
    0.237044E+02    0.157578E+02
    0.265011E+02    0.156783E+02
    0.293952E+02    0.155866E+02
    0.323744E+02    0.154822E+02
    0.354264E+02    0.153646E+02
    0.385383E+02    0.152336E+02
    0.416970E+02    0.150890E+02
    0.448894E+02    0.149312E+02
    0.481020E+02    0.147606E+02
    0.513213E+02    0.145777E+02
    0.545339E+02    0.143834E+02
    0.577263E+02    0.141786E+02
    0.608850E+02    0.139645E+02
    0.639969E+02    0.137424E+02
    0.670489E+02    0.135139E+02
    0.700281E+02    0.132806E+02
    0.729221E+02    0.130444E+02
    0.757188E+02    0.128072E+02
    0.784064E+02    0.125709E+02
    0.809737E+02    0.123375E+02
    0.834098E+02    0.121091E+02
    0.857046E+02    0.118879E+02
    0.878484E+02    0.116757E+02
    0.898322E+02    0.114748E+02
    0.916478E+02    0.112869E+02
    0.932875E+02    0.111141E+02
    0.947444E+02    0.109579E+02
    0.960124E+02    0.108201E+02
    0.970862E+02    0.107019E+02
    0.979613E+02    0.106046E+02
    0.986341E+02    0.105293E+02
    0.991016E+02    0.104766E+02
    0.993622E+02    0.104472E+02
    0.994325E+02    0.104392E+02
    0.994720E+02    0.104347E+02
    0.995430E+02    0.104267E+02
    0.996454E+02    0.104150E+02
    0.997792E+02    0.103998E+02
    0.999442E+02    0.103811E+02
    0.100140E+03    0.103587E+02
    0.100367E+03    0.103328E+02
    0.100625E+03    0.103033E+02
    0.100913E+03    0.102702E+02
    0.101231E+03    0.102336E+02
    0.101579E+03    0.101934E+02
    0.101956E+03    0.101497E+02
    0.102363E+03    0.101023E+02
    0.102798E+03    0.100515E+02
    0.103261E+03    0.999706E+01
    0.103753E+03    0.993910E+01
    0.104271E+03    0.987761E+01
    0.104817E+03    0.981260E+01
    0.105389E+03    0.974408E+01
    0.105986E+03    0.967205E+01
    0.106609E+03    0.959655E+01
    0.107256E+03    0.951757E+01
    0.107927E+03    0.943513E+01
    0.108621E+03    0.934927E+01
    0.109338E+03    0.926000E+01
    0.110077E+03    0.916734E+01
    0.110837E+03    0.907134E+01
    0.111618E+03    0.897201E+01
    0.112418E+03    0.886941E+01
    0.113237E+03    0.876358E+01
    0.114074E+03    0.865457E+01
    0.114928E+03    0.854243E+01
    0.115799E+03    0.842722E+01
    0.116685E+03    0.830901E+01
    0.117586E+03    0.818786E+01
    0.118501E+03    0.806386E+01
    0.119429E+03    0.793706E+01
    0.120369E+03    0.780757E+01
    0.121320E+03    0.767546E+01
    0.122281E+03    0.754083E+01
    0.123251E+03    0.740376E+01
    0.124230E+03    0.726436E+01
    0.125215E+03    0.712274E+01
    0.126208E+03    0.697899E+01
    0.127206E+03    0.683324E+01
    0.128208E+03    0.668561E+01
    0.129213E+03    0.653622E+01
    0.130221E+03    0.638519E+01
    0.131231E+03    0.623265E+01
    0.132241E+03    0.607876E+01
    0.133250E+03    0.592366E+01
    0.134258E+03    0.576759E+01
    0.135264E+03    0.561078E+01
    0.136266E+03    0.545308E+01
    0.137264E+03    0.529500E+01
    0.138256E+03    0.513645E+01
    0.139242E+03    0.497800E+01
    0.140221E+03    0.481959E+01
    0.141191E+03    0.466129E+01
    0.142152E+03    0.450364E+01
    0.143103E+03    0.434698E+01
    0.144043E+03    0.419149E+01
    0.144971E+03    0.403730E+01
    0.145885E+03    0.388469E+01
    0.146786E+03    0.373404E+01
    0.147673E+03    0.358566E+01
    0.148543E+03    0.343983E+01
    0.149398E+03    0.329689E+01
    0.150235E+03    0.315717E+01
    0.151054E+03    0.302107E+01
    0.151854E+03    0.288902E+01
    0.152634E+03    0.276141E+01
    0.153394E+03    0.263861E+01
    0.154133E+03    0.252097E+01
    0.154850E+03    0.240890E+01
    0.155545E+03    0.230284E+01
    0.156216E+03    0.220305E+01
    0.156863E+03    0.210965E+01
    0.157486E+03    0.202270E+01
    0.158083E+03    0.194243E+01
    0.158655E+03    0.186924E+01
    0.159200E+03    0.180332E+01
    0.159719E+03    0.174388E+01
    0.160210E+03    0.168965E+01
    0.160674E+03    0.163976E+01
    0.161109E+03    0.159595E+01
    0.161515E+03    0.156120E+01
    0.161893E+03    0.153713E+01
    0.162241E+03    0.152148E+01
    0.162559E+03    0.150752E+01
    0.162847E+03    0.149080E+01
    0.163104E+03    0.146947E+01
    0.163331E+03    0.144667E+01
    0.163527E+03    0.142781E+01
    0.163692E+03    0.141511E+01
    0.163826E+03    0.140839E+01
    0.163929E+03    0.140613E+01
    0.164000E+03    0.140630E+01
    0.164039E+03    0.140708E+01
    0.164049E+03    0.140734E+01
    0.164051E+03    0.140740E+01
    0.164055E+03    0.140751E+01
    0.164060E+03    0.140767E+01
    0.164067E+03    0.140790E+01
    0.164075E+03    0.140820E+01
    0.164085E+03    0.140858E+01
    0.164097E+03    0.140906E+01
    0.164110E+03    0.140965E+01
    0.164125E+03    0.141037E+01
    0.164141E+03    0.141123E+01
    0.164159E+03    0.141226E+01
    0.164178E+03    0.141347E+01
    0.164199E+03    0.141489E+01
    0.164221E+03    0.141652E+01
    0.164245E+03    0.141840E+01
    0.164270E+03    0.142053E+01
    0.164297E+03    0.142295E+01
    0.164325E+03    0.142565E+01
    0.164354E+03    0.142867E+01
    0.164385E+03    0.143200E+01
    0.164417E+03    0.143566E+01
    0.164450E+03    0.143967E+01
    0.164484E+03    0.144402E+01
    0.164520E+03    0.144872E+01
    0.164557E+03    0.145376E+01
    0.164595E+03    0.145915E+01
    0.164634E+03    0.146487E+01
    0.164674E+03    0.147092E+01
    0.164715E+03    0.147727E+01
    0.164757E+03    0.148392E+01
    0.164800E+03    0.149084E+01
    0.164844E+03    0.149792E+01
    0.164888E+03    0.150499E+01
    0.164934E+03    0.151184E+01
    0.164980E+03    0.151823E+01
    0.165027E+03    0.152393E+01
    0.165074E+03    0.152867E+01
    0.165123E+03    0.153217E+01
    0.165171E+03    0.153414E+01
    0.165221E+03    0.153429E+01
    0.165270E+03    0.153228E+01
    0.165321E+03    0.152782E+01
    0.165371E+03    0.152068E+01
    0.165422E+03    0.151125E+01
    0.165473E+03    0.150018E+01
    0.165525E+03    0.148813E+01
    0.165576E+03    0.147579E+01
    0.165628E+03    0.146385E+01
    0.165680E+03    0.145289E+01
    0.165731E+03    0.144285E+01
    0.165783E+03    0.143345E+01
    0.165835E+03    0.142453E+01
    0.165886E+03    0.141619E+01
    0.165938E+03    0.140859E+01
    0.165989E+03    0.140190E+01
    0.166040E+03    0.139627E+01
    0.166090E+03    0.139183E+01
    0.166141E+03    0.138865E+01
    0.166190E+03    0.138663E+01
    0.166240E+03    0.138565E+01
    0.166288E+03    0.138556E+01
    0.166337E+03    0.138625E+01
    0.166384E+03    0.138759E+01
    0.166431E+03    0.138946E+01
    0.166477E+03    0.139176E+01
    0.166523E+03    0.139438E+01
    0.166567E+03    0.139723E+01
    0.166611E+03    0.140020E+01
    0.166654E+03    0.140323E+01
    0.166696E+03    0.140626E+01
    0.166737E+03    0.140927E+01
    0.166777E+03    0.141226E+01
    0.166816E+03    0.141519E+01
    0.166854E+03    0.141806E+01
    0.166891E+03    0.142086E+01
    0.166926E+03    0.142357E+01
    0.166961E+03    0.142619E+01
    0.166994E+03    0.142870E+01
    0.167026E+03    0.143111E+01
    0.167057E+03    0.143340E+01
    0.167086E+03    0.143557E+01
    0.167114E+03    0.143762E+01
    0.167140E+03    0.143954E+01
    0.167166E+03    0.144134E+01
    0.167189E+03    0.144302E+01
    0.167212E+03    0.144457E+01
    0.167233E+03    0.144600E+01
    0.167252E+03    0.144730E+01
    0.167270E+03    0.144849E+01
    0.167286E+03    0.144956E+01
    0.167301E+03    0.145051E+01
    0.167314E+03    0.145135E+01
    0.167326E+03    0.145209E+01
    0.167336E+03    0.145271E+01
    0.167344E+03    0.145324E+01
    0.167351E+03    0.145366E+01
    0.167356E+03    0.145398E+01
    0.167360E+03    0.145420E+01
    0.167362E+03    0.145432E+01
    0.167402E+03    0.145668E+01
    0.167572E+03    0.146538E+01
    0.167875E+03    0.147765E+01
    0.168313E+03    0.149484E+01
    0.168882E+03    0.153103E+01
    0.169580E+03    0.159461E+01
    0.170404E+03    0.168097E+01
    0.171351E+03    0.179217E+01
    0.172417E+03    0.193320E+01
    0.173597E+03    0.210680E+01
    0.174886E+03    0.231425E+01
    0.176280E+03    0.255517E+01
    0.177771E+03    0.282754E+01
    0.179355E+03    0.312860E+01
    0.181023E+03    0.345576E+01
    0.182770E+03    0.380610E+01
    0.184588E+03    0.417693E+01
    0.186469E+03    0.456586E+01
    0.188406E+03    0.497116E+01
    0.190390E+03    0.539069E+01
    0.192412E+03    0.582262E+01
    0.194466E+03    0.626550E+01
    0.196541E+03    0.671760E+01
    0.198629E+03    0.717744E+01
    0.200721E+03    0.764222E+01
    0.202810E+03    0.811048E+01
    0.204885E+03    0.857996E+01
    0.206938E+03    0.904861E+01
    0.208960E+03    0.951447E+01
    0.210944E+03    0.997549E+01
    0.212881E+03    0.104294E+02
    0.214762E+03    0.108741E+02
    0.216580E+03    0.113074E+02
    0.218327E+03    0.117271E+02
    0.219995E+03    0.121312E+02
    0.221579E+03    0.125175E+02
    0.223070E+03    0.128841E+02
    0.224464E+03    0.132287E+02
    0.225753E+03    0.135497E+02
    0.226934E+03    0.138450E+02
    0.227999E+03    0.141130E+02
    0.228946E+03    0.143523E+02
    0.229771E+03    0.145613E+02
    0.230469E+03    0.147389E+02
    0.231037E+03    0.148840E+02
    0.231475E+03    0.149959E+02
    0.231779E+03    0.150737E+02
    0.231948E+03    0.151171E+02
    0.232426E+03    0.152399E+02
    0.234291E+03    0.157211E+02
    0.237613E+03    0.165882E+02
    0.242339E+03    0.178431E+02
    0.248392E+03    0.194868E+02
    0.255672E+03    0.215180E+02
    0.264060E+03    0.239302E+02
    0.273417E+03    0.267143E+02
    0.283591E+03    0.298531E+02
    0.294413E+03    0.333190E+02
    0.305707E+03    0.370747E+02
    0.317288E+03    0.410722E+02
    0.328964E+03    0.452525E+02
    0.340544E+03    0.495462E+02
    0.351838E+03    0.538749E+02
    0.362661E+03    0.581532E+02
    0.372834E+03    0.622905E+02
    0.382192E+03    0.661943E+02
    0.390579E+03    0.697735E+02
    0.397859E+03    0.729415E+02
    0.403912E+03    0.756188E+02
    0.408638E+03    0.777366E+02
    0.411960E+03    0.792396E+02
    0.413825E+03    0.800882E+02
    0.415260E+03    0.807441E+02
    0.419498E+03    0.826932E+02
    0.427049E+03    0.862138E+02
    0.437791E+03    0.913271E+02
    0.451547E+03    0.980553E+02
    0.468092E+03    0.106415E+03
    0.487155E+03    0.116408E+03
    0.508421E+03    0.128012E+03
    0.531543E+03    0.141173E+03
    0.556140E+03    0.155797E+03
    0.581809E+03    0.171739E+03
    0.608127E+03    0.188806E+03
    0.634664E+03    0.206747E+03
    0.660982E+03    0.225261E+03
    0.686651E+03    0.244001E+03
    0.711248E+03    0.262583E+03
    0.734370E+03    0.280601E+03
    0.755636E+03    0.297635E+03
    0.774699E+03    0.313273E+03
    0.791244E+03    0.327125E+03
    0.805000E+03    0.338839E+03
    0.815742E+03    0.348110E+03
    0.823293E+03    0.354693E+03
    0.827530E+03    0.358411E+03
    0.842804E+03    0.371954E+03
    0.903500E+03    0.427972E+03
    0.101177E+04    0.536831E+03
    0.116635E+04    0.717930E+03
    0.136604E+04    0.982910E+03
    0.161029E+04    0.136581E+04
    0.189981E+04    0.190110E+04
    0.223733E+04    0.263659E+04
    0.262831E+04    0.363862E+04
    0.308204E+04    0.500333E+04
    0.361301E+04    0.687580E+04
    0.424325E+04    0.948376E+04
    0.500588E+04    0.131991E+05
    0.595137E+04    0.186559E+05
    0.715843E+04    0.269910E+05
    0.875420E+04    0.403661E+05
    0.109538E+05    0.631996E+05
    0.141438E+05    0.105370E+06
    0.190751E+05    0.191655E+06
    0.273662E+05    0.394470E+06
    0.430531E+05    0.976320E+06
    0.786740E+05    0.326022E+07
    0.191090E+06    0.192336E+08
    0.100000E+07    0.526725E+09
