
#   rho [fm-3]      T [MeV]      kf [fm-1]       k [MeV]       av Gap(k) [MeV]       Xi (k)       SigmaHF(k)       Momdis n(k)       Gap_L1       Gap_L2
    5.136562E-02    1.000000E-01    1.150000E+00    0.000000E+00    1.641098E+00
    5.136562E-02    1.000000E-01    1.150000E+00    1.010101E-01    1.635640E+00
    5.136562E-02    1.000000E-01    1.150000E+00    2.020202E-01    1.619369E+00
    5.136562E-02    1.000000E-01    1.150000E+00    3.030303E-01    1.592173E+00
    5.136562E-02    1.000000E-01    1.150000E+00    4.040404E-01    1.554145E+00
    5.136562E-02    1.000000E-01    1.150000E+00    5.050505E-01    1.505149E+00
    5.136562E-02    1.000000E-01    1.150000E+00    6.060606E-01    1.445055E+00
    5.136562E-02    1.000000E-01    1.150000E+00    7.070707E-01    1.373798E+00
    5.136562E-02    1.000000E-01    1.150000E+00    8.080808E-01    1.291175E+00
    5.136562E-02    1.000000E-01    1.150000E+00    9.090909E-01    1.197118E+00
    5.136562E-02    1.000000E-01    1.150000E+00    1.010101E+00    1.091666E+00
    5.136562E-02    1.000000E-01    1.150000E+00    1.111111E+00    9.751052E-01
    5.136562E-02    1.000000E-01    1.150000E+00    1.212121E+00    8.479963E-01
    5.136562E-02    1.000000E-01    1.150000E+00    1.313131E+00    7.111779E-01
    5.136562E-02    1.000000E-01    1.150000E+00    1.414141E+00    5.656691E-01
    5.136562E-02    1.000000E-01    1.150000E+00    1.515152E+00    4.125215E-01
    5.136562E-02    1.000000E-01    1.150000E+00    1.616162E+00    2.527862E-01
    5.136562E-02    1.000000E-01    1.150000E+00    1.717172E+00    8.777239E-02
    5.136562E-02    1.000000E-01    1.150000E+00    1.818182E+00   -8.061357E-02
    5.136562E-02    1.000000E-01    1.150000E+00    1.919192E+00   -2.494478E-01
    5.136562E-02    1.000000E-01    1.150000E+00    2.020202E+00   -4.148654E-01
    5.136562E-02    1.000000E-01    1.150000E+00    2.121212E+00   -5.722464E-01
    5.136562E-02    1.000000E-01    1.150000E+00    2.222222E+00   -7.124589E-01
    5.136562E-02    1.000000E-01    1.150000E+00    2.323232E+00   -8.309974E-01
    5.136562E-02    1.000000E-01    1.150000E+00    2.424242E+00   -9.228943E-01
    5.136562E-02    1.000000E-01    1.150000E+00    2.525253E+00   -9.835634E-01
    5.136562E-02    1.000000E-01    1.150000E+00    2.626263E+00   -1.011145E+00
    5.136562E-02    1.000000E-01    1.150000E+00    2.727273E+00   -1.011050E+00
    5.136562E-02    1.000000E-01    1.150000E+00    2.828283E+00   -9.847569E-01
    5.136562E-02    1.000000E-01    1.150000E+00    2.929293E+00   -9.332419E-01
    5.136562E-02    1.000000E-01    1.150000E+00    3.030303E+00   -8.583614E-01
    5.136562E-02    1.000000E-01    1.150000E+00    3.131313E+00   -7.612374E-01
    5.136562E-02    1.000000E-01    1.150000E+00    3.232323E+00   -6.462997E-01
    5.136562E-02    1.000000E-01    1.150000E+00    3.333333E+00   -5.263427E-01
    5.136562E-02    1.000000E-01    1.150000E+00    3.434343E+00   -4.119054E-01
    5.136562E-02    1.000000E-01    1.150000E+00    3.535354E+00   -3.049272E-01
    5.136562E-02    1.000000E-01    1.150000E+00    3.636364E+00   -2.220560E-01
    5.136562E-02    1.000000E-01    1.150000E+00    3.737374E+00   -1.532779E-01
    5.136562E-02    1.000000E-01    1.150000E+00    3.838384E+00   -9.978734E-02
    5.136562E-02    1.000000E-01    1.150000E+00    3.939394E+00   -6.551217E-02
    5.136562E-02    1.000000E-01    1.150000E+00    4.040404E+00   -3.676806E-02
    5.136562E-02    1.000000E-01    1.150000E+00    4.141414E+00   -2.346495E-02
    5.136562E-02    1.000000E-01    1.150000E+00    4.242424E+00   -1.196110E-02
    5.136562E-02    1.000000E-01    1.150000E+00    4.343434E+00   -6.916827E-03
    5.136562E-02    1.000000E-01    1.150000E+00    4.444444E+00   -3.233802E-03
    5.136562E-02    1.000000E-01    1.150000E+00    4.545455E+00   -1.638867E-03
    5.136562E-02    1.000000E-01    1.150000E+00    4.646465E+00   -7.275278E-04
    5.136562E-02    1.000000E-01    1.150000E+00    4.747475E+00   -2.983624E-04
    5.136562E-02    1.000000E-01    1.150000E+00    4.848485E+00   -1.377818E-04
    5.136562E-02    1.000000E-01    1.150000E+00    4.949495E+00   -4.556187E-05
    5.136562E-02    1.000000E-01    1.150000E+00    5.050505E+00   -2.200455E-05
    5.136562E-02    1.000000E-01    1.150000E+00    5.151515E+00   -8.171804E-06
    5.136562E-02    1.000000E-01    1.150000E+00    5.252525E+00   -2.825506E-06
    5.136562E-02    1.000000E-01    1.150000E+00    5.353535E+00   -1.256693E-06
    5.136562E-02    1.000000E-01    1.150000E+00    5.454545E+00   -5.054035E-07
    5.136562E-02    1.000000E-01    1.150000E+00    5.555556E+00   -1.935138E-07
    5.136562E-02    1.000000E-01    1.150000E+00    5.656566E+00   -6.966285E-08
    5.136562E-02    1.000000E-01    1.150000E+00    5.757576E+00   -2.651844E-08
    5.136562E-02    1.000000E-01    1.150000E+00    5.858586E+00   -1.175610E-08
    5.136562E-02    1.000000E-01    1.150000E+00    5.959596E+00   -7.545480E-09
    5.136562E-02    1.000000E-01    1.150000E+00    6.060606E+00   -3.334859E-09
    5.136562E-02    1.000000E-01    1.150000E+00    6.161616E+00   -4.233599E-10
    5.136562E-02    1.000000E-01    1.150000E+00    6.262626E+00   -3.406557E-10
    5.136562E-02    1.000000E-01    1.150000E+00    6.363636E+00   -2.579515E-10
    5.136562E-02    1.000000E-01    1.150000E+00    6.464646E+00   -1.752473E-10
    5.136562E-02    1.000000E-01    1.150000E+00    6.565657E+00   -9.254309E-11
    5.136562E-02    1.000000E-01    1.150000E+00    6.666667E+00   -9.838889E-12
    5.136562E-02    1.000000E-01    1.150000E+00    6.767677E+00   -2.553067E-13
    5.136562E-02    1.000000E-01    1.150000E+00    6.868687E+00   -2.181369E-13
    5.136562E-02    1.000000E-01    1.150000E+00    6.969697E+00   -1.809670E-13
    5.136562E-02    1.000000E-01    1.150000E+00    7.070707E+00   -1.437971E-13
    5.136562E-02    1.000000E-01    1.150000E+00    7.171717E+00   -1.066272E-13
    5.136562E-02    1.000000E-01    1.150000E+00    7.272727E+00   -6.945737E-14
    5.136562E-02    1.000000E-01    1.150000E+00    7.373737E+00   -3.228750E-14
    5.136562E-02    1.000000E-01    1.150000E+00    7.474747E+00   -2.421896E-19
    5.136562E-02    1.000000E-01    1.150000E+00    7.575758E+00   -2.176870E-19
    5.136562E-02    1.000000E-01    1.150000E+00    7.676768E+00   -1.931845E-19
    5.136562E-02    1.000000E-01    1.150000E+00    7.777778E+00   -1.686819E-19
    5.136562E-02    1.000000E-01    1.150000E+00    7.878788E+00   -1.441794E-19
    5.136562E-02    1.000000E-01    1.150000E+00    7.979798E+00   -1.196769E-19
    5.136562E-02    1.000000E-01    1.150000E+00    8.080808E+00   -9.517432E-20
    5.136562E-02    1.000000E-01    1.150000E+00    8.181818E+00   -7.067178E-20
    5.136562E-02    1.000000E-01    1.150000E+00    8.282828E+00   -4.616924E-20
    5.136562E-02    1.000000E-01    1.150000E+00    8.383838E+00   -2.166670E-20
    5.136562E-02    1.000000E-01    1.150000E+00    8.484848E+00   -6.975144E-31
    5.136562E-02    1.000000E-01    1.150000E+00    8.585859E+00   -6.410811E-31
    5.136562E-02    1.000000E-01    1.150000E+00    8.686869E+00   -5.846479E-31
    5.136562E-02    1.000000E-01    1.150000E+00    8.787879E+00   -5.282146E-31
    5.136562E-02    1.000000E-01    1.150000E+00    8.888889E+00   -4.717814E-31
    5.136562E-02    1.000000E-01    1.150000E+00    8.989899E+00   -4.153481E-31
    5.136562E-02    1.000000E-01    1.150000E+00    9.090909E+00   -3.589149E-31
    5.136562E-02    1.000000E-01    1.150000E+00    9.191919E+00   -3.024816E-31
    5.136562E-02    1.000000E-01    1.150000E+00    9.292929E+00   -2.460484E-31
    5.136562E-02    1.000000E-01    1.150000E+00    9.393939E+00   -1.896151E-31
    5.136562E-02    1.000000E-01    1.150000E+00    9.494949E+00   -1.331819E-31
    5.136562E-02    1.000000E-01    1.150000E+00    9.595960E+00   -7.674862E-32
    5.136562E-02    1.000000E-01    1.150000E+00    9.696970E+00   -2.031537E-32
    5.136562E-02    1.000000E-01    1.150000E+00    9.797980E+00   -1.339213E-32
    5.136562E-02    1.000000E-01    1.150000E+00    9.898990E+00   -1.415211E-32
    5.136562E-02    1.000000E-01    1.150000E+00    1.000000E+01   -1.491208E-32

    5.136562E-02    2.000000E-01    1.150000E+00    0.000000E+00    1.620759E+00
    5.136562E-02    2.000000E-01    1.150000E+00    1.010101E-01    1.615367E+00
    5.136562E-02    2.000000E-01    1.150000E+00    2.020202E-01    1.599296E+00
    5.136562E-02    2.000000E-01    1.150000E+00    3.030303E-01    1.572432E+00
    5.136562E-02    2.000000E-01    1.150000E+00    4.040404E-01    1.534870E+00
    5.136562E-02    2.000000E-01    1.150000E+00    5.050505E-01    1.486474E+00
    5.136562E-02    2.000000E-01    1.150000E+00    6.060606E-01    1.427116E+00
    5.136562E-02    2.000000E-01    1.150000E+00    7.070707E-01    1.356733E+00
    5.136562E-02    2.000000E-01    1.150000E+00    8.080808E-01    1.275124E+00
    5.136562E-02    2.000000E-01    1.150000E+00    9.090909E-01    1.182222E+00
    5.136562E-02    2.000000E-01    1.150000E+00    1.010101E+00    1.078066E+00
    5.136562E-02    2.000000E-01    1.150000E+00    1.111111E+00    9.629388E-01
    5.136562E-02    2.000000E-01    1.150000E+00    1.212121E+00    8.373941E-01
    5.136562E-02    2.000000E-01    1.150000E+00    1.313131E+00    7.022604E-01
    5.136562E-02    2.000000E-01    1.150000E+00    1.414141E+00    5.585441E-01
    5.136562E-02    2.000000E-01    1.150000E+00    1.515152E+00    4.072838E-01
    5.136562E-02    2.000000E-01    1.150000E+00    1.616162E+00    2.495177E-01
    5.136562E-02    2.000000E-01    1.150000E+00    1.717172E+00    8.653871E-02
    5.136562E-02    2.000000E-01    1.150000E+00    1.818182E+00   -7.977021E-02
    5.136562E-02    2.000000E-01    1.150000E+00    1.919192E+00   -2.465211E-01
    5.136562E-02    2.000000E-01    1.150000E+00    2.020202E+00   -4.098968E-01
    5.136562E-02    2.000000E-01    1.150000E+00    2.121212E+00   -5.653340E-01
    5.136562E-02    2.000000E-01    1.150000E+00    2.222222E+00   -7.038134E-01
    5.136562E-02    2.000000E-01    1.150000E+00    2.323232E+00   -8.208847E-01
    5.136562E-02    2.000000E-01    1.150000E+00    2.424242E+00   -9.116418E-01
    5.136562E-02    2.000000E-01    1.150000E+00    2.525253E+00   -9.715551E-01
    5.136562E-02    2.000000E-01    1.150000E+00    2.626263E+00   -9.987878E-01
    5.136562E-02    2.000000E-01    1.150000E+00    2.727273E+00   -9.986843E-01
    5.136562E-02    2.000000E-01    1.150000E+00    2.828283E+00   -9.727060E-01
    5.136562E-02    2.000000E-01    1.150000E+00    2.929293E+00   -9.218161E-01
    5.136562E-02    2.000000E-01    1.150000E+00    3.030303E+00   -8.478487E-01
    5.136562E-02    2.000000E-01    1.150000E+00    3.131313E+00   -7.519121E-01
    5.136562E-02    2.000000E-01    1.150000E+00    3.232323E+00   -6.383815E-01
    5.136562E-02    2.000000E-01    1.150000E+00    3.333333E+00   -5.198942E-01
    5.136562E-02    2.000000E-01    1.150000E+00    3.434343E+00   -4.068594E-01
    5.136562E-02    2.000000E-01    1.150000E+00    3.535354E+00   -3.011924E-01
    5.136562E-02    2.000000E-01    1.150000E+00    3.636364E+00   -2.193370E-01
    5.136562E-02    2.000000E-01    1.150000E+00    3.737374E+00   -1.514018E-01
    5.136562E-02    2.000000E-01    1.150000E+00    3.838384E+00   -9.856676E-02
    5.136562E-02    2.000000E-01    1.150000E+00    3.939394E+00   -6.471137E-02
    5.136562E-02    2.000000E-01    1.150000E+00    4.040404E+00   -3.631922E-02
    5.136562E-02    2.000000E-01    1.150000E+00    4.141414E+00   -2.317878E-02
    5.136562E-02    2.000000E-01    1.150000E+00    4.242424E+00   -1.181557E-02
    5.136562E-02    2.000000E-01    1.150000E+00    4.343434E+00   -6.832825E-03
    5.136562E-02    2.000000E-01    1.150000E+00    4.444444E+00   -3.194691E-03
    5.136562E-02    2.000000E-01    1.150000E+00    4.545455E+00   -1.619125E-03
    5.136562E-02    2.000000E-01    1.150000E+00    4.646465E+00   -7.188269E-04
    5.136562E-02    2.000000E-01    1.150000E+00    4.747475E+00   -2.948301E-04
    5.136562E-02    2.000000E-01    1.150000E+00    4.848485E+00   -1.361681E-04
    5.136562E-02    2.000000E-01    1.150000E+00    4.949495E+00   -4.504110E-05
    5.136562E-02    2.000000E-01    1.150000E+00    5.050505E+00   -2.175621E-05
    5.136562E-02    2.000000E-01    1.150000E+00    5.151515E+00   -8.082185E-06
    5.136562E-02    2.000000E-01    1.150000E+00    5.252525E+00   -2.795502E-06
    5.136562E-02    2.000000E-01    1.150000E+00    5.353535E+00   -1.243550E-06
    5.136562E-02    2.000000E-01    1.150000E+00    5.454545E+00   -5.002114E-07
    5.136562E-02    2.000000E-01    1.150000E+00    5.555556E+00   -1.915517E-07
    5.136562E-02    2.000000E-01    1.150000E+00    5.656566E+00   -6.896265E-08
    5.136562E-02    2.000000E-01    1.150000E+00    5.757576E+00   -2.625305E-08
    5.136562E-02    2.000000E-01    1.150000E+00    5.858586E+00   -1.163872E-08
    5.136562E-02    2.000000E-01    1.150000E+00    5.959596E+00   -7.470150E-09
    5.136562E-02    2.000000E-01    1.150000E+00    6.060606E+00   -3.301581E-09
    5.136562E-02    2.000000E-01    1.150000E+00    6.161616E+00   -4.191578E-10
    5.136562E-02    2.000000E-01    1.150000E+00    6.262626E+00   -3.372745E-10
    5.136562E-02    2.000000E-01    1.150000E+00    6.363636E+00   -2.553912E-10
    5.136562E-02    2.000000E-01    1.150000E+00    6.464646E+00   -1.735079E-10
    5.136562E-02    2.000000E-01    1.150000E+00    6.565657E+00   -9.162456E-11
    5.136562E-02    2.000000E-01    1.150000E+00    6.666667E+00   -9.741254E-12
    5.136562E-02    2.000000E-01    1.150000E+00    6.767677E+00   -2.527932E-13
    5.136562E-02    2.000000E-01    1.150000E+00    6.868687E+00   -2.159893E-13
    5.136562E-02    2.000000E-01    1.150000E+00    6.969697E+00   -1.791854E-13
    5.136562E-02    2.000000E-01    1.150000E+00    7.070707E+00   -1.423814E-13
    5.136562E-02    2.000000E-01    1.150000E+00    7.171717E+00   -1.055775E-13
    5.136562E-02    2.000000E-01    1.150000E+00    7.272727E+00   -6.877356E-14
    5.136562E-02    2.000000E-01    1.150000E+00    7.373737E+00   -3.196963E-14
    5.136562E-02    2.000000E-01    1.150000E+00    7.474747E+00   -2.398326E-19
    5.136562E-02    2.000000E-01    1.150000E+00    7.575758E+00   -2.155685E-19
    5.136562E-02    2.000000E-01    1.150000E+00    7.676768E+00   -1.913045E-19
    5.136562E-02    2.000000E-01    1.150000E+00    7.777778E+00   -1.670404E-19
    5.136562E-02    2.000000E-01    1.150000E+00    7.878788E+00   -1.427763E-19
    5.136562E-02    2.000000E-01    1.150000E+00    7.979798E+00   -1.185122E-19
    5.136562E-02    2.000000E-01    1.150000E+00    8.080808E+00   -9.424810E-20
    5.136562E-02    2.000000E-01    1.150000E+00    8.181818E+00   -6.998402E-20
    5.136562E-02    2.000000E-01    1.150000E+00    8.282828E+00   -4.571993E-20
    5.136562E-02    2.000000E-01    1.150000E+00    8.383838E+00   -2.145584E-20
    5.136562E-02    2.000000E-01    1.150000E+00    8.484848E+00   -6.911754E-31
    5.136562E-02    2.000000E-01    1.150000E+00    8.585859E+00   -6.352516E-31
    5.136562E-02    2.000000E-01    1.150000E+00    8.686869E+00   -5.793278E-31
    5.136562E-02    2.000000E-01    1.150000E+00    8.787879E+00   -5.234040E-31
    5.136562E-02    2.000000E-01    1.150000E+00    8.888889E+00   -4.674802E-31
    5.136562E-02    2.000000E-01    1.150000E+00    8.989899E+00   -4.115564E-31
    5.136562E-02    2.000000E-01    1.150000E+00    9.090909E+00   -3.556326E-31
    5.136562E-02    2.000000E-01    1.150000E+00    9.191919E+00   -2.997088E-31
    5.136562E-02    2.000000E-01    1.150000E+00    9.292929E+00   -2.437850E-31
    5.136562E-02    2.000000E-01    1.150000E+00    9.393939E+00   -1.878612E-31
    5.136562E-02    2.000000E-01    1.150000E+00    9.494949E+00   -1.319374E-31
    5.136562E-02    2.000000E-01    1.150000E+00    9.595960E+00   -7.601360E-32
    5.136562E-02    2.000000E-01    1.150000E+00    9.696970E+00   -2.008980E-32
    5.136562E-02    2.000000E-01    1.150000E+00    9.797980E+00   -1.322689E-32
    5.136562E-02    2.000000E-01    1.150000E+00    9.898990E+00   -1.397749E-32
    5.136562E-02    2.000000E-01    1.150000E+00    1.000000E+01   -1.472810E-32

    5.136562E-02    3.000000E-01    1.150000E+00    0.000000E+00    1.515851E+00
    5.136562E-02    3.000000E-01    1.150000E+00    1.010101E-01    1.510808E+00
    5.136562E-02    3.000000E-01    1.150000E+00    2.020202E-01    1.495774E+00
    5.136562E-02    3.000000E-01    1.150000E+00    3.030303E-01    1.470645E+00
    5.136562E-02    3.000000E-01    1.150000E+00    4.040404E-01    1.435509E+00
    5.136562E-02    3.000000E-01    1.150000E+00    5.050505E-01    1.390239E+00
    5.136562E-02    3.000000E-01    1.150000E+00    6.060606E-01    1.334715E+00
    5.136562E-02    3.000000E-01    1.150000E+00    7.070707E-01    1.268879E+00
    5.136562E-02    3.000000E-01    1.150000E+00    8.080808E-01    1.192542E+00
    5.136562E-02    3.000000E-01    1.150000E+00    9.090909E-01    1.105644E+00
    5.136562E-02    3.000000E-01    1.150000E+00    1.010101E+00    1.008222E+00
    5.136562E-02    3.000000E-01    1.150000E+00    1.111111E+00    9.005403E-01
    5.136562E-02    3.000000E-01    1.150000E+00    1.212121E+00    7.831192E-01
    5.136562E-02    3.000000E-01    1.150000E+00    1.313131E+00    6.567340E-01
    5.136562E-02    3.000000E-01    1.150000E+00    1.414141E+00    5.223262E-01
    5.136562E-02    3.000000E-01    1.150000E+00    1.515152E+00    3.808673E-01
    5.136562E-02    3.000000E-01    1.150000E+00    1.616162E+00    2.333281E-01
    5.136562E-02    3.000000E-01    1.150000E+00    1.717172E+00    8.091762E-02
    5.136562E-02    3.000000E-01    1.150000E+00    1.818182E+00   -7.460364E-02
    5.136562E-02    3.000000E-01    1.150000E+00    1.919192E+00   -2.305354E-01
    5.136562E-02    3.000000E-01    1.150000E+00    2.020202E+00   -3.833085E-01
    5.136562E-02    3.000000E-01    1.150000E+00    2.121212E+00   -5.286563E-01
    5.136562E-02    3.000000E-01    1.150000E+00    2.222222E+00   -6.581450E-01
    5.136562E-02    3.000000E-01    1.150000E+00    2.323232E+00   -7.676141E-01
    5.136562E-02    3.000000E-01    1.150000E+00    2.424242E+00   -8.524762E-01
    5.136562E-02    3.000000E-01    1.150000E+00    2.525253E+00   -9.084963E-01
    5.136562E-02    3.000000E-01    1.150000E+00    2.626263E+00   -9.339571E-01
    5.136562E-02    3.000000E-01    1.150000E+00    2.727273E+00   -9.338566E-01
    5.136562E-02    3.000000E-01    1.150000E+00    2.828283E+00   -9.095615E-01
    5.136562E-02    3.000000E-01    1.150000E+00    2.929293E+00   -8.619727E-01
    5.136562E-02    3.000000E-01    1.150000E+00    3.030303E+00   -7.928053E-01
    5.136562E-02    3.000000E-01    1.150000E+00    3.131313E+00   -7.030955E-01
    5.136562E-02    3.000000E-01    1.150000E+00    3.232323E+00   -5.969348E-01
    5.136562E-02    3.000000E-01    1.150000E+00    3.333333E+00   -4.861396E-01
    5.136562E-02    3.000000E-01    1.150000E+00    3.434343E+00   -3.804432E-01
    5.136562E-02    3.000000E-01    1.150000E+00    3.535354E+00   -2.816366E-01
    5.136562E-02    3.000000E-01    1.150000E+00    3.636364E+00   -2.050957E-01
    5.136562E-02    3.000000E-01    1.150000E+00    3.737374E+00   -1.415714E-01
    5.136562E-02    3.000000E-01    1.150000E+00    3.838384E+00   -9.216686E-02
    5.136562E-02    3.000000E-01    1.150000E+00    3.939394E+00   -6.050968E-02
    5.136562E-02    3.000000E-01    1.150000E+00    4.040404E+00   -3.396102E-02
    5.136562E-02    3.000000E-01    1.150000E+00    4.141414E+00   -2.167379E-02
    5.136562E-02    3.000000E-01    1.150000E+00    4.242424E+00   -1.104839E-02
    5.136562E-02    3.000000E-01    1.150000E+00    4.343434E+00   -6.389180E-03
    5.136562E-02    3.000000E-01    1.150000E+00    4.444444E+00   -2.987269E-03
    5.136562E-02    3.000000E-01    1.150000E+00    4.545455E+00   -1.514002E-03
    5.136562E-02    3.000000E-01    1.150000E+00    4.646465E+00   -6.721586E-04
    5.136562E-02    3.000000E-01    1.150000E+00    4.747475E+00   -2.756900E-04
    5.136562E-02    3.000000E-01    1.150000E+00    4.848485E+00   -1.273288E-04
    5.136562E-02    3.000000E-01    1.150000E+00    4.949495E+00   -4.211775E-05
    5.136562E-02    3.000000E-01    1.150000E+00    5.050505E+00   -2.034427E-05
    5.136562E-02    3.000000E-01    1.150000E+00    5.151515E+00   -7.557776E-06
    5.136562E-02    3.000000E-01    1.150000E+00    5.252525E+00   -2.614164E-06
    5.136562E-02    3.000000E-01    1.150000E+00    5.353535E+00   -1.162896E-06
    5.136562E-02    3.000000E-01    1.150000E+00    5.454545E+00   -4.677746E-07
    5.136562E-02    3.000000E-01    1.150000E+00    5.555556E+00   -1.791325E-07
    5.136562E-02    3.000000E-01    1.150000E+00    5.656566E+00   -6.449221E-08
    5.136562E-02    3.000000E-01    1.150000E+00    5.757576E+00   -2.455143E-08
    5.136562E-02    3.000000E-01    1.150000E+00    5.858586E+00   -1.088441E-08
    5.136562E-02    3.000000E-01    1.150000E+00    5.959596E+00   -6.986012E-09
    5.136562E-02    3.000000E-01    1.150000E+00    6.060606E+00   -3.087613E-09
    5.136562E-02    3.000000E-01    1.150000E+00    6.161616E+00   -3.920020E-10
    5.136562E-02    3.000000E-01    1.150000E+00    6.262626E+00   -3.154236E-10
    5.136562E-02    3.000000E-01    1.150000E+00    6.363636E+00   -2.388452E-10
    5.136562E-02    3.000000E-01    1.150000E+00    6.464646E+00   -1.622669E-10
    5.136562E-02    3.000000E-01    1.150000E+00    6.565657E+00   -8.568852E-11
    5.136562E-02    3.000000E-01    1.150000E+00    6.666667E+00   -9.110164E-12
    5.136562E-02    3.000000E-01    1.150000E+00    6.767677E+00   -2.364271E-13
    5.136562E-02    3.000000E-01    1.150000E+00    6.868687E+00   -2.020059E-13
    5.136562E-02    3.000000E-01    1.150000E+00    6.969697E+00   -1.675847E-13
    5.136562E-02    3.000000E-01    1.150000E+00    7.070707E+00   -1.331635E-13
    5.136562E-02    3.000000E-01    1.150000E+00    7.171717E+00   -9.874229E-14
    5.136562E-02    3.000000E-01    1.150000E+00    7.272727E+00   -6.432108E-14
    5.136562E-02    3.000000E-01    1.150000E+00    7.373737E+00   -2.989988E-14
    5.136562E-02    3.000000E-01    1.150000E+00    7.474747E+00   -2.243234E-19
    5.136562E-02    3.000000E-01    1.150000E+00    7.575758E+00   -2.016284E-19
    5.136562E-02    3.000000E-01    1.150000E+00    7.676768E+00   -1.789334E-19
    5.136562E-02    3.000000E-01    1.150000E+00    7.777778E+00   -1.562384E-19
    5.136562E-02    3.000000E-01    1.150000E+00    7.878788E+00   -1.335434E-19
    5.136562E-02    3.000000E-01    1.150000E+00    7.979798E+00   -1.108484E-19
    5.136562E-02    3.000000E-01    1.150000E+00    8.080808E+00   -8.815335E-20
    5.136562E-02    3.000000E-01    1.150000E+00    8.181818E+00   -6.545836E-20
    5.136562E-02    3.000000E-01    1.150000E+00    8.282828E+00   -4.276336E-20
    5.136562E-02    3.000000E-01    1.150000E+00    8.383838E+00   -2.006836E-20
    5.136562E-02    3.000000E-01    1.150000E+00    8.484848E+00   -6.469516E-31
    5.136562E-02    3.000000E-01    1.150000E+00    8.585859E+00   -5.946050E-31
    5.136562E-02    3.000000E-01    1.150000E+00    8.686869E+00   -5.422584E-31
    5.136562E-02    3.000000E-01    1.150000E+00    8.787879E+00   -4.899118E-31
    5.136562E-02    3.000000E-01    1.150000E+00    8.888889E+00   -4.375653E-31
    5.136562E-02    3.000000E-01    1.150000E+00    8.989899E+00   -3.852187E-31
    5.136562E-02    3.000000E-01    1.150000E+00    9.090909E+00   -3.328721E-31
    5.136562E-02    3.000000E-01    1.150000E+00    9.191919E+00   -2.805255E-31
    5.136562E-02    3.000000E-01    1.150000E+00    9.292929E+00   -2.281790E-31
    5.136562E-02    3.000000E-01    1.150000E+00    9.393939E+00   -1.758324E-31
    5.136562E-02    3.000000E-01    1.150000E+00    9.494949E+00   -1.234858E-31
    5.136562E-02    3.000000E-01    1.150000E+00    9.595960E+00   -7.113925E-32
    5.136562E-02    3.000000E-01    1.150000E+00    9.696970E+00   -1.879268E-32
    5.136562E-02    3.000000E-01    1.150000E+00    9.797980E+00   -1.236814E-32
    5.136562E-02    3.000000E-01    1.150000E+00    9.898990E+00   -1.307002E-32
    5.136562E-02    3.000000E-01    1.150000E+00    1.000000E+01   -1.377189E-32

    5.136562E-02    4.000000E-01    1.150000E+00    0.000000E+00    1.253927E+00
    5.136562E-02    4.000000E-01    1.150000E+00    1.010101E-01    1.249754E+00
    5.136562E-02    4.000000E-01    1.150000E+00    2.020202E-01    1.237314E+00
    5.136562E-02    4.000000E-01    1.150000E+00    3.030303E-01    1.216520E+00
    5.136562E-02    4.000000E-01    1.150000E+00    4.040404E-01    1.187446E+00
    5.136562E-02    4.000000E-01    1.150000E+00    5.050505E-01    1.149985E+00
    5.136562E-02    4.000000E-01    1.150000E+00    6.060606E-01    1.104041E+00
    5.136562E-02    4.000000E-01    1.150000E+00    7.070707E-01    1.049564E+00
    5.136562E-02    4.000000E-01    1.150000E+00    8.080808E-01    9.864007E-01
    5.136562E-02    4.000000E-01    1.150000E+00    9.090909E-01    9.145006E-01
    5.136562E-02    4.000000E-01    1.150000E+00    1.010101E+00    8.338973E-01
    5.136562E-02    4.000000E-01    1.150000E+00    1.111111E+00    7.448113E-01
    5.136562E-02    4.000000E-01    1.150000E+00    1.212121E+00    6.476750E-01
    5.136562E-02    4.000000E-01    1.150000E+00    1.313131E+00    5.431312E-01
    5.136562E-02    4.000000E-01    1.150000E+00    1.414141E+00    4.319594E-01
    5.136562E-02    4.000000E-01    1.150000E+00    1.515152E+00    3.149633E-01
    5.136562E-02    4.000000E-01    1.150000E+00    1.616162E+00    1.929456E-01
    5.136562E-02    4.000000E-01    1.150000E+00    1.717172E+00    6.690596E-02
    5.136562E-02    4.000000E-01    1.150000E+00    1.818182E+00   -6.170025E-02
    5.136562E-02    4.000000E-01    1.150000E+00    1.919192E+00   -1.906407E-01
    5.136562E-02    4.000000E-01    1.150000E+00    2.020202E+00   -3.169648E-01
    5.136562E-02    4.000000E-01    1.150000E+00    2.121212E+00   -4.371456E-01
    5.136562E-02    4.000000E-01    1.150000E+00    2.222222E+00   -5.442096E-01
    5.136562E-02    4.000000E-01    1.150000E+00    2.323232E+00   -6.347182E-01
    5.136562E-02    4.000000E-01    1.150000E+00    2.424242E+00   -7.048793E-01
    5.136562E-02    4.000000E-01    1.150000E+00    2.525253E+00   -7.511919E-01
    5.136562E-02    4.000000E-01    1.150000E+00    2.626263E+00   -7.722368E-01
    5.136562E-02    4.000000E-01    1.150000E+00    2.727273E+00   -7.721472E-01
    5.136562E-02    4.000000E-01    1.150000E+00    2.828283E+00   -7.520536E-01
    5.136562E-02    4.000000E-01    1.150000E+00    2.929293E+00   -7.127013E-01
    5.136562E-02    4.000000E-01    1.150000E+00    3.030303E+00   -6.555085E-01
    5.136562E-02    4.000000E-01    1.150000E+00    3.131313E+00   -5.813320E-01
    5.136562E-02    4.000000E-01    1.150000E+00    3.232323E+00   -4.935547E-01
    5.136562E-02    4.000000E-01    1.150000E+00    3.333333E+00   -4.019464E-01
    5.136562E-02    4.000000E-01    1.150000E+00    3.434343E+00   -3.145544E-01
    5.136562E-02    4.000000E-01    1.150000E+00    3.535354E+00   -2.328595E-01
    5.136562E-02    4.000000E-01    1.150000E+00    3.636364E+00   -1.695746E-01
    5.136562E-02    4.000000E-01    1.150000E+00    3.737374E+00   -1.170521E-01
    5.136562E-02    4.000000E-01    1.150000E+00    3.838384E+00   -7.620397E-02
    5.136562E-02    4.000000E-01    1.150000E+00    3.939394E+00   -5.002963E-02
    5.136562E-02    4.000000E-01    1.150000E+00    4.040404E+00   -2.807907E-02
    5.136562E-02    4.000000E-01    1.150000E+00    4.141414E+00   -1.791995E-02
    5.136562E-02    4.000000E-01    1.150000E+00    4.242424E+00   -9.134837E-03
    5.136562E-02    4.000000E-01    1.150000E+00    4.343434E+00   -5.282589E-03
    5.136562E-02    4.000000E-01    1.150000E+00    4.444444E+00   -2.469882E-03
    5.136562E-02    4.000000E-01    1.150000E+00    4.545455E+00   -1.251782E-03
    5.136562E-02    4.000000E-01    1.150000E+00    4.646465E+00   -5.557435E-04
    5.136562E-02    4.000000E-01    1.150000E+00    4.747475E+00   -2.279422E-04
    5.136562E-02    4.000000E-01    1.150000E+00    4.848485E+00   -1.052765E-04
    5.136562E-02    4.000000E-01    1.150000E+00    4.949495E+00   -3.482358E-05
    5.136562E-02    4.000000E-01    1.150000E+00    5.050505E+00   -1.682104E-05
    5.136562E-02    4.000000E-01    1.150000E+00    5.151515E+00   -6.248996E-06
    5.136562E-02    4.000000E-01    1.150000E+00    5.252525E+00   -2.161510E-06
    5.136562E-02    4.000000E-01    1.150000E+00    5.353535E+00   -9.615475E-07
    5.136562E-02    4.000000E-01    1.150000E+00    5.454545E+00   -3.867891E-07
    5.136562E-02    4.000000E-01    1.150000E+00    5.555556E+00   -1.481222E-07
    5.136562E-02    4.000000E-01    1.150000E+00    5.656566E+00   -5.332875E-08
    5.136562E-02    4.000000E-01    1.150000E+00    5.757576E+00   -2.030196E-08
    5.136562E-02    4.000000E-01    1.150000E+00    5.858586E+00   -9.000594E-09
    5.136562E-02    4.000000E-01    1.150000E+00    5.959596E+00   -5.776916E-09
    5.136562E-02    4.000000E-01    1.150000E+00    6.060606E+00   -2.553238E-09
    5.136562E-02    4.000000E-01    1.150000E+00    6.161616E+00   -3.241728E-10
    5.136562E-02    4.000000E-01    1.150000E+00    6.262626E+00   -2.608450E-10
    5.136562E-02    4.000000E-01    1.150000E+00    6.363636E+00   -1.975172E-10
    5.136562E-02    4.000000E-01    1.150000E+00    6.464646E+00   -1.341894E-10
    5.136562E-02    4.000000E-01    1.150000E+00    6.565657E+00   -7.086161E-11
    5.136562E-02    4.000000E-01    1.150000E+00    6.666667E+00   -7.533828E-12
    5.136562E-02    4.000000E-01    1.150000E+00    6.767677E+00   -1.955370E-13
    5.136562E-02    4.000000E-01    1.150000E+00    6.868687E+00   -1.670689E-13
    5.136562E-02    4.000000E-01    1.150000E+00    6.969697E+00   -1.386009E-13
    5.136562E-02    4.000000E-01    1.150000E+00    7.070707E+00   -1.101328E-13
    5.136562E-02    4.000000E-01    1.150000E+00    7.171717E+00   -8.166478E-14
    5.136562E-02    4.000000E-01    1.150000E+00    7.272727E+00   -5.319674E-14
    5.136562E-02    4.000000E-01    1.150000E+00    7.373737E+00   -2.472869E-14
    5.136562E-02    4.000000E-01    1.150000E+00    7.474747E+00   -1.855569E-19
    5.136562E-02    4.000000E-01    1.150000E+00    7.575758E+00   -1.667839E-19
    5.136562E-02    4.000000E-01    1.150000E+00    7.676768E+00   -1.480110E-19
    5.136562E-02    4.000000E-01    1.150000E+00    7.777778E+00   -1.292380E-19
    5.136562E-02    4.000000E-01    1.150000E+00    7.878788E+00   -1.104651E-19
    5.136562E-02    4.000000E-01    1.150000E+00    7.979798E+00   -9.169209E-20
    5.136562E-02    4.000000E-01    1.150000E+00    8.080808E+00   -7.291913E-20
    5.136562E-02    4.000000E-01    1.150000E+00    8.181818E+00   -5.414617E-20
    5.136562E-02    4.000000E-01    1.150000E+00    8.282828E+00   -3.537320E-20
    5.136562E-02    4.000000E-01    1.150000E+00    8.383838E+00   -1.660024E-20
    5.136562E-02    4.000000E-01    1.150000E+00    8.484848E+00   -5.360013E-31
    5.136562E-02    4.000000E-01    1.150000E+00    8.585859E+00   -4.926304E-31
    5.136562E-02    4.000000E-01    1.150000E+00    8.686869E+00   -4.492594E-31
    5.136562E-02    4.000000E-01    1.150000E+00    8.787879E+00   -4.058885E-31
    5.136562E-02    4.000000E-01    1.150000E+00    8.888889E+00   -3.625176E-31
    5.136562E-02    4.000000E-01    1.150000E+00    8.989899E+00   -3.191467E-31
    5.136562E-02    4.000000E-01    1.150000E+00    9.090909E+00   -2.757758E-31
    5.136562E-02    4.000000E-01    1.150000E+00    9.191919E+00   -2.324048E-31
    5.136562E-02    4.000000E-01    1.150000E+00    9.292929E+00   -1.890339E-31
    5.136562E-02    4.000000E-01    1.150000E+00    9.393939E+00   -1.456630E-31
    5.136562E-02    4.000000E-01    1.150000E+00    9.494949E+00   -1.022921E-31
    5.136562E-02    4.000000E-01    1.150000E+00    9.595960E+00   -5.892113E-32
    5.136562E-02    4.000000E-01    1.150000E+00    9.696970E+00   -1.555021E-32
    5.136562E-02    4.000000E-01    1.150000E+00    9.797980E+00   -1.022623E-32
    5.136562E-02    4.000000E-01    1.150000E+00    9.898990E+00   -1.080655E-32
    5.136562E-02    4.000000E-01    1.150000E+00    1.000000E+01   -1.138688E-32

    5.136562E-02    5.000000E-01    1.150000E+00    0.000000E+00    6.355458E-01
    5.136562E-02    5.000000E-01    1.150000E+00    1.010101E-01    6.334295E-01
    5.136562E-02    5.000000E-01    1.150000E+00    2.020202E-01    6.271210E-01
    5.136562E-02    5.000000E-01    1.150000E+00    3.030303E-01    6.165765E-01
    5.136562E-02    5.000000E-01    1.150000E+00    4.040404E-01    6.018324E-01
    5.136562E-02    5.000000E-01    1.150000E+00    5.050505E-01    5.828361E-01
    5.136562E-02    5.000000E-01    1.150000E+00    6.060606E-01    5.595379E-01
    5.136562E-02    5.000000E-01    1.150000E+00    7.070707E-01    5.319133E-01
    5.136562E-02    5.000000E-01    1.150000E+00    8.080808E-01    4.998851E-01
    5.136562E-02    5.000000E-01    1.150000E+00    9.090909E-01    4.634291E-01
    5.136562E-02    5.000000E-01    1.150000E+00    1.010101E+00    4.225639E-01
    5.136562E-02    5.000000E-01    1.150000E+00    1.111111E+00    3.774027E-01
    5.136562E-02    5.000000E-01    1.150000E+00    1.212121E+00    3.281663E-01
    5.136562E-02    5.000000E-01    1.150000E+00    1.313131E+00    2.751818E-01
    5.136562E-02    5.000000E-01    1.150000E+00    1.414141E+00    2.188448E-01
    5.136562E-02    5.000000E-01    1.150000E+00    1.515152E+00    1.595627E-01
    5.136562E-02    5.000000E-01    1.150000E+00    1.616162E+00    9.774215E-02
    5.136562E-02    5.000000E-01    1.150000E+00    1.717172E+00    3.388936E-02
    5.136562E-02    5.000000E-01    1.150000E+00    1.818182E+00   -3.125878E-02
    5.136562E-02    5.000000E-01    1.150000E+00    1.919192E+00   -9.657198E-02
    5.136562E-02    5.000000E-01    1.150000E+00    2.020202E+00   -1.605563E-01
    5.136562E-02    5.000000E-01    1.150000E+00    2.121212E+00   -2.214259E-01
    5.136562E-02    5.000000E-01    1.150000E+00    2.222222E+00   -2.756492E-01
    5.136562E-02    5.000000E-01    1.150000E+00    2.323232E+00   -3.214857E-01
    5.136562E-02    5.000000E-01    1.150000E+00    2.424242E+00   -3.570155E-01
    5.136562E-02    5.000000E-01    1.150000E+00    2.525253E+00   -3.804659E-01
    5.136562E-02    5.000000E-01    1.150000E+00    2.626263E+00   -3.911190E-01
    5.136562E-02    5.000000E-01    1.150000E+00    2.727273E+00   -3.910685E-01
    5.136562E-02    5.000000E-01    1.150000E+00    2.828283E+00   -3.808873E-01
    5.136562E-02    5.000000E-01    1.150000E+00    2.929293E+00   -3.609533E-01
    5.136562E-02    5.000000E-01    1.150000E+00    3.030303E+00   -3.319848E-01
    5.136562E-02    5.000000E-01    1.150000E+00    3.131313E+00   -2.944158E-01
    5.136562E-02    5.000000E-01    1.150000E+00    3.232323E+00   -2.499595E-01
    5.136562E-02    5.000000E-01    1.150000E+00    3.333333E+00   -2.035638E-01
    5.136562E-02    5.000000E-01    1.150000E+00    3.434343E+00   -1.593039E-01
    5.136562E-02    5.000000E-01    1.150000E+00    3.535354E+00   -1.179295E-01
    5.136562E-02    5.000000E-01    1.150000E+00    3.636364E+00   -8.587924E-02
    5.136562E-02    5.000000E-01    1.150000E+00    3.737374E+00   -5.927958E-02
    5.136562E-02    5.000000E-01    1.150000E+00    3.838384E+00   -3.859246E-02
    5.136562E-02    5.000000E-01    1.150000E+00    3.939394E+00   -2.533678E-02
    5.136562E-02    5.000000E-01    1.150000E+00    4.040404E+00   -1.422020E-02
    5.136562E-02    5.000000E-01    1.150000E+00    4.141414E+00   -9.075263E-03
    5.136562E-02    5.000000E-01    1.150000E+00    4.242424E+00   -4.626179E-03
    5.136562E-02    5.000000E-01    1.150000E+00    4.343434E+00   -2.675272E-03
    5.136562E-02    5.000000E-01    1.150000E+00    4.444444E+00   -1.250824E-03
    5.136562E-02    5.000000E-01    1.150000E+00    4.545455E+00   -6.339399E-04
    5.136562E-02    5.000000E-01    1.150000E+00    4.646465E+00   -2.814445E-04
    5.136562E-02    5.000000E-01    1.150000E+00    4.747475E+00   -1.154362E-04
    5.136562E-02    5.000000E-01    1.150000E+00    4.848485E+00   -5.331479E-05
    5.136562E-02    5.000000E-01    1.150000E+00    4.949495E+00   -1.763552E-05
    5.136562E-02    5.000000E-01    1.150000E+00    5.050505E+00   -8.518599E-06
    5.136562E-02    5.000000E-01    1.150000E+00    5.151515E+00   -3.164661E-06
    5.136562E-02    5.000000E-01    1.150000E+00    5.252525E+00   -1.094660E-06
    5.136562E-02    5.000000E-01    1.150000E+00    5.353535E+00   -4.869650E-07
    5.136562E-02    5.000000E-01    1.150000E+00    5.454545E+00   -1.958886E-07
    5.136562E-02    5.000000E-01    1.150000E+00    5.555556E+00   -7.501788E-08
    5.136562E-02    5.000000E-01    1.150000E+00    5.656566E+00   -2.700957E-08
    5.136562E-02    5.000000E-01    1.150000E+00    5.757576E+00   -1.028263E-08
    5.136562E-02    5.000000E-01    1.150000E+00    5.858586E+00   -4.558747E-09
    5.136562E-02    5.000000E-01    1.150000E+00    5.959596E+00   -2.925978E-09
    5.136562E-02    5.000000E-01    1.150000E+00    6.060606E+00   -1.293210E-09
    5.136562E-02    5.000000E-01    1.150000E+00    6.161616E+00   -1.642044E-10
    5.136562E-02    5.000000E-01    1.150000E+00    6.262626E+00   -1.321268E-10
    5.136562E-02    5.000000E-01    1.150000E+00    6.363636E+00   -1.000491E-10
    5.136562E-02    5.000000E-01    1.150000E+00    6.464646E+00   -6.797146E-11
    5.136562E-02    5.000000E-01    1.150000E+00    6.565657E+00   -3.589380E-11
    5.136562E-02    5.000000E-01    1.150000E+00    6.666667E+00   -3.816154E-12
    5.136562E-02    5.000000E-01    1.150000E+00    6.767677E+00   -9.906151E-14
    5.136562E-02    5.000000E-01    1.150000E+00    6.868687E+00   -8.463923E-14
    5.136562E-02    5.000000E-01    1.150000E+00    6.969697E+00   -7.021696E-14
    5.136562E-02    5.000000E-01    1.150000E+00    7.070707E+00   -5.579469E-14
    5.136562E-02    5.000000E-01    1.150000E+00    7.171717E+00   -4.137241E-14
    5.136562E-02    5.000000E-01    1.150000E+00    7.272727E+00   -2.695014E-14
    5.136562E-02    5.000000E-01    1.150000E+00    7.373737E+00   -1.252787E-14
    5.136562E-02    5.000000E-01    1.150000E+00    7.474747E+00   -9.402956E-20
    5.136562E-02    5.000000E-01    1.150000E+00    7.575758E+00   -8.451650E-20
    5.136562E-02    5.000000E-01    1.150000E+00    7.676768E+00   -7.500344E-20
    5.136562E-02    5.000000E-01    1.150000E+00    7.777778E+00   -6.549039E-20
    5.136562E-02    5.000000E-01    1.150000E+00    7.878788E+00   -5.597733E-20
    5.136562E-02    5.000000E-01    1.150000E+00    7.979798E+00   -4.646427E-20
    5.136562E-02    5.000000E-01    1.150000E+00    8.080808E+00   -3.695122E-20
    5.136562E-02    5.000000E-01    1.150000E+00    8.181818E+00   -2.743816E-20
    5.136562E-02    5.000000E-01    1.150000E+00    8.282828E+00   -1.792510E-20
    5.136562E-02    5.000000E-01    1.150000E+00    8.383838E+00   -8.412047E-21
    5.136562E-02    5.000000E-01    1.150000E+00    8.484848E+00   -2.723161E-31
    5.136562E-02    5.000000E-01    1.150000E+00    8.585859E+00   -2.502801E-31
    5.136562E-02    5.000000E-01    1.150000E+00    8.686869E+00   -2.282442E-31
    5.136562E-02    5.000000E-01    1.150000E+00    8.787879E+00   -2.062083E-31
    5.136562E-02    5.000000E-01    1.150000E+00    8.888889E+00   -1.841724E-31
    5.136562E-02    5.000000E-01    1.150000E+00    8.989899E+00   -1.621364E-31
    5.136562E-02    5.000000E-01    1.150000E+00    9.090909E+00   -1.401005E-31
    5.136562E-02    5.000000E-01    1.150000E+00    9.191919E+00   -1.180646E-31
    5.136562E-02    5.000000E-01    1.150000E+00    9.292929E+00   -9.602865E-32
    5.136562E-02    5.000000E-01    1.150000E+00    9.393939E+00   -7.399273E-32
    5.136562E-02    5.000000E-01    1.150000E+00    9.494949E+00   -5.195680E-32
    5.136562E-02    5.000000E-01    1.150000E+00    9.595960E+00   -2.992087E-32
    5.136562E-02    5.000000E-01    1.150000E+00    9.696970E+00   -7.884945E-33
    5.136562E-02    5.000000E-01    1.150000E+00    9.797980E+00   -5.179119E-33
    5.136562E-02    5.000000E-01    1.150000E+00    9.898990E+00   -5.473034E-33
    5.136562E-02    5.000000E-01    1.150000E+00    1.000000E+01   -5.766948E-33

    5.136562E-02    6.000000E-01    1.150000E+00    0.000000E+00    4.035626E-06
    5.136562E-02    6.000000E-01    1.150000E+00    1.010101E-01    4.022199E-06
    5.136562E-02    6.000000E-01    1.150000E+00    2.020202E-01    3.982173E-06
    5.136562E-02    6.000000E-01    1.150000E+00    3.030303E-01    3.915278E-06
    5.136562E-02    6.000000E-01    1.150000E+00    4.040404E-01    3.821751E-06
    5.136562E-02    6.000000E-01    1.150000E+00    5.050505E-01    3.701271E-06
    5.136562E-02    6.000000E-01    1.150000E+00    6.060606E-01    3.553545E-06
    5.136562E-02    6.000000E-01    1.150000E+00    7.070707E-01    3.378447E-06
    5.136562E-02    6.000000E-01    1.150000E+00    8.080808E-01    3.175525E-06
    5.136562E-02    6.000000E-01    1.150000E+00    9.090909E-01    2.944671E-06
    5.136562E-02    6.000000E-01    1.150000E+00    1.010101E+00    2.686043E-06
    5.136562E-02    6.000000E-01    1.150000E+00    1.111111E+00    2.400395E-06
    5.136562E-02    6.000000E-01    1.150000E+00    1.212121E+00    2.089138E-06
    5.136562E-02    6.000000E-01    1.150000E+00    1.313131E+00    1.754334E-06
    5.136562E-02    6.000000E-01    1.150000E+00    1.414141E+00    1.398465E-06
    5.136562E-02    6.000000E-01    1.150000E+00    1.515152E+00    1.024081E-06
    5.136562E-02    6.000000E-01    1.150000E+00    1.616162E+00    6.337296E-07
    5.136562E-02    6.000000E-01    1.150000E+00    1.717172E+00    2.305919E-07
    5.136562E-02    6.000000E-01    1.150000E+00    1.818182E+00   -1.806937E-07
    5.136562E-02    6.000000E-01    1.150000E+00    1.919192E+00   -5.930093E-07
    5.136562E-02    6.000000E-01    1.150000E+00    2.020202E+00   -9.969465E-07
    5.136562E-02    6.000000E-01    1.150000E+00    2.121212E+00   -1.381260E-06
    5.136562E-02    6.000000E-01    1.150000E+00    2.222222E+00   -1.723710E-06
    5.136562E-02    6.000000E-01    1.150000E+00    2.323232E+00   -2.013338E-06
    5.136562E-02    6.000000E-01    1.150000E+00    2.424242E+00   -2.238059E-06
    5.136562E-02    6.000000E-01    1.150000E+00    2.525253E+00   -2.386717E-06
    5.136562E-02    6.000000E-01    1.150000E+00    2.626263E+00   -2.454796E-06
    5.136562E-02    6.000000E-01    1.150000E+00    2.727273E+00   -2.455483E-06
    5.136562E-02    6.000000E-01    1.150000E+00    2.828283E+00   -2.392382E-06
    5.136562E-02    6.000000E-01    1.150000E+00    2.929293E+00   -2.267849E-06
    5.136562E-02    6.000000E-01    1.150000E+00    3.030303E+00   -2.086376E-06
    5.136562E-02    6.000000E-01    1.150000E+00    3.131313E+00   -1.850663E-06
    5.136562E-02    6.000000E-01    1.150000E+00    3.232323E+00   -1.571463E-06
    5.136562E-02    6.000000E-01    1.150000E+00    3.333333E+00   -1.279925E-06
    5.136562E-02    6.000000E-01    1.150000E+00    3.434343E+00   -1.001732E-06
    5.136562E-02    6.000000E-01    1.150000E+00    3.535354E+00   -7.416256E-07
    5.136562E-02    6.000000E-01    1.150000E+00    3.636364E+00   -5.400979E-07
    5.136562E-02    6.000000E-01    1.150000E+00    3.737374E+00   -3.728344E-07
    5.136562E-02    6.000000E-01    1.150000E+00    3.838384E+00   -2.427389E-07
    5.136562E-02    6.000000E-01    1.150000E+00    3.939394E+00   -1.593711E-07
    5.136562E-02    6.000000E-01    1.150000E+00    4.040404E+00   -8.945372E-08
    5.136562E-02    6.000000E-01    1.150000E+00    4.141414E+00   -5.709109E-08
    5.136562E-02    6.000000E-01    1.150000E+00    4.242424E+00   -2.910514E-08
    5.136562E-02    6.000000E-01    1.150000E+00    4.343434E+00   -1.683203E-08
    5.136562E-02    6.000000E-01    1.150000E+00    4.444444E+00   -7.870638E-09
    5.136562E-02    6.000000E-01    1.150000E+00    4.545455E+00   -3.989279E-09
    5.136562E-02    6.000000E-01    1.150000E+00    4.646465E+00   -1.771315E-09
    5.136562E-02    6.000000E-01    1.150000E+00    4.747475E+00   -7.266273E-10
    5.136562E-02    6.000000E-01    1.150000E+00    4.848485E+00   -3.356484E-10
    5.136562E-02    6.000000E-01    1.150000E+00    4.949495E+00   -1.110619E-10
    5.136562E-02    6.000000E-01    1.150000E+00    5.050505E+00   -5.365538E-11
    5.136562E-02    6.000000E-01    1.150000E+00    5.151515E+00   -1.993995E-11
    5.136562E-02    6.000000E-01    1.150000E+00    5.252525E+00   -6.899903E-12
    5.136562E-02    6.000000E-01    1.150000E+00    5.353535E+00   -3.070036E-12
    5.136562E-02    6.000000E-01    1.150000E+00    5.454545E+00   -1.235245E-12
    5.136562E-02    6.000000E-01    1.150000E+00    5.555556E+00   -4.731400E-13
    5.136562E-02    6.000000E-01    1.150000E+00    5.656566E+00   -1.703760E-13
    5.136562E-02    6.000000E-01    1.150000E+00    5.757576E+00   -6.486931E-14
    5.136562E-02    6.000000E-01    1.150000E+00    5.858586E+00   -2.876143E-14
    5.136562E-02    6.000000E-01    1.150000E+00    5.959596E+00   -1.846030E-14
    5.136562E-02    6.000000E-01    1.150000E+00    6.060606E+00   -8.159172E-15
    5.136562E-02    6.000000E-01    1.150000E+00    6.161616E+00   -1.036265E-15
    5.136562E-02    6.000000E-01    1.150000E+00    6.262626E+00   -8.338286E-16
    5.136562E-02    6.000000E-01    1.150000E+00    6.363636E+00   -6.313923E-16
    5.136562E-02    6.000000E-01    1.150000E+00    6.464646E+00   -4.289560E-16
    5.136562E-02    6.000000E-01    1.150000E+00    6.565657E+00   -2.265198E-16
    5.136562E-02    6.000000E-01    1.150000E+00    6.666667E+00   -2.408348E-17
    5.136562E-02    6.000000E-01    1.150000E+00    6.767677E+00   -6.255316E-19
    5.136562E-02    6.000000E-01    1.150000E+00    6.868687E+00   -5.344610E-19
    5.136562E-02    6.000000E-01    1.150000E+00    6.969697E+00   -4.433905E-19
    5.136562E-02    6.000000E-01    1.150000E+00    7.070707E+00   -3.523199E-19
    5.136562E-02    6.000000E-01    1.150000E+00    7.171717E+00   -2.612493E-19
    5.136562E-02    6.000000E-01    1.150000E+00    7.272727E+00   -1.701788E-19
    5.136562E-02    6.000000E-01    1.150000E+00    7.373737E+00   -7.910818E-20
    5.136562E-02    6.000000E-01    1.150000E+00    7.474747E+00   -5.944641E-25
    5.136562E-02    6.000000E-01    1.150000E+00    7.575758E+00   -5.343216E-25
    5.136562E-02    6.000000E-01    1.150000E+00    7.676768E+00   -4.741791E-25
    5.136562E-02    6.000000E-01    1.150000E+00    7.777778E+00   -4.140366E-25
    5.136562E-02    6.000000E-01    1.150000E+00    7.878788E+00   -3.538942E-25
    5.136562E-02    6.000000E-01    1.150000E+00    7.979798E+00   -2.937517E-25
    5.136562E-02    6.000000E-01    1.150000E+00    8.080808E+00   -2.336092E-25
    5.136562E-02    6.000000E-01    1.150000E+00    8.181818E+00   -1.734667E-25
    5.136562E-02    6.000000E-01    1.150000E+00    8.282828E+00   -1.133243E-25
    5.136562E-02    6.000000E-01    1.150000E+00    8.383838E+00   -5.318179E-26
    5.136562E-02    6.000000E-01    1.150000E+00    8.484848E+00   -1.773022E-36
    5.136562E-02    6.000000E-01    1.150000E+00    8.585859E+00   -1.629432E-36
    5.136562E-02    6.000000E-01    1.150000E+00    8.686869E+00   -1.485842E-36
    5.136562E-02    6.000000E-01    1.150000E+00    8.787879E+00   -1.342252E-36
    5.136562E-02    6.000000E-01    1.150000E+00    8.888889E+00   -1.198662E-36
    5.136562E-02    6.000000E-01    1.150000E+00    8.989899E+00   -1.055072E-36
    5.136562E-02    6.000000E-01    1.150000E+00    9.090909E+00   -9.114824E-37
    5.136562E-02    6.000000E-01    1.150000E+00    9.191919E+00   -7.678925E-37
    5.136562E-02    6.000000E-01    1.150000E+00    9.292929E+00   -6.243025E-37
    5.136562E-02    6.000000E-01    1.150000E+00    9.393939E+00   -4.807126E-37
    5.136562E-02    6.000000E-01    1.150000E+00    9.494949E+00   -3.371227E-37
    5.136562E-02    6.000000E-01    1.150000E+00    9.595960E+00   -1.935327E-37
    5.136562E-02    6.000000E-01    1.150000E+00    9.696970E+00   -4.994280E-38
    5.136562E-02    6.000000E-01    1.150000E+00    9.797980E+00   -3.224034E-38
    5.136562E-02    6.000000E-01    1.150000E+00    9.898990E+00   -3.407371E-38
    5.136562E-02    6.000000E-01    1.150000E+00    1.000000E+01   -3.590708E-38

    5.136562E-02    7.000000E-01    1.150000E+00    0.000000E+00    1.835242E-06
    5.136562E-02    7.000000E-01    1.150000E+00    1.010101E-01    1.829143E-06
    5.136562E-02    7.000000E-01    1.150000E+00    2.020202E-01    1.810962E-06
    5.136562E-02    7.000000E-01    1.150000E+00    3.030303E-01    1.780579E-06
    5.136562E-02    7.000000E-01    1.150000E+00    4.040404E-01    1.738106E-06
    5.136562E-02    7.000000E-01    1.150000E+00    5.050505E-01    1.683405E-06
    5.136562E-02    7.000000E-01    1.150000E+00    6.060606E-01    1.616356E-06
    5.136562E-02    7.000000E-01    1.150000E+00    7.070707E-01    1.536917E-06
    5.136562E-02    7.000000E-01    1.150000E+00    8.080808E-01    1.444904E-06
    5.136562E-02    7.000000E-01    1.150000E+00    9.090909E-01    1.340292E-06
    5.136562E-02    7.000000E-01    1.150000E+00    1.010101E+00    1.223177E-06
    5.136562E-02    7.000000E-01    1.150000E+00    1.111111E+00    1.093916E-06
    5.136562E-02    7.000000E-01    1.150000E+00    1.212121E+00    9.531547E-07
    5.136562E-02    7.000000E-01    1.150000E+00    1.313131E+00    8.018219E-07
    5.136562E-02    7.000000E-01    1.150000E+00    1.414141E+00    6.410264E-07
    5.136562E-02    7.000000E-01    1.150000E+00    1.515152E+00    4.719065E-07
    5.136562E-02    7.000000E-01    1.150000E+00    1.616162E+00    2.956019E-07
    5.136562E-02    7.000000E-01    1.150000E+00    1.717172E+00    1.135403E-07
    5.136562E-02    7.000000E-01    1.150000E+00    1.818182E+00   -7.219101E-08
    5.136562E-02    7.000000E-01    1.150000E+00    1.919192E+00   -2.583870E-07
    5.136562E-02    7.000000E-01    1.150000E+00    2.020202E+00   -4.408109E-07
    5.136562E-02    7.000000E-01    1.150000E+00    2.121212E+00   -6.143992E-07
    5.136562E-02    7.000000E-01    1.150000E+00    2.222222E+00   -7.691380E-07
    5.136562E-02    7.000000E-01    1.150000E+00    2.323232E+00   -9.000949E-07
    5.136562E-02    7.000000E-01    1.150000E+00    2.424242E+00   -1.001830E-06
    5.136562E-02    7.000000E-01    1.150000E+00    2.525253E+00   -1.069322E-06
    5.136562E-02    7.000000E-01    1.150000E+00    2.626263E+00   -1.100542E-06
    5.136562E-02    7.000000E-01    1.150000E+00    2.727273E+00   -1.101428E-06
    5.136562E-02    7.000000E-01    1.150000E+00    2.828283E+00   -1.073599E-06
    5.136562E-02    7.000000E-01    1.150000E+00    2.929293E+00   -1.018102E-06
    5.136562E-02    7.000000E-01    1.150000E+00    3.030303E+00   -9.369420E-07
    5.136562E-02    7.000000E-01    1.150000E+00    3.131313E+00   -8.313147E-07
    5.136562E-02    7.000000E-01    1.150000E+00    3.232323E+00   -7.060408E-07
    5.136562E-02    7.000000E-01    1.150000E+00    3.333333E+00   -5.751409E-07
    5.136562E-02    7.000000E-01    1.150000E+00    3.434343E+00   -4.501882E-07
    5.136562E-02    7.000000E-01    1.150000E+00    3.535354E+00   -3.333312E-07
    5.136562E-02    7.000000E-01    1.150000E+00    3.636364E+00   -2.427687E-07
    5.136562E-02    7.000000E-01    1.150000E+00    3.737374E+00   -1.675988E-07
    5.136562E-02    7.000000E-01    1.150000E+00    3.838384E+00   -1.091261E-07
    5.136562E-02    7.000000E-01    1.150000E+00    3.939394E+00   -7.165178E-08
    5.136562E-02    7.000000E-01    1.150000E+00    4.040404E+00   -4.022187E-08
    5.136562E-02    7.000000E-01    1.150000E+00    4.141414E+00   -2.567168E-08
    5.136562E-02    7.000000E-01    1.150000E+00    4.242424E+00   -1.308904E-08
    5.136562E-02    7.000000E-01    1.150000E+00    4.343434E+00   -7.570140E-09
    5.136562E-02    7.000000E-01    1.150000E+00    4.444444E+00   -3.540303E-09
    5.136562E-02    7.000000E-01    1.150000E+00    4.545455E+00   -1.794619E-09
    5.136562E-02    7.000000E-01    1.150000E+00    4.646465E+00   -7.969948E-10
    5.136562E-02    7.000000E-01    1.150000E+00    4.747475E+00   -3.270165E-10
    5.136562E-02    7.000000E-01    1.150000E+00    4.848485E+00   -1.510921E-10
    5.136562E-02    7.000000E-01    1.150000E+00    4.949495E+00   -5.001851E-11
    5.136562E-02    7.000000E-01    1.150000E+00    5.050505E+00   -2.417026E-11
    5.136562E-02    7.000000E-01    1.150000E+00    5.151515E+00   -8.987071E-12
    5.136562E-02    7.000000E-01    1.150000E+00    5.252525E+00   -3.111602E-12
    5.136562E-02    7.000000E-01    1.150000E+00    5.353535E+00   -1.384852E-12
    5.136562E-02    7.000000E-01    1.150000E+00    5.454545E+00   -5.573834E-13
    5.136562E-02    7.000000E-01    1.150000E+00    5.555556E+00   -2.135516E-13
    5.136562E-02    7.000000E-01    1.150000E+00    5.656566E+00   -7.691463E-14
    5.136562E-02    7.000000E-01    1.150000E+00    5.757576E+00   -2.928844E-14
    5.136562E-02    7.000000E-01    1.150000E+00    5.858586E+00   -1.298687E-14
    5.136562E-02    7.000000E-01    1.150000E+00    5.959596E+00   -8.335587E-15
    5.136562E-02    7.000000E-01    1.150000E+00    6.060606E+00   -3.684299E-15
    5.136562E-02    7.000000E-01    1.150000E+00    6.161616E+00   -4.680692E-16
    5.136562E-02    7.000000E-01    1.150000E+00    6.262626E+00   -3.766311E-16
    5.136562E-02    7.000000E-01    1.150000E+00    6.363636E+00   -2.851929E-16
    5.136562E-02    7.000000E-01    1.150000E+00    6.464646E+00   -1.937548E-16
    5.136562E-02    7.000000E-01    1.150000E+00    6.565657E+00   -1.023166E-16
    5.136562E-02    7.000000E-01    1.150000E+00    6.666667E+00   -1.087846E-17
    5.136562E-02    7.000000E-01    1.150000E+00    6.767677E+00   -2.827462E-19
    5.136562E-02    7.000000E-01    1.150000E+00    6.868687E+00   -2.415815E-19
    5.136562E-02    7.000000E-01    1.150000E+00    6.969697E+00   -2.004167E-19
    5.136562E-02    7.000000E-01    1.150000E+00    7.070707E+00   -1.592519E-19
    5.136562E-02    7.000000E-01    1.150000E+00    7.171717E+00   -1.180872E-19
    5.136562E-02    7.000000E-01    1.150000E+00    7.272727E+00   -7.692242E-20
    5.136562E-02    7.000000E-01    1.150000E+00    7.373737E+00   -3.575765E-20
    5.136562E-02    7.000000E-01    1.150000E+00    7.474747E+00   -2.690895E-25
    5.136562E-02    7.000000E-01    1.150000E+00    7.575758E+00   -2.418654E-25
    5.136562E-02    7.000000E-01    1.150000E+00    7.676768E+00   -2.146414E-25
    5.136562E-02    7.000000E-01    1.150000E+00    7.777778E+00   -1.874174E-25
    5.136562E-02    7.000000E-01    1.150000E+00    7.878788E+00   -1.601934E-25
    5.136562E-02    7.000000E-01    1.150000E+00    7.979798E+00   -1.329693E-25
    5.136562E-02    7.000000E-01    1.150000E+00    8.080808E+00   -1.057453E-25
    5.136562E-02    7.000000E-01    1.150000E+00    8.181818E+00   -7.852127E-26
    5.136562E-02    7.000000E-01    1.150000E+00    8.282828E+00   -5.129724E-26
    5.136562E-02    7.000000E-01    1.150000E+00    8.383838E+00   -2.407321E-26
    5.136562E-02    7.000000E-01    1.150000E+00    8.484848E+00   -8.317244E-37
    5.136562E-02    7.000000E-01    1.150000E+00    8.585859E+00   -7.643018E-37
    5.136562E-02    7.000000E-01    1.150000E+00    8.686869E+00   -6.968791E-37
    5.136562E-02    7.000000E-01    1.150000E+00    8.787879E+00   -6.294565E-37
    5.136562E-02    7.000000E-01    1.150000E+00    8.888889E+00   -5.620339E-37
    5.136562E-02    7.000000E-01    1.150000E+00    8.989899E+00   -4.946113E-37
    5.136562E-02    7.000000E-01    1.150000E+00    9.090909E+00   -4.271887E-37
    5.136562E-02    7.000000E-01    1.150000E+00    9.191919E+00   -3.597660E-37
    5.136562E-02    7.000000E-01    1.150000E+00    9.292929E+00   -2.923434E-37
    5.136562E-02    7.000000E-01    1.150000E+00    9.393939E+00   -2.249208E-37
    5.136562E-02    7.000000E-01    1.150000E+00    9.494949E+00   -1.574982E-37
    5.136562E-02    7.000000E-01    1.150000E+00    9.595960E+00   -9.007556E-38
    5.136562E-02    7.000000E-01    1.150000E+00    9.696970E+00   -2.265294E-38
    5.136562E-02    7.000000E-01    1.150000E+00    9.797980E+00   -1.430141E-38
    5.136562E-02    7.000000E-01    1.150000E+00    9.898990E+00   -1.511683E-38
    5.136562E-02    7.000000E-01    1.150000E+00    1.000000E+01   -1.593225E-38

    5.136562E-02    8.000000E-01    1.150000E+00    0.000000E+00    1.220430E-06
    5.136562E-02    8.000000E-01    1.150000E+00    1.010101E-01    1.216378E-06
    5.136562E-02    8.000000E-01    1.150000E+00    2.020202E-01    1.204299E-06
    5.136562E-02    8.000000E-01    1.150000E+00    3.030303E-01    1.184115E-06
    5.136562E-02    8.000000E-01    1.150000E+00    4.040404E-01    1.155905E-06
    5.136562E-02    8.000000E-01    1.150000E+00    5.050505E-01    1.119580E-06
    5.136562E-02    8.000000E-01    1.150000E+00    6.060606E-01    1.075067E-06
    5.136562E-02    8.000000E-01    1.150000E+00    7.070707E-01    1.022350E-06
    5.136562E-02    8.000000E-01    1.150000E+00    8.080808E-01    9.613191E-07
    5.136562E-02    8.000000E-01    1.150000E+00    9.090909E-01    8.919722E-07
    5.136562E-02    8.000000E-01    1.150000E+00    1.010101E+00    8.143869E-07
    5.136562E-02    8.000000E-01    1.150000E+00    1.111111E+00    7.288105E-07
    5.136562E-02    8.000000E-01    1.150000E+00    1.212121E+00    6.356746E-07
    5.136562E-02    8.000000E-01    1.150000E+00    1.313131E+00    5.355901E-07
    5.136562E-02    8.000000E-01    1.150000E+00    1.414141E+00    4.292828E-07
    5.136562E-02    8.000000E-01    1.150000E+00    1.515152E+00    3.174967E-07
    5.136562E-02    8.000000E-01    1.150000E+00    1.616162E+00    2.009779E-07
    5.136562E-02    8.000000E-01    1.150000E+00    1.717172E+00    8.066439E-08
    5.136562E-02    8.000000E-01    1.150000E+00    1.818182E+00   -4.206897E-08
    5.136562E-02    8.000000E-01    1.150000E+00    1.919192E+00   -1.651098E-07
    5.136562E-02    8.000000E-01    1.150000E+00    2.020202E+00   -2.856654E-07
    5.136562E-02    8.000000E-01    1.150000E+00    2.121212E+00   -4.003984E-07
    5.136562E-02    8.000000E-01    1.150000E+00    2.222222E+00   -5.027090E-07
    5.136562E-02    8.000000E-01    1.150000E+00    2.323232E+00   -5.893471E-07
    5.136562E-02    8.000000E-01    1.150000E+00    2.424242E+00   -6.567280E-07
    5.136562E-02    8.000000E-01    1.150000E+00    2.525253E+00   -7.015446E-07
    5.136562E-02    8.000000E-01    1.150000E+00    2.626263E+00   -7.224619E-07
    5.136562E-02    8.000000E-01    1.150000E+00    2.727273E+00   -7.233929E-07
    5.136562E-02    8.000000E-01    1.150000E+00    2.828283E+00   -7.054022E-07
    5.136562E-02    8.000000E-01    1.150000E+00    2.929293E+00   -6.691727E-07
    5.136562E-02    8.000000E-01    1.150000E+00    3.030303E+00   -6.160148E-07
    5.136562E-02    8.000000E-01    1.150000E+00    3.131313E+00   -5.467042E-07
    5.136562E-02    8.000000E-01    1.150000E+00    3.232323E+00   -4.644055E-07
    5.136562E-02    8.000000E-01    1.150000E+00    3.333333E+00   -3.783561E-07
    5.136562E-02    8.000000E-01    1.150000E+00    3.434343E+00   -2.961894E-07
    5.136562E-02    8.000000E-01    1.150000E+00    3.535354E+00   -2.193290E-07
    5.136562E-02    8.000000E-01    1.150000E+00    3.636364E+00   -1.597495E-07
    5.136562E-02    8.000000E-01    1.150000E+00    3.737374E+00   -1.102935E-07
    5.136562E-02    8.000000E-01    1.150000E+00    3.838384E+00   -7.181910E-08
    5.136562E-02    8.000000E-01    1.150000E+00    3.939394E+00   -4.715899E-08
    5.136562E-02    8.000000E-01    1.150000E+00    4.040404E+00   -2.647544E-08
    5.136562E-02    8.000000E-01    1.150000E+00    4.141414E+00   -1.689880E-08
    5.136562E-02    8.000000E-01    1.150000E+00    4.242424E+00   -8.617053E-09
    5.136562E-02    8.000000E-01    1.150000E+00    4.343434E+00   -4.984059E-09
    5.136562E-02    8.000000E-01    1.150000E+00    4.444444E+00   -2.331205E-09
    5.136562E-02    8.000000E-01    1.150000E+00    4.545455E+00   -1.181838E-09
    5.136562E-02    8.000000E-01    1.150000E+00    4.646465E+00   -5.249539E-10
    5.136562E-02    8.000000E-01    1.150000E+00    4.747475E+00   -2.154429E-10
    5.136562E-02    8.000000E-01    1.150000E+00    4.848485E+00   -9.956391E-11
    5.136562E-02    8.000000E-01    1.150000E+00    4.949495E+00   -3.297597E-11
    5.136562E-02    8.000000E-01    1.150000E+00    5.050505E+00   -1.593859E-11
    5.136562E-02    8.000000E-01    1.150000E+00    5.151515E+00   -5.929404E-12
    5.136562E-02    8.000000E-01    1.150000E+00    5.252525E+00   -2.054100E-12
    5.136562E-02    8.000000E-01    1.150000E+00    5.353535E+00   -9.144460E-13
    5.136562E-02    8.000000E-01    1.150000E+00    5.454545E+00   -3.681694E-13
    5.136562E-02    8.000000E-01    1.150000E+00    5.555556E+00   -1.410933E-13
    5.136562E-02    8.000000E-01    1.150000E+00    5.656566E+00   -5.082734E-14
    5.136562E-02    8.000000E-01    1.150000E+00    5.757576E+00   -1.935702E-14
    5.136562E-02    8.000000E-01    1.150000E+00    5.858586E+00   -8.583855E-15
    5.136562E-02    8.000000E-01    1.150000E+00    5.959596E+00   -5.509560E-15
    5.136562E-02    8.000000E-01    1.150000E+00    6.060606E+00   -2.435266E-15
    5.136562E-02    8.000000E-01    1.150000E+00    6.161616E+00   -3.094743E-16
    5.136562E-02    8.000000E-01    1.150000E+00    6.262626E+00   -2.490180E-16
    5.136562E-02    8.000000E-01    1.150000E+00    6.363636E+00   -1.885617E-16
    5.136562E-02    8.000000E-01    1.150000E+00    6.464646E+00   -1.281053E-16
    5.136562E-02    8.000000E-01    1.150000E+00    6.565657E+00   -6.764900E-17
    5.136562E-02    8.000000E-01    1.150000E+00    6.666667E+00   -7.192672E-18
    5.136562E-02    8.000000E-01    1.150000E+00    6.767677E+00   -1.870684E-19
    5.136562E-02    8.000000E-01    1.150000E+00    6.868687E+00   -1.598333E-19
    5.136562E-02    8.000000E-01    1.150000E+00    6.969697E+00   -1.325982E-19
    5.136562E-02    8.000000E-01    1.150000E+00    7.070707E+00   -1.053631E-19
    5.136562E-02    8.000000E-01    1.150000E+00    7.171717E+00   -7.812795E-20
    5.136562E-02    8.000000E-01    1.150000E+00    7.272727E+00   -5.089283E-20
    5.136562E-02    8.000000E-01    1.150000E+00    7.373737E+00   -2.365771E-20
    5.136562E-02    8.000000E-01    1.150000E+00    7.474747E+00   -1.782722E-25
    5.136562E-02    8.000000E-01    1.150000E+00    7.575758E+00   -1.602362E-25
    5.136562E-02    8.000000E-01    1.150000E+00    7.676768E+00   -1.422003E-25
    5.136562E-02    8.000000E-01    1.150000E+00    7.777778E+00   -1.241643E-25
    5.136562E-02    8.000000E-01    1.150000E+00    7.878788E+00   -1.061283E-25
    5.136562E-02    8.000000E-01    1.150000E+00    7.979798E+00   -8.809238E-26
    5.136562E-02    8.000000E-01    1.150000E+00    8.080808E+00   -7.005642E-26
    5.136562E-02    8.000000E-01    1.150000E+00    8.181818E+00   -5.202046E-26
    5.136562E-02    8.000000E-01    1.150000E+00    8.282828E+00   -3.398450E-26
    5.136562E-02    8.000000E-01    1.150000E+00    8.383838E+00   -1.594854E-26
    5.136562E-02    8.000000E-01    1.150000E+00    8.484848E+00   -5.690569E-37
    5.136562E-02    8.000000E-01    1.150000E+00    8.585859E+00   -5.228886E-37
    5.136562E-02    8.000000E-01    1.150000E+00    8.686869E+00   -4.767204E-37
    5.136562E-02    8.000000E-01    1.150000E+00    8.787879E+00   -4.305521E-37
    5.136562E-02    8.000000E-01    1.150000E+00    8.888889E+00   -3.843838E-37
    5.136562E-02    8.000000E-01    1.150000E+00    8.989899E+00   -3.382155E-37
    5.136562E-02    8.000000E-01    1.150000E+00    9.090909E+00   -2.920472E-37
    5.136562E-02    8.000000E-01    1.150000E+00    9.191919E+00   -2.458789E-37
    5.136562E-02    8.000000E-01    1.150000E+00    9.292929E+00   -1.997106E-37
    5.136562E-02    8.000000E-01    1.150000E+00    9.393939E+00   -1.535423E-37
    5.136562E-02    8.000000E-01    1.150000E+00    9.494949E+00   -1.073740E-37
    5.136562E-02    8.000000E-01    1.150000E+00    9.595960E+00   -6.120571E-38
    5.136562E-02    8.000000E-01    1.150000E+00    9.696970E+00   -1.503741E-38
    5.136562E-02    8.000000E-01    1.150000E+00    9.797980E+00   -9.295200E-39
    5.136562E-02    8.000000E-01    1.150000E+00    9.898990E+00   -9.826504E-39
    5.136562E-02    8.000000E-01    1.150000E+00    1.000000E+01   -1.035781E-38

    5.136562E-02    9.000000E-01    1.150000E+00    0.000000E+00    9.075584E-07
    5.136562E-02    9.000000E-01    1.150000E+00    1.010101E-01    9.045472E-07
    5.136562E-02    9.000000E-01    1.150000E+00    2.020202E-01    8.955723E-07
    5.136562E-02    9.000000E-01    1.150000E+00    3.030303E-01    8.805761E-07
    5.136562E-02    9.000000E-01    1.150000E+00    4.040404E-01    8.596188E-07
    5.136562E-02    9.000000E-01    1.150000E+00    5.050505E-01    8.326391E-07
    5.136562E-02    9.000000E-01    1.150000E+00    6.060606E-01    7.995874E-07
    5.136562E-02    9.000000E-01    1.150000E+00    7.070707E-01    7.604577E-07
    5.136562E-02    9.000000E-01    1.150000E+00    8.080808E-01    7.151782E-07
    5.136562E-02    9.000000E-01    1.150000E+00    9.090909E-01    6.637571E-07
    5.136562E-02    9.000000E-01    1.150000E+00    1.010101E+00    6.062619E-07
    5.136562E-02    9.000000E-01    1.150000E+00    1.111111E+00    5.428827E-07
    5.136562E-02    9.000000E-01    1.150000E+00    1.212121E+00    4.739417E-07
    5.136562E-02    9.000000E-01    1.150000E+00    1.313131E+00    3.998892E-07
    5.136562E-02    9.000000E-01    1.150000E+00    1.414141E+00    3.212566E-07
    5.136562E-02    9.000000E-01    1.150000E+00    1.515152E+00    2.385881E-07
    5.136562E-02    9.000000E-01    1.150000E+00    1.616162E+00    1.524302E-07
    5.136562E-02    9.000000E-01    1.150000E+00    1.717172E+00    6.347293E-08
    5.136562E-02    9.000000E-01    1.150000E+00    1.818182E+00   -2.727050E-08
    5.136562E-02    9.000000E-01    1.150000E+00    1.919192E+00   -1.182419E-07
    5.136562E-02    9.000000E-01    1.150000E+00    2.020202E+00   -2.073813E-07
    5.136562E-02    9.000000E-01    1.150000E+00    2.121212E+00   -2.922269E-07
    5.136562E-02    9.000000E-01    1.150000E+00    2.222222E+00   -3.679110E-07
    5.136562E-02    9.000000E-01    1.150000E+00    2.323232E+00   -4.320365E-07
    5.136562E-02    9.000000E-01    1.150000E+00    2.424242E+00   -4.819602E-07
    5.136562E-02    9.000000E-01    1.150000E+00    2.525253E+00   -5.152440E-07
    5.136562E-02    9.000000E-01    1.150000E+00    2.626263E+00   -5.309046E-07
    5.136562E-02    9.000000E-01    1.150000E+00    2.727273E+00   -5.318283E-07
    5.136562E-02    9.000000E-01    1.150000E+00    2.828283E+00   -5.187986E-07
    5.136562E-02    9.000000E-01    1.150000E+00    2.929293E+00   -4.923139E-07
    5.136562E-02    9.000000E-01    1.150000E+00    3.030303E+00   -4.533331E-07
    5.136562E-02    9.000000E-01    1.150000E+00    3.131313E+00   -4.024201E-07
    5.136562E-02    9.000000E-01    1.150000E+00    3.232323E+00   -3.419004E-07
    5.136562E-02    9.000000E-01    1.150000E+00    3.333333E+00   -2.785851E-07
    5.136562E-02    9.000000E-01    1.150000E+00    3.434343E+00   -2.181083E-07
    5.136562E-02    9.000000E-01    1.150000E+00    3.535354E+00   -1.615252E-07
    5.136562E-02    9.000000E-01    1.150000E+00    3.636364E+00   -1.176545E-07
    5.136562E-02    9.000000E-01    1.150000E+00    3.737374E+00   -8.123615E-08
    5.136562E-02    9.000000E-01    1.150000E+00    3.838384E+00   -5.290162E-08
    5.136562E-02    9.000000E-01    1.150000E+00    3.939394E+00   -3.473905E-08
    5.136562E-02    9.000000E-01    1.150000E+00    4.040404E+00   -1.950459E-08
    5.136562E-02    9.000000E-01    1.150000E+00    4.141414E+00   -1.245000E-08
    5.136562E-02    9.000000E-01    1.150000E+00    4.242424E+00   -6.349183E-09
    5.136562E-02    9.000000E-01    1.150000E+00    4.343434E+00   -3.672557E-09
    5.136562E-02    9.000000E-01    1.150000E+00    4.444444E+00   -1.717996E-09
    5.136562E-02    9.000000E-01    1.150000E+00    4.545455E+00   -8.710488E-10
    5.136562E-02    9.000000E-01    1.150000E+00    4.646465E+00   -3.869726E-10
    5.136562E-02    9.000000E-01    1.150000E+00    4.747475E+00   -1.588479E-10
    5.136562E-02    9.000000E-01    1.150000E+00    4.848485E+00   -7.342477E-11
    5.136562E-02    9.000000E-01    1.150000E+00    4.949495E+00   -2.432938E-11
    5.136562E-02    9.000000E-01    1.150000E+00    5.050505E+00   -1.176191E-11
    5.136562E-02    9.000000E-01    1.150000E+00    5.151515E+00   -4.377723E-12
    5.136562E-02    9.000000E-01    1.150000E+00    5.252525E+00   -1.517353E-12
    5.136562E-02    9.000000E-01    1.150000E+00    5.353535E+00   -6.756664E-13
    5.136562E-02    9.000000E-01    1.150000E+00    5.454545E+00   -2.721141E-13
    5.136562E-02    9.000000E-01    1.150000E+00    5.555556E+00   -1.043066E-13
    5.136562E-02    9.000000E-01    1.150000E+00    5.656566E+00   -3.758216E-14
    5.136562E-02    9.000000E-01    1.150000E+00    5.757576E+00   -1.431440E-14
    5.136562E-02    9.000000E-01    1.150000E+00    5.858586E+00   -6.348189E-15
    5.136562E-02    9.000000E-01    1.150000E+00    5.959596E+00   -4.074621E-15
    5.136562E-02    9.000000E-01    1.150000E+00    6.060606E+00   -1.801054E-15
    5.136562E-02    9.000000E-01    1.150000E+00    6.161616E+00   -2.289389E-16
    5.136562E-02    9.000000E-01    1.150000E+00    6.262626E+00   -1.842153E-16
    5.136562E-02    9.000000E-01    1.150000E+00    6.363636E+00   -1.394917E-16
    5.136562E-02    9.000000E-01    1.150000E+00    6.464646E+00   -9.476817E-17
    5.136562E-02    9.000000E-01    1.150000E+00    6.565657E+00   -5.004458E-17
    5.136562E-02    9.000000E-01    1.150000E+00    6.666667E+00   -5.320997E-18
    5.136562E-02    9.000000E-01    1.150000E+00    6.767677E+00   -1.384733E-19
    5.136562E-02    9.000000E-01    1.150000E+00    6.868687E+00   -1.183131E-19
    5.136562E-02    9.000000E-01    1.150000E+00    6.969697E+00   -9.815288E-20
    5.136562E-02    9.000000E-01    1.150000E+00    7.070707E+00   -7.799268E-20
    5.136562E-02    9.000000E-01    1.150000E+00    7.171717E+00   -5.783249E-20
    5.136562E-02    9.000000E-01    1.150000E+00    7.272727E+00   -3.767229E-20
    5.136562E-02    9.000000E-01    1.150000E+00    7.373737E+00   -1.751210E-20
    5.136562E-02    9.000000E-01    1.150000E+00    7.474747E+00   -1.321281E-25
    5.136562E-02    9.000000E-01    1.150000E+00    7.575758E+00   -1.187606E-25
    5.136562E-02    9.000000E-01    1.150000E+00    7.676768E+00   -1.053930E-25
    5.136562E-02    9.000000E-01    1.150000E+00    7.777778E+00   -9.202552E-26
    5.136562E-02    9.000000E-01    1.150000E+00    7.878788E+00   -7.865800E-26
    5.136562E-02    9.000000E-01    1.150000E+00    7.979798E+00   -6.529048E-26
    5.136562E-02    9.000000E-01    1.150000E+00    8.080808E+00   -5.192296E-26
    5.136562E-02    9.000000E-01    1.150000E+00    8.181818E+00   -3.855544E-26
    5.136562E-02    9.000000E-01    1.150000E+00    8.282828E+00   -2.518792E-26
    5.136562E-02    9.000000E-01    1.150000E+00    8.383838E+00   -1.182041E-26
    5.136562E-02    9.000000E-01    1.150000E+00    8.484848E+00   -4.343541E-37
    5.136562E-02    9.000000E-01    1.150000E+00    8.585859E+00   -3.990886E-37
    5.136562E-02    9.000000E-01    1.150000E+00    8.686869E+00   -3.638231E-37
    5.136562E-02    9.000000E-01    1.150000E+00    8.787879E+00   -3.285576E-37
    5.136562E-02    9.000000E-01    1.150000E+00    8.888889E+00   -2.932922E-37
    5.136562E-02    9.000000E-01    1.150000E+00    8.989899E+00   -2.580267E-37
    5.136562E-02    9.000000E-01    1.150000E+00    9.090909E+00   -2.227612E-37
    5.136562E-02    9.000000E-01    1.150000E+00    9.191919E+00   -1.874957E-37
    5.136562E-02    9.000000E-01    1.150000E+00    9.292929E+00   -1.522303E-37
    5.136562E-02    9.000000E-01    1.150000E+00    9.393939E+00   -1.169648E-37
    5.136562E-02    9.000000E-01    1.150000E+00    9.494949E+00   -8.169930E-38
    5.136562E-02    9.000000E-01    1.150000E+00    9.595960E+00   -4.643382E-38
    5.136562E-02    9.000000E-01    1.150000E+00    9.696970E+00   -1.116834E-38
    5.136562E-02    9.000000E-01    1.150000E+00    9.797980E+00   -6.766458E-39
    5.136562E-02    9.000000E-01    1.150000E+00    9.898990E+00   -7.154143E-39
    5.136562E-02    9.000000E-01    1.150000E+00    1.000000E+01   -7.541828E-39

    5.136562E-02    1.000000E+00    1.150000E+00    0.000000E+00    7.783443E-07
    5.136562E-02    1.000000E+00    1.150000E+00    1.010101E-01    7.757635E-07
    5.136562E-02    1.000000E+00    1.150000E+00    2.020202E-01    7.680717E-07
    5.136562E-02    1.000000E+00    1.150000E+00    3.030303E-01    7.552205E-07
    5.136562E-02    1.000000E+00    1.150000E+00    4.040404E-01    7.372631E-07
    5.136562E-02    1.000000E+00    1.150000E+00    5.050505E-01    7.141496E-07
    5.136562E-02    1.000000E+00    1.150000E+00    6.060606E-01    6.858416E-07
    5.136562E-02    1.000000E+00    1.150000E+00    7.070707E-01    6.523395E-07
    5.136562E-02    1.000000E+00    1.150000E+00    8.080808E-01    6.135890E-07
    5.136562E-02    1.000000E+00    1.150000E+00    9.090909E-01    5.696052E-07
    5.136562E-02    1.000000E+00    1.150000E+00    1.010101E+00    5.204536E-07
    5.136562E-02    1.000000E+00    1.150000E+00    1.111111E+00    4.663023E-07
    5.136562E-02    1.000000E+00    1.150000E+00    1.212121E+00    4.074288E-07
    5.136562E-02    1.000000E+00    1.150000E+00    1.313131E+00    3.442155E-07
    5.136562E-02    1.000000E+00    1.150000E+00    1.414141E+00    2.771117E-07
    5.136562E-02    1.000000E+00    1.150000E+00    1.515152E+00    2.065767E-07
    5.136562E-02    1.000000E+00    1.150000E+00    1.616162E+00    1.330727E-07
    5.136562E-02    1.000000E+00    1.150000E+00    1.717172E+00    5.718527E-08
    5.136562E-02    1.000000E+00    1.150000E+00    1.818182E+00   -2.022385E-08
    5.136562E-02    1.000000E+00    1.150000E+00    1.919192E+00   -9.782836E-08
    5.136562E-02    1.000000E+00    1.150000E+00    2.020202E+00   -1.738746E-07
    5.136562E-02    1.000000E+00    1.150000E+00    2.121212E+00   -2.462670E-07
    5.136562E-02    1.000000E+00    1.150000E+00    2.222222E+00   -3.108625E-07
    5.136562E-02    1.000000E+00    1.150000E+00    2.323232E+00   -3.656208E-07
    5.136562E-02    1.000000E+00    1.150000E+00    2.424242E+00   -4.082927E-07
    5.136562E-02    1.000000E+00    1.150000E+00    2.525253E+00   -4.368039E-07
    5.136562E-02    1.000000E+00    1.150000E+00    2.626263E+00   -4.503185E-07
    5.136562E-02    1.000000E+00    1.150000E+00    2.727273E+00   -4.512933E-07
    5.136562E-02    1.000000E+00    1.150000E+00    2.828283E+00   -4.403939E-07
    5.136562E-02    1.000000E+00    1.150000E+00    2.929293E+00   -4.180401E-07
    5.136562E-02    1.000000E+00    1.150000E+00    3.030303E+00   -3.850423E-07
    5.136562E-02    1.000000E+00    1.150000E+00    3.131313E+00   -3.418736E-07
    5.136562E-02    1.000000E+00    1.150000E+00    3.232323E+00   -2.905067E-07
    5.136562E-02    1.000000E+00    1.150000E+00    3.333333E+00   -2.367369E-07
    5.136562E-02    1.000000E+00    1.150000E+00    3.434343E+00   -1.853629E-07
    5.136562E-02    1.000000E+00    1.150000E+00    3.535354E+00   -1.372872E-07
    5.136562E-02    1.000000E+00    1.150000E+00    3.636364E+00   -1.000051E-07
    5.136562E-02    1.000000E+00    1.150000E+00    3.737374E+00   -6.905433E-08
    5.136562E-02    1.000000E+00    1.150000E+00    3.838384E+00   -4.497162E-08
    5.136562E-02    1.000000E+00    1.150000E+00    3.939394E+00   -2.953319E-08
    5.136562E-02    1.000000E+00    1.150000E+00    4.040404E+00   -1.658316E-08
    5.136562E-02    1.000000E+00    1.150000E+00    4.141414E+00   -1.058566E-08
    5.136562E-02    1.000000E+00    1.150000E+00    4.242424E+00   -5.398953E-09
    5.136562E-02    1.000000E+00    1.150000E+00    4.343434E+00   -3.123094E-09
    5.136562E-02    1.000000E+00    1.150000E+00    4.444444E+00   -1.461140E-09
    5.136562E-02    1.000000E+00    1.150000E+00    4.545455E+00   -7.408877E-10
    5.136562E-02    1.000000E+00    1.150000E+00    4.646465E+00   -3.292004E-10
    5.136562E-02    1.000000E+00    1.150000E+00    4.747475E+00   -1.351596E-10
    5.136562E-02    1.000000E+00    1.150000E+00    4.848485E+00   -6.248763E-11
    5.136562E-02    1.000000E+00    1.150000E+00    4.949495E+00   -2.071402E-11
    5.136562E-02    1.000000E+00    1.150000E+00    5.050505E+00   -1.001614E-11
    5.136562E-02    1.000000E+00    1.150000E+00    5.151515E+00   -3.729650E-12
    5.136562E-02    1.000000E+00    1.150000E+00    5.252525E+00   -1.293365E-12
    5.136562E-02    1.000000E+00    1.150000E+00    5.353535E+00   -5.760623E-13
    5.136562E-02    1.000000E+00    1.150000E+00    5.454545E+00   -2.320650E-13
    5.136562E-02    1.000000E+00    1.150000E+00    5.555556E+00   -8.897468E-14
    5.136562E-02    1.000000E+00    1.150000E+00    5.656566E+00   -3.206346E-14
    5.136562E-02    1.000000E+00    1.150000E+00    5.757576E+00   -1.221375E-14
    5.136562E-02    1.000000E+00    1.150000E+00    5.858586E+00   -5.416974E-15
    5.136562E-02    1.000000E+00    1.150000E+00    5.959596E+00   -3.476937E-15
    5.136562E-02    1.000000E+00    1.150000E+00    6.060606E+00   -1.536900E-15
    5.136562E-02    1.000000E+00    1.150000E+00    6.161616E+00   -1.954099E-16
    5.136562E-02    1.000000E+00    1.150000E+00    6.262626E+00   -1.572363E-16
    5.136562E-02    1.000000E+00    1.150000E+00    6.363636E+00   -1.190627E-16
    5.136562E-02    1.000000E+00    1.150000E+00    6.464646E+00   -8.088904E-17
    5.136562E-02    1.000000E+00    1.150000E+00    6.565657E+00   -4.271541E-17
    5.136562E-02    1.000000E+00    1.150000E+00    6.666667E+00   -4.541793E-18
    5.136562E-02    1.000000E+00    1.150000E+00    6.767677E+00   -1.182628E-19
    5.136562E-02    1.000000E+00    1.150000E+00    6.868687E+00   -1.010450E-19
    5.136562E-02    1.000000E+00    1.150000E+00    6.969697E+00   -8.382723E-20
    5.136562E-02    1.000000E+00    1.150000E+00    7.070707E+00   -6.660947E-20
    5.136562E-02    1.000000E+00    1.150000E+00    7.171717E+00   -4.939170E-20
    5.136562E-02    1.000000E+00    1.150000E+00    7.272727E+00   -3.217393E-20
    5.136562E-02    1.000000E+00    1.150000E+00    7.373737E+00   -1.495616E-20
    5.136562E-02    1.000000E+00    1.150000E+00    7.474747E+00   -1.129777E-25
    5.136562E-02    1.000000E+00    1.150000E+00    7.575758E+00   -1.015477E-25
    5.136562E-02    1.000000E+00    1.150000E+00    7.676768E+00   -9.011762E-26
    5.136562E-02    1.000000E+00    1.150000E+00    7.777778E+00   -7.868756E-26
    5.136562E-02    1.000000E+00    1.150000E+00    7.878788E+00   -6.725749E-26
    5.136562E-02    1.000000E+00    1.150000E+00    7.979798E+00   -5.582743E-26
    5.136562E-02    1.000000E+00    1.150000E+00    8.080808E+00   -4.439737E-26
    5.136562E-02    1.000000E+00    1.150000E+00    8.181818E+00   -3.296731E-26
    5.136562E-02    1.000000E+00    1.150000E+00    8.282828E+00   -2.153725E-26
    5.136562E-02    1.000000E+00    1.150000E+00    8.383838E+00   -1.010719E-26
    5.136562E-02    1.000000E+00    1.150000E+00    8.484848E+00   -3.816219E-37
    5.136562E-02    1.000000E+00    1.150000E+00    8.585859E+00   -3.506176E-37
    5.136562E-02    1.000000E+00    1.150000E+00    8.686869E+00   -3.196133E-37
    5.136562E-02    1.000000E+00    1.150000E+00    8.787879E+00   -2.886090E-37
    5.136562E-02    1.000000E+00    1.150000E+00    8.888889E+00   -2.576047E-37
    5.136562E-02    1.000000E+00    1.150000E+00    8.989899E+00   -2.266003E-37
    5.136562E-02    1.000000E+00    1.150000E+00    9.090909E+00   -1.955960E-37
    5.136562E-02    1.000000E+00    1.150000E+00    9.191919E+00   -1.645917E-37
    5.136562E-02    1.000000E+00    1.150000E+00    9.292929E+00   -1.335874E-37
    5.136562E-02    1.000000E+00    1.150000E+00    9.393939E+00   -1.025831E-37
    5.136562E-02    1.000000E+00    1.150000E+00    9.494949E+00   -7.157879E-38
    5.136562E-02    1.000000E+00    1.150000E+00    9.595960E+00   -4.057448E-38
    5.136562E-02    1.000000E+00    1.150000E+00    9.696970E+00   -9.570172E-39
    5.136562E-02    1.000000E+00    1.150000E+00    9.797980E+00   -5.687876E-39
    5.136562E-02    1.000000E+00    1.150000E+00    9.898990E+00   -6.014508E-39
    5.136562E-02    1.000000E+00    1.150000E+00    1.000000E+01   -6.341140E-39

    5.136562E-02    1.100000E+00    1.150000E+00    0.000000E+00    6.845868E-07
    5.136562E-02    1.100000E+00    1.150000E+00    1.010101E-01    6.823182E-07
    5.136562E-02    1.100000E+00    1.150000E+00    2.020202E-01    6.755570E-07
    5.136562E-02    1.100000E+00    1.150000E+00    3.030303E-01    6.642614E-07
    5.136562E-02    1.100000E+00    1.150000E+00    4.040404E-01    6.484795E-07
    5.136562E-02    1.100000E+00    1.150000E+00    5.050505E-01    6.281698E-07
    5.136562E-02    1.100000E+00    1.150000E+00    6.060606E-01    6.033019E-07
    5.136562E-02    1.100000E+00    1.150000E+00    7.070707E-01    5.738807E-07
    5.136562E-02    1.100000E+00    1.150000E+00    8.080808E-01    5.398646E-07
    5.136562E-02    1.100000E+00    1.150000E+00    9.090909E-01    5.012735E-07
    5.136562E-02    1.100000E+00    1.150000E+00    1.010101E+00    4.581712E-07
    5.136562E-02    1.100000E+00    1.150000E+00    1.111111E+00    4.107099E-07
    5.136562E-02    1.100000E+00    1.150000E+00    1.212121E+00    3.591343E-07
    5.136562E-02    1.100000E+00    1.150000E+00    1.313131E+00    3.037777E-07
    5.136562E-02    1.100000E+00    1.150000E+00    1.414141E+00    2.450300E-07
    5.136562E-02    1.100000E+00    1.150000E+00    1.515152E+00    1.832888E-07
    5.136562E-02    1.100000E+00    1.150000E+00    1.616162E+00    1.189553E-07
    5.136562E-02    1.100000E+00    1.150000E+00    1.717172E+00    5.253938E-08
    5.136562E-02    1.100000E+00    1.150000E+00    1.818182E+00   -1.520685E-08
    5.136562E-02    1.100000E+00    1.150000E+00    1.919192E+00   -8.312506E-08
    5.136562E-02    1.100000E+00    1.150000E+00    2.020202E+00   -1.496835E-07
    5.136562E-02    1.100000E+00    1.150000E+00    2.121212E+00   -2.130517E-07
    5.136562E-02    1.100000E+00    1.150000E+00    2.222222E+00   -2.696114E-07
    5.136562E-02    1.100000E+00    1.150000E+00    2.323232E+00   -3.175807E-07
    5.136562E-02    1.100000E+00    1.150000E+00    2.424242E+00   -3.549956E-07
    5.136562E-02    1.100000E+00    1.150000E+00    2.525253E+00   -3.800452E-07
    5.136562E-02    1.100000E+00    1.150000E+00    2.626263E+00   -3.920005E-07
    5.136562E-02    1.100000E+00    1.150000E+00    2.727273E+00   -3.930070E-07
    5.136562E-02    1.100000E+00    1.150000E+00    2.828283E+00   -3.836451E-07
    5.136562E-02    1.100000E+00    1.150000E+00    2.929293E+00   -3.642778E-07
    5.136562E-02    1.100000E+00    1.150000E+00    3.030303E+00   -3.356079E-07
    5.136562E-02    1.100000E+00    1.150000E+00    3.131313E+00   -2.980432E-07
    5.136562E-02    1.100000E+00    1.150000E+00    3.232323E+00   -2.533008E-07
    5.136562E-02    1.100000E+00    1.150000E+00    3.333333E+00   -2.064406E-07
    5.136562E-02    1.100000E+00    1.150000E+00    3.434343E+00   -1.616563E-07
    5.136562E-02    1.100000E+00    1.150000E+00    3.535354E+00   -1.197394E-07
    5.136562E-02    1.100000E+00    1.150000E+00    3.636364E+00   -8.722699E-08
    5.136562E-02    1.100000E+00    1.150000E+00    3.737374E+00   -6.023467E-08
    5.136562E-02    1.100000E+00    1.150000E+00    3.838384E+00   -3.923021E-08
    5.136562E-02    1.100000E+00    1.150000E+00    3.939394E+00   -2.576406E-08
    5.136562E-02    1.100000E+00    1.150000E+00    4.040404E+00   -1.446795E-08
    5.136562E-02    1.100000E+00    1.150000E+00    4.141414E+00   -9.235807E-09
    5.136562E-02    1.100000E+00    1.150000E+00    4.242424E+00   -4.710938E-09
    5.136562E-02    1.100000E+00    1.150000E+00    4.343434E+00   -2.725250E-09
    5.136562E-02    1.100000E+00    1.150000E+00    4.444444E+00   -1.275157E-09
    5.136562E-02    1.100000E+00    1.150000E+00    4.545455E+00   -6.466400E-10
    5.136562E-02    1.100000E+00    1.150000E+00    4.646465E+00   -2.873673E-10
    5.136562E-02    1.100000E+00    1.150000E+00    4.747475E+00   -1.180063E-10
    5.136562E-02    1.100000E+00    1.150000E+00    4.848485E+00   -5.456751E-11
    5.136562E-02    1.100000E+00    1.150000E+00    4.949495E+00   -1.809579E-11
    5.136562E-02    1.100000E+00    1.150000E+00    5.050505E+00   -8.751831E-12
    5.136562E-02    1.100000E+00    1.150000E+00    5.151515E+00   -3.260273E-12
    5.136562E-02    1.100000E+00    1.150000E+00    5.252525E+00   -1.131127E-12
    5.136562E-02    1.100000E+00    1.150000E+00    5.353535E+00   -5.039147E-13
    5.136562E-02    1.100000E+00    1.150000E+00    5.454545E+00   -2.030545E-13
    5.136562E-02    1.100000E+00    1.150000E+00    5.555556E+00   -7.786824E-14
    5.136562E-02    1.100000E+00    1.150000E+00    5.656566E+00   -2.806562E-14
    5.136562E-02    1.100000E+00    1.150000E+00    5.757576E+00   -1.069198E-14
    5.136562E-02    1.100000E+00    1.150000E+00    5.858586E+00   -4.742365E-15
    5.136562E-02    1.100000E+00    1.150000E+00    5.959596E+00   -3.043950E-15
    5.136562E-02    1.100000E+00    1.150000E+00    6.060606E+00   -1.345536E-15
    5.136562E-02    1.100000E+00    1.150000E+00    6.161616E+00   -1.711191E-16
    5.136562E-02    1.100000E+00    1.150000E+00    6.262626E+00   -1.376908E-16
    5.136562E-02    1.100000E+00    1.150000E+00    6.363636E+00   -1.042624E-16
    5.136562E-02    1.100000E+00    1.150000E+00    6.464646E+00   -7.083402E-17
    5.136562E-02    1.100000E+00    1.150000E+00    6.565657E+00   -3.740565E-17
    5.136562E-02    1.100000E+00    1.150000E+00    6.666667E+00   -3.977281E-18
    5.136562E-02    1.100000E+00    1.150000E+00    6.767677E+00   -1.036197E-19
    5.136562E-02    1.100000E+00    1.150000E+00    6.868687E+00   -8.853382E-20
    5.136562E-02    1.100000E+00    1.150000E+00    6.969697E+00   -7.344792E-20
    5.136562E-02    1.100000E+00    1.150000E+00    7.070707E+00   -5.836202E-20
    5.136562E-02    1.100000E+00    1.150000E+00    7.171717E+00   -4.327612E-20
    5.136562E-02    1.100000E+00    1.150000E+00    7.272727E+00   -2.819022E-20
    5.136562E-02    1.100000E+00    1.150000E+00    7.373737E+00   -1.310432E-20
    5.136562E-02    1.100000E+00    1.150000E+00    7.474747E+00   -9.910089E-26
    5.136562E-02    1.100000E+00    1.150000E+00    7.575758E+00   -8.907476E-26
    5.136562E-02    1.100000E+00    1.150000E+00    7.676768E+00   -7.904863E-26
    5.136562E-02    1.100000E+00    1.150000E+00    7.777778E+00   -6.902250E-26
    5.136562E-02    1.100000E+00    1.150000E+00    7.878788E+00   -5.899638E-26
    5.136562E-02    1.100000E+00    1.150000E+00    7.979798E+00   -4.897025E-26
    5.136562E-02    1.100000E+00    1.150000E+00    8.080808E+00   -3.894412E-26
    5.136562E-02    1.100000E+00    1.150000E+00    8.181818E+00   -2.891799E-26
    5.136562E-02    1.100000E+00    1.150000E+00    8.282828E+00   -1.889187E-26
    5.136562E-02    1.100000E+00    1.150000E+00    8.383838E+00   -8.865738E-27
    5.136562E-02    1.100000E+00    1.150000E+00    8.484848E+00   -3.433094E-37
    5.136562E-02    1.100000E+00    1.150000E+00    8.585859E+00   -3.154014E-37
    5.136562E-02    1.100000E+00    1.150000E+00    8.686869E+00   -2.874933E-37
    5.136562E-02    1.100000E+00    1.150000E+00    8.787879E+00   -2.595853E-37
    5.136562E-02    1.100000E+00    1.150000E+00    8.888889E+00   -2.316773E-37
    5.136562E-02    1.100000E+00    1.150000E+00    8.989899E+00   -2.037693E-37
    5.136562E-02    1.100000E+00    1.150000E+00    9.090909E+00   -1.758612E-37
    5.136562E-02    1.100000E+00    1.150000E+00    9.191919E+00   -1.479532E-37
    5.136562E-02    1.100000E+00    1.150000E+00    9.292929E+00   -1.200452E-37
    5.136562E-02    1.100000E+00    1.150000E+00    9.393939E+00   -9.213717E-38
    5.136562E-02    1.100000E+00    1.150000E+00    9.494949E+00   -6.422915E-38
    5.136562E-02    1.100000E+00    1.150000E+00    9.595960E+00   -3.632112E-38
    5.136562E-02    1.100000E+00    1.150000E+00    9.696970E+00   -8.413100E-39
    5.136562E-02    1.100000E+00    1.150000E+00    9.797980E+00   -4.908549E-39
    5.136562E-02    1.100000E+00    1.150000E+00    9.898990E+00   -5.191050E-39
    5.136562E-02    1.100000E+00    1.150000E+00    1.000000E+01   -5.473551E-39

