
#   rho [fm-3]      T [MeV]      kf [fm-1]       k [fm-1]       Gap(k) [MeV]       auxgap
    2.000000E-02    0.000000E+00    8.397506E-01    0.000000E+00    3.246946E+00
    2.000000E-02    0.000000E+00    8.397506E-01    1.010101E-01    3.232561E+00
    2.000000E-02    0.000000E+00    8.397506E-01    2.020202E-01    3.189720E+00
    2.000000E-02    0.000000E+00    8.397506E-01    3.030303E-01    3.118925E+00
    2.000000E-02    0.000000E+00    8.397506E-01    4.040404E-01    3.021010E+00
    2.000000E-02    0.000000E+00    8.397506E-01    5.050505E-01    2.897251E+00
    2.000000E-02    0.000000E+00    8.397506E-01    6.060606E-01    2.749304E+00
    2.000000E-02    0.000000E+00    8.397506E-01    7.070707E-01    2.579558E+00
    2.000000E-02    0.000000E+00    8.397506E-01    8.080808E-01    2.391003E+00
    2.000000E-02    0.000000E+00    8.397506E-01    9.090909E-01    2.187254E+00
    2.000000E-02    0.000000E+00    8.397506E-01    1.010101E+00    1.972382E+00
    2.000000E-02    0.000000E+00    8.397506E-01    1.111111E+00    1.750636E+00
    2.000000E-02    0.000000E+00    8.397506E-01    1.212121E+00    1.526052E+00
    2.000000E-02    0.000000E+00    8.397506E-01    1.313131E+00    1.302317E+00
    2.000000E-02    0.000000E+00    8.397506E-01    1.414141E+00    1.082478E+00
    2.000000E-02    0.000000E+00    8.397506E-01    1.515152E+00    8.690279E-01
    2.000000E-02    0.000000E+00    8.397506E-01    1.616162E+00    6.637542E-01
    2.000000E-02    0.000000E+00    8.397506E-01    1.717172E+00    4.686466E-01
    2.000000E-02    0.000000E+00    8.397506E-01    1.818182E+00    2.849523E-01
    2.000000E-02    0.000000E+00    8.397506E-01    1.919192E+00    1.131840E-01
    2.000000E-02    0.000000E+00    8.397506E-01    2.020202E+00   -4.592667E-02
    2.000000E-02    0.000000E+00    8.397506E-01    2.121212E+00   -1.915436E-01
    2.000000E-02    0.000000E+00    8.397506E-01    2.222222E+00   -3.235886E-01
    2.000000E-02    0.000000E+00    8.397506E-01    2.323232E+00   -4.413197E-01
    2.000000E-02    0.000000E+00    8.397506E-01    2.424242E+00   -5.463278E-01
    2.000000E-02    0.000000E+00    8.397506E-01    2.525253E+00   -6.383701E-01
    2.000000E-02    0.000000E+00    8.397506E-01    2.626263E+00   -7.179198E-01
    2.000000E-02    0.000000E+00    8.397506E-01    2.727273E+00   -7.858367E-01
    2.000000E-02    0.000000E+00    8.397506E-01    2.828283E+00   -8.430512E-01
    2.000000E-02    0.000000E+00    8.397506E-01    2.929293E+00   -8.878556E-01
    2.000000E-02    0.000000E+00    8.397506E-01    3.030303E+00   -9.220717E-01
    2.000000E-02    0.000000E+00    8.397506E-01    3.131313E+00   -9.479269E-01
    2.000000E-02    0.000000E+00    8.397506E-01    3.232323E+00   -9.659615E-01
    2.000000E-02    0.000000E+00    8.397506E-01    3.333333E+00   -9.749976E-01
    2.000000E-02    0.000000E+00    8.397506E-01    3.434343E+00   -9.762851E-01
    2.000000E-02    0.000000E+00    8.397506E-01    3.535354E+00   -9.718023E-01
    2.000000E-02    0.000000E+00    8.397506E-01    3.636364E+00   -9.618196E-01
    2.000000E-02    0.000000E+00    8.397506E-01    3.737374E+00   -9.467070E-01
    2.000000E-02    0.000000E+00    8.397506E-01    3.838384E+00   -9.269811E-01
    2.000000E-02    0.000000E+00    8.397506E-01    3.939394E+00   -9.032929E-01
    2.000000E-02    0.000000E+00    8.397506E-01    4.040404E+00   -8.763821E-01
    2.000000E-02    0.000000E+00    8.397506E-01    4.141414E+00   -8.469454E-01
    2.000000E-02    0.000000E+00    8.397506E-01    4.242424E+00   -8.151192E-01
    2.000000E-02    0.000000E+00    8.397506E-01    4.343434E+00   -7.809208E-01
    2.000000E-02    0.000000E+00    8.397506E-01    4.444444E+00   -7.460385E-01
    2.000000E-02    0.000000E+00    8.397506E-01    4.545455E+00   -7.111563E-01
    2.000000E-02    0.000000E+00    8.397506E-01    4.646465E+00   -6.756087E-01
    2.000000E-02    0.000000E+00    8.397506E-01    4.747475E+00   -6.397347E-01
    2.000000E-02    0.000000E+00    8.397506E-01    4.848485E+00   -6.038608E-01
    2.000000E-02    0.000000E+00    8.397506E-01    4.949495E+00   -5.679868E-01
    2.000000E-02    0.000000E+00    8.397506E-01    5.050505E+00   -5.321128E-01
    2.000000E-02    0.000000E+00    8.397506E-01    5.151515E+00   -4.975762E-01
    2.000000E-02    0.000000E+00    8.397506E-01    5.252525E+00   -4.672966E-01
    2.000000E-02    0.000000E+00    8.397506E-01    5.353535E+00   -4.370170E-01
    2.000000E-02    0.000000E+00    8.397506E-01    5.454545E+00   -4.067375E-01
    2.000000E-02    0.000000E+00    8.397506E-01    5.555556E+00   -3.764579E-01
    2.000000E-02    0.000000E+00    8.397506E-01    5.656566E+00   -3.461783E-01
    2.000000E-02    0.000000E+00    8.397506E-01    5.757576E+00   -3.158987E-01
    2.000000E-02    0.000000E+00    8.397506E-01    5.858586E+00   -2.856191E-01
    2.000000E-02    0.000000E+00    8.397506E-01    5.959596E+00   -2.609443E-01
    2.000000E-02    0.000000E+00    8.397506E-01    6.060606E+00   -2.422565E-01
    2.000000E-02    0.000000E+00    8.397506E-01    6.161616E+00   -2.235687E-01
    2.000000E-02    0.000000E+00    8.397506E-01    6.262626E+00   -2.048809E-01
    2.000000E-02    0.000000E+00    8.397506E-01    6.363636E+00   -1.861931E-01
    2.000000E-02    0.000000E+00    8.397506E-01    6.464646E+00   -1.675053E-01
    2.000000E-02    0.000000E+00    8.397506E-01    6.565657E+00   -1.488174E-01
    2.000000E-02    0.000000E+00    8.397506E-01    6.666667E+00   -1.301296E-01
    2.000000E-02    0.000000E+00    8.397506E-01    6.767677E+00   -1.114418E-01
    2.000000E-02    0.000000E+00    8.397506E-01    6.868687E+00   -9.275403E-02
    2.000000E-02    0.000000E+00    8.397506E-01    6.969697E+00   -7.937579E-02
    2.000000E-02    0.000000E+00    8.397506E-01    7.070707E+00   -7.211083E-02
    2.000000E-02    0.000000E+00    8.397506E-01    7.171717E+00   -6.484587E-02
    2.000000E-02    0.000000E+00    8.397506E-01    7.272727E+00   -5.758092E-02
    2.000000E-02    0.000000E+00    8.397506E-01    7.373737E+00   -5.031596E-02
    2.000000E-02    0.000000E+00    8.397506E-01    7.474747E+00   -4.305101E-02
    2.000000E-02    0.000000E+00    8.397506E-01    7.575758E+00   -3.578605E-02
    2.000000E-02    0.000000E+00    8.397506E-01    7.676768E+00   -2.852109E-02
    2.000000E-02    0.000000E+00    8.397506E-01    7.777778E+00   -2.125614E-02
    2.000000E-02    0.000000E+00    8.397506E-01    7.878788E+00   -1.399118E-02
    2.000000E-02    0.000000E+00    8.397506E-01    7.979798E+00   -6.726224E-03
    2.000000E-02    0.000000E+00    8.397506E-01    8.080808E+00    5.387318E-04
    2.000000E-02    0.000000E+00    8.397506E-01    8.181818E+00    6.454446E-03
    2.000000E-02    0.000000E+00    8.397506E-01    8.282828E+00    7.324615E-03
    2.000000E-02    0.000000E+00    8.397506E-01    8.383838E+00    8.194784E-03
    2.000000E-02    0.000000E+00    8.397506E-01    8.484848E+00    9.064953E-03
    2.000000E-02    0.000000E+00    8.397506E-01    8.585859E+00    9.935122E-03
    2.000000E-02    0.000000E+00    8.397506E-01    8.686869E+00    1.080529E-02
    2.000000E-02    0.000000E+00    8.397506E-01    8.787879E+00    1.167546E-02
    2.000000E-02    0.000000E+00    8.397506E-01    8.888889E+00    1.254563E-02
    2.000000E-02    0.000000E+00    8.397506E-01    8.989899E+00    1.341580E-02
    2.000000E-02    0.000000E+00    8.397506E-01    9.090909E+00    1.428597E-02
    2.000000E-02    0.000000E+00    8.397506E-01    9.191919E+00    1.515614E-02
    2.000000E-02    0.000000E+00    8.397506E-01    9.292929E+00    1.602631E-02
    2.000000E-02    0.000000E+00    8.397506E-01    9.393939E+00    1.689648E-02
    2.000000E-02    0.000000E+00    8.397506E-01    9.494949E+00    1.776664E-02
    2.000000E-02    0.000000E+00    8.397506E-01    9.595960E+00    1.863681E-02
    2.000000E-02    0.000000E+00    8.397506E-01    9.696970E+00    1.837873E-02
    2.000000E-02    0.000000E+00    8.397506E-01    9.797980E+00    1.760281E-02
    2.000000E-02    0.000000E+00    8.397506E-01    9.898990E+00    1.682688E-02
    2.000000E-02    0.000000E+00    8.397506E-01    1.000000E+01    1.605096E-02

    2.000000E-02    2.000000E-01    8.397506E-01    0.000000E+00    3.202105E+00
    2.000000E-02    2.000000E-01    8.397506E-01    1.010101E-01    3.187897E+00
    2.000000E-02    2.000000E-01    8.397506E-01    2.020202E-01    3.145580E+00
    2.000000E-02    2.000000E-01    8.397506E-01    3.030303E-01    3.075655E+00
    2.000000E-02    2.000000E-01    8.397506E-01    4.040404E-01    2.978950E+00
    2.000000E-02    2.000000E-01    8.397506E-01    5.050505E-01    2.856730E+00
    2.000000E-02    2.000000E-01    8.397506E-01    6.060606E-01    2.710646E+00
    2.000000E-02    2.000000E-01    8.397506E-01    7.070707E-01    2.543073E+00
    2.000000E-02    2.000000E-01    8.397506E-01    8.080808E-01    2.356980E+00
    2.000000E-02    2.000000E-01    8.397506E-01    9.090909E-01    2.155953E+00
    2.000000E-02    2.000000E-01    8.397506E-01    1.010101E+00    1.944017E+00
    2.000000E-02    2.000000E-01    8.397506E-01    1.111111E+00    1.725363E+00
    2.000000E-02    2.000000E-01    8.397506E-01    1.212121E+00    1.503964E+00
    2.000000E-02    2.000000E-01    8.397506E-01    1.313131E+00    1.283445E+00
    2.000000E-02    2.000000E-01    8.397506E-01    1.414141E+00    1.066800E+00
    2.000000E-02    2.000000E-01    8.397506E-01    1.515152E+00    8.564765E-01
    2.000000E-02    2.000000E-01    8.397506E-01    1.616162E+00    6.542281E-01
    2.000000E-02    2.000000E-01    8.397506E-01    1.717172E+00    4.620115E-01
    2.000000E-02    2.000000E-01    8.397506E-01    1.818182E+00    2.810514E-01
    2.000000E-02    2.000000E-01    8.397506E-01    1.919192E+00    1.118493E-01
    2.000000E-02    2.000000E-01    8.397506E-01    2.020202E+00   -4.487610E-02
    2.000000E-02    2.000000E-01    8.397506E-01    2.121212E+00   -1.883031E-01
    2.000000E-02    2.000000E-01    8.397506E-01    2.222222E+00   -3.183566E-01
    2.000000E-02    2.000000E-01    8.397506E-01    2.323232E+00   -4.343073E-01
    2.000000E-02    2.000000E-01    8.397506E-01    2.424242E+00   -5.377237E-01
    2.000000E-02    2.000000E-01    8.397506E-01    2.525253E+00   -6.283679E-01
    2.000000E-02    2.000000E-01    8.397506E-01    2.626263E+00   -7.067068E-01
    2.000000E-02    2.000000E-01    8.397506E-01    2.727273E+00   -7.735883E-01
    2.000000E-02    2.000000E-01    8.397506E-01    2.828283E+00   -8.299290E-01
    2.000000E-02    2.000000E-01    8.397506E-01    2.929293E+00   -8.740481E-01
    2.000000E-02    2.000000E-01    8.397506E-01    3.030303E+00   -9.077402E-01
    2.000000E-02    2.000000E-01    8.397506E-01    3.131313E+00   -9.331992E-01
    2.000000E-02    2.000000E-01    8.397506E-01    3.232323E+00   -9.509573E-01
    2.000000E-02    2.000000E-01    8.397506E-01    3.333333E+00   -9.598550E-01
    2.000000E-02    2.000000E-01    8.397506E-01    3.434343E+00   -9.611233E-01
    2.000000E-02    2.000000E-01    8.397506E-01    3.535354E+00   -9.567104E-01
    2.000000E-02    2.000000E-01    8.397506E-01    3.636364E+00   -9.468824E-01
    2.000000E-02    2.000000E-01    8.397506E-01    3.737374E+00   -9.320039E-01
    2.000000E-02    2.000000E-01    8.397506E-01    3.838384E+00   -9.125835E-01
    2.000000E-02    2.000000E-01    8.397506E-01    3.939394E+00   -8.892624E-01
    2.000000E-02    2.000000E-01    8.397506E-01    4.040404E+00   -8.627688E-01
    2.000000E-02    2.000000E-01    8.397506E-01    4.141414E+00   -8.337886E-01
    2.000000E-02    2.000000E-01    8.397506E-01    4.242424E+00   -8.024562E-01
    2.000000E-02    2.000000E-01    8.397506E-01    4.343434E+00   -7.687886E-01
    2.000000E-02    2.000000E-01    8.397506E-01    4.444444E+00   -7.344480E-01
    2.000000E-02    2.000000E-01    8.397506E-01    4.545455E+00   -7.001073E-01
    2.000000E-02    2.000000E-01    8.397506E-01    4.646465E+00   -6.651121E-01
    2.000000E-02    2.000000E-01    8.397506E-01    4.747475E+00   -6.297957E-01
    2.000000E-02    2.000000E-01    8.397506E-01    4.848485E+00   -5.944794E-01
    2.000000E-02    2.000000E-01    8.397506E-01    4.949495E+00   -5.591630E-01
    2.000000E-02    2.000000E-01    8.397506E-01    5.050505E+00   -5.238467E-01
    2.000000E-02    2.000000E-01    8.397506E-01    5.151515E+00   -4.898469E-01
    2.000000E-02    2.000000E-01    8.397506E-01    5.252525E+00   -4.600384E-01
    2.000000E-02    2.000000E-01    8.397506E-01    5.353535E+00   -4.302299E-01
    2.000000E-02    2.000000E-01    8.397506E-01    5.454545E+00   -4.004214E-01
    2.000000E-02    2.000000E-01    8.397506E-01    5.555556E+00   -3.706129E-01
    2.000000E-02    2.000000E-01    8.397506E-01    5.656566E+00   -3.408044E-01
    2.000000E-02    2.000000E-01    8.397506E-01    5.757576E+00   -3.109958E-01
    2.000000E-02    2.000000E-01    8.397506E-01    5.858586E+00   -2.811873E-01
    2.000000E-02    2.000000E-01    8.397506E-01    5.959596E+00   -2.568964E-01
    2.000000E-02    2.000000E-01    8.397506E-01    6.060606E+00   -2.384993E-01
    2.000000E-02    2.000000E-01    8.397506E-01    6.161616E+00   -2.201022E-01
    2.000000E-02    2.000000E-01    8.397506E-01    6.262626E+00   -2.017051E-01
    2.000000E-02    2.000000E-01    8.397506E-01    6.363636E+00   -1.833080E-01
    2.000000E-02    2.000000E-01    8.397506E-01    6.464646E+00   -1.649110E-01
    2.000000E-02    2.000000E-01    8.397506E-01    6.565657E+00   -1.465139E-01
    2.000000E-02    2.000000E-01    8.397506E-01    6.666667E+00   -1.281168E-01
    2.000000E-02    2.000000E-01    8.397506E-01    6.767677E+00   -1.097197E-01
    2.000000E-02    2.000000E-01    8.397506E-01    6.868687E+00   -9.132265E-02
    2.000000E-02    2.000000E-01    8.397506E-01    6.969697E+00   -7.815242E-02
    2.000000E-02    2.000000E-01    8.397506E-01    7.070707E+00   -7.100024E-02
    2.000000E-02    2.000000E-01    8.397506E-01    7.171717E+00   -6.384806E-02
    2.000000E-02    2.000000E-01    8.397506E-01    7.272727E+00   -5.669587E-02
    2.000000E-02    2.000000E-01    8.397506E-01    7.373737E+00   -4.954369E-02
    2.000000E-02    2.000000E-01    8.397506E-01    7.474747E+00   -4.239151E-02
    2.000000E-02    2.000000E-01    8.397506E-01    7.575758E+00   -3.523933E-02
    2.000000E-02    2.000000E-01    8.397506E-01    7.676768E+00   -2.808715E-02
    2.000000E-02    2.000000E-01    8.397506E-01    7.777778E+00   -2.093497E-02
    2.000000E-02    2.000000E-01    8.397506E-01    7.878788E+00   -1.378279E-02
    2.000000E-02    2.000000E-01    8.397506E-01    7.979798E+00   -6.630605E-03
    2.000000E-02    2.000000E-01    8.397506E-01    8.080808E+00    5.215760E-04
    2.000000E-02    2.000000E-01    8.397506E-01    8.181818E+00    6.345517E-03
    2.000000E-02    2.000000E-01    8.397506E-01    8.282828E+00    7.202448E-03
    2.000000E-02    2.000000E-01    8.397506E-01    8.383838E+00    8.059380E-03
    2.000000E-02    2.000000E-01    8.397506E-01    8.484848E+00    8.916311E-03
    2.000000E-02    2.000000E-01    8.397506E-01    8.585859E+00    9.773243E-03
    2.000000E-02    2.000000E-01    8.397506E-01    8.686869E+00    1.063017E-02
    2.000000E-02    2.000000E-01    8.397506E-01    8.787879E+00    1.148711E-02
    2.000000E-02    2.000000E-01    8.397506E-01    8.888889E+00    1.234404E-02
    2.000000E-02    2.000000E-01    8.397506E-01    8.989899E+00    1.320097E-02
    2.000000E-02    2.000000E-01    8.397506E-01    9.090909E+00    1.405790E-02
    2.000000E-02    2.000000E-01    8.397506E-01    9.191919E+00    1.491483E-02
    2.000000E-02    2.000000E-01    8.397506E-01    9.292929E+00    1.577176E-02
    2.000000E-02    2.000000E-01    8.397506E-01    9.393939E+00    1.662870E-02
    2.000000E-02    2.000000E-01    8.397506E-01    9.494949E+00    1.748563E-02
    2.000000E-02    2.000000E-01    8.397506E-01    9.595960E+00    1.834256E-02
    2.000000E-02    2.000000E-01    8.397506E-01    9.696970E+00    1.808869E-02
    2.000000E-02    2.000000E-01    8.397506E-01    9.797980E+00    1.732500E-02
    2.000000E-02    2.000000E-01    8.397506E-01    9.898990E+00    1.656130E-02
    2.000000E-02    2.000000E-01    8.397506E-01    1.000000E+01    1.579761E-02

    2.000000E-02    4.000000E-01    8.397506E-01    0.000000E+00    2.991169E+00
    2.000000E-02    4.000000E-01    8.397506E-01    1.010101E-01    2.977890E+00
    2.000000E-02    4.000000E-01    8.397506E-01    2.020202E-01    2.938344E+00
    2.000000E-02    4.000000E-01    8.397506E-01    3.030303E-01    2.872997E+00
    2.000000E-02    4.000000E-01    8.397506E-01    4.040404E-01    2.782624E+00
    2.000000E-02    4.000000E-01    8.397506E-01    5.050505E-01    2.668413E+00
    2.000000E-02    4.000000E-01    8.397506E-01    6.060606E-01    2.531910E+00
    2.000000E-02    4.000000E-01    8.397506E-01    7.070707E-01    2.375339E+00
    2.000000E-02    4.000000E-01    8.397506E-01    8.080808E-01    2.201480E+00
    2.000000E-02    4.000000E-01    8.397506E-01    9.090909E-01    2.013683E+00
    2.000000E-02    4.000000E-01    8.397506E-01    1.010101E+00    1.815711E+00
    2.000000E-02    4.000000E-01    8.397506E-01    1.111111E+00    1.611475E+00
    2.000000E-02    4.000000E-01    8.397506E-01    1.212121E+00    1.404684E+00
    2.000000E-02    4.000000E-01    8.397506E-01    1.313131E+00    1.198720E+00
    2.000000E-02    4.000000E-01    8.397506E-01    1.414141E+00    9.963778E-01
    2.000000E-02    4.000000E-01    8.397506E-01    1.515152E+00    7.999423E-01
    2.000000E-02    4.000000E-01    8.397506E-01    1.616162E+00    6.110509E-01
    2.000000E-02    4.000000E-01    8.397506E-01    1.717172E+00    4.315305E-01
    2.000000E-02    4.000000E-01    8.397506E-01    1.818182E+00    2.625244E-01
    2.000000E-02    4.000000E-01    8.397506E-01    1.919192E+00    1.045008E-01
    2.000000E-02    4.000000E-01    8.397506E-01    2.020202E+00   -4.186948E-02
    2.000000E-02    4.000000E-01    8.397506E-01    2.121212E+00   -1.758192E-01
    2.000000E-02    4.000000E-01    8.397506E-01    2.222222E+00   -2.972784E-01
    2.000000E-02    4.000000E-01    8.397506E-01    2.323232E+00   -4.055662E-01
    2.000000E-02    4.000000E-01    8.397506E-01    2.424242E+00   -5.021476E-01
    2.000000E-02    4.000000E-01    8.397506E-01    2.525253E+00   -5.868006E-01
    2.000000E-02    4.000000E-01    8.397506E-01    2.626263E+00   -6.599614E-01
    2.000000E-02    4.000000E-01    8.397506E-01    2.727273E+00   -7.224219E-01
    2.000000E-02    4.000000E-01    8.397506E-01    2.828283E+00   -7.750382E-01
    2.000000E-02    4.000000E-01    8.397506E-01    2.929293E+00   -8.162407E-01
    2.000000E-02    4.000000E-01    8.397506E-01    3.030303E+00   -8.477054E-01
    2.000000E-02    4.000000E-01    8.397506E-01    3.131313E+00   -8.714813E-01
    2.000000E-02    4.000000E-01    8.397506E-01    3.232323E+00   -8.880654E-01
    2.000000E-02    4.000000E-01    8.397506E-01    3.333333E+00   -8.963748E-01
    2.000000E-02    4.000000E-01    8.397506E-01    3.434343E+00   -8.975594E-01
    2.000000E-02    4.000000E-01    8.397506E-01    3.535354E+00   -8.934383E-01
    2.000000E-02    4.000000E-01    8.397506E-01    3.636364E+00   -8.842602E-01
    2.000000E-02    4.000000E-01    8.397506E-01    3.737374E+00   -8.703657E-01
    2.000000E-02    4.000000E-01    8.397506E-01    3.838384E+00   -8.522296E-01
    2.000000E-02    4.000000E-01    8.397506E-01    3.939394E+00   -8.304507E-01
    2.000000E-02    4.000000E-01    8.397506E-01    4.040404E+00   -8.057092E-01
    2.000000E-02    4.000000E-01    8.397506E-01    4.141414E+00   -7.786455E-01
    2.000000E-02    4.000000E-01    8.397506E-01    4.242424E+00   -7.493852E-01
    2.000000E-02    4.000000E-01    8.397506E-01    4.343434E+00   -7.179441E-01
    2.000000E-02    4.000000E-01    8.397506E-01    4.444444E+00   -6.858745E-01
    2.000000E-02    4.000000E-01    8.397506E-01    4.545455E+00   -6.538049E-01
    2.000000E-02    4.000000E-01    8.397506E-01    4.646465E+00   -6.211241E-01
    2.000000E-02    4.000000E-01    8.397506E-01    4.747475E+00   -5.881434E-01
    2.000000E-02    4.000000E-01    8.397506E-01    4.848485E+00   -5.551627E-01
    2.000000E-02    4.000000E-01    8.397506E-01    4.949495E+00   -5.221820E-01
    2.000000E-02    4.000000E-01    8.397506E-01    5.050505E+00   -4.892013E-01
    2.000000E-02    4.000000E-01    8.397506E-01    5.151515E+00   -4.574502E-01
    2.000000E-02    4.000000E-01    8.397506E-01    5.252525E+00   -4.296132E-01
    2.000000E-02    4.000000E-01    8.397506E-01    5.353535E+00   -4.017761E-01
    2.000000E-02    4.000000E-01    8.397506E-01    5.454545E+00   -3.739390E-01
    2.000000E-02    4.000000E-01    8.397506E-01    5.555556E+00   -3.461020E-01
    2.000000E-02    4.000000E-01    8.397506E-01    5.656566E+00   -3.182649E-01
    2.000000E-02    4.000000E-01    8.397506E-01    5.757576E+00   -2.904278E-01
    2.000000E-02    4.000000E-01    8.397506E-01    5.858586E+00   -2.625908E-01
    2.000000E-02    4.000000E-01    8.397506E-01    5.959596E+00   -2.399064E-01
    2.000000E-02    4.000000E-01    8.397506E-01    6.060606E+00   -2.227260E-01
    2.000000E-02    4.000000E-01    8.397506E-01    6.161616E+00   -2.055457E-01
    2.000000E-02    4.000000E-01    8.397506E-01    6.262626E+00   -1.883654E-01
    2.000000E-02    4.000000E-01    8.397506E-01    6.363636E+00   -1.711850E-01
    2.000000E-02    4.000000E-01    8.397506E-01    6.464646E+00   -1.540047E-01
    2.000000E-02    4.000000E-01    8.397506E-01    6.565657E+00   -1.368244E-01
    2.000000E-02    4.000000E-01    8.397506E-01    6.666667E+00   -1.196440E-01
    2.000000E-02    4.000000E-01    8.397506E-01    6.767677E+00   -1.024637E-01
    2.000000E-02    4.000000E-01    8.397506E-01    6.868687E+00   -8.528339E-02
    2.000000E-02    4.000000E-01    8.397506E-01    6.969697E+00   -7.298420E-02
    2.000000E-02    4.000000E-01    8.397506E-01    7.070707E+00   -6.630505E-02
    2.000000E-02    4.000000E-01    8.397506E-01    7.171717E+00   -5.962589E-02
    2.000000E-02    4.000000E-01    8.397506E-01    7.272727E+00   -5.294673E-02
    2.000000E-02    4.000000E-01    8.397506E-01    7.373737E+00   -4.626757E-02
    2.000000E-02    4.000000E-01    8.397506E-01    7.474747E+00   -3.958841E-02
    2.000000E-02    4.000000E-01    8.397506E-01    7.575758E+00   -3.290925E-02
    2.000000E-02    4.000000E-01    8.397506E-01    7.676768E+00   -2.623009E-02
    2.000000E-02    4.000000E-01    8.397506E-01    7.777778E+00   -1.955093E-02
    2.000000E-02    4.000000E-01    8.397506E-01    7.878788E+00   -1.287178E-02
    2.000000E-02    4.000000E-01    8.397506E-01    7.979798E+00   -6.192617E-03
    2.000000E-02    4.000000E-01    8.397506E-01    8.080808E+00    4.865420E-04
    2.000000E-02    4.000000E-01    8.397506E-01    8.181818E+00    5.925309E-03
    2.000000E-02    4.000000E-01    8.397506E-01    8.282828E+00    6.725580E-03
    2.000000E-02    4.000000E-01    8.397506E-01    8.383838E+00    7.525851E-03
    2.000000E-02    4.000000E-01    8.397506E-01    8.484848E+00    8.326122E-03
    2.000000E-02    4.000000E-01    8.397506E-01    8.585859E+00    9.126393E-03
    2.000000E-02    4.000000E-01    8.397506E-01    8.686869E+00    9.926664E-03
    2.000000E-02    4.000000E-01    8.397506E-01    8.787879E+00    1.072694E-02
    2.000000E-02    4.000000E-01    8.397506E-01    8.888889E+00    1.152721E-02
    2.000000E-02    4.000000E-01    8.397506E-01    8.989899E+00    1.232748E-02
    2.000000E-02    4.000000E-01    8.397506E-01    9.090909E+00    1.312775E-02
    2.000000E-02    4.000000E-01    8.397506E-01    9.191919E+00    1.392802E-02
    2.000000E-02    4.000000E-01    8.397506E-01    9.292929E+00    1.472829E-02
    2.000000E-02    4.000000E-01    8.397506E-01    9.393939E+00    1.552856E-02
    2.000000E-02    4.000000E-01    8.397506E-01    9.494949E+00    1.632883E-02
    2.000000E-02    4.000000E-01    8.397506E-01    9.595960E+00    1.712910E-02
    2.000000E-02    4.000000E-01    8.397506E-01    9.696970E+00    1.689204E-02
    2.000000E-02    4.000000E-01    8.397506E-01    9.797980E+00    1.617886E-02
    2.000000E-02    4.000000E-01    8.397506E-01    9.898990E+00    1.546569E-02
    2.000000E-02    4.000000E-01    8.397506E-01    1.000000E+01    1.475251E-02

    2.000000E-02    6.000000E-01    8.397506E-01    0.000000E+00    2.576146E+00
    2.000000E-02    6.000000E-01    8.397506E-01    1.010101E-01    2.564701E+00
    2.000000E-02    6.000000E-01    8.397506E-01    2.020202E-01    2.530615E+00
    2.000000E-02    6.000000E-01    8.397506E-01    3.030303E-01    2.474293E+00
    2.000000E-02    6.000000E-01    8.397506E-01    4.040404E-01    2.396406E+00
    2.000000E-02    6.000000E-01    8.397506E-01    5.050505E-01    2.297981E+00
    2.000000E-02    6.000000E-01    8.397506E-01    6.060606E-01    2.180355E+00
    2.000000E-02    6.000000E-01    8.397506E-01    7.070707E-01    2.045455E+00
    2.000000E-02    6.000000E-01    8.397506E-01    8.080808E-01    1.895681E+00
    2.000000E-02    6.000000E-01    8.397506E-01    9.090909E-01    1.733924E+00
    2.000000E-02    6.000000E-01    8.397506E-01    1.010101E+00    1.563423E+00
    2.000000E-02    6.000000E-01    8.397506E-01    1.111111E+00    1.387546E+00
    2.000000E-02    6.000000E-01    8.397506E-01    1.212121E+00    1.209479E+00
    2.000000E-02    6.000000E-01    8.397506E-01    1.313131E+00    1.032135E+00
    2.000000E-02    6.000000E-01    8.397506E-01    1.414141E+00    8.579141E-01
    2.000000E-02    6.000000E-01    8.397506E-01    1.515152E+00    6.887835E-01
    2.000000E-02    6.000000E-01    8.397506E-01    1.616162E+00    5.261515E-01
    2.000000E-02    6.000000E-01    8.397506E-01    1.717172E+00    3.715903E-01
    2.000000E-02    6.000000E-01    8.397506E-01    1.818182E+00    2.260837E-01
    2.000000E-02    6.000000E-01    8.397506E-01    1.919192E+00    9.003421E-02
    2.000000E-02    6.000000E-01    8.397506E-01    2.020202E+00   -3.598094E-02
    2.000000E-02    6.000000E-01    8.397506E-01    2.121212E+00   -1.513015E-01
    2.000000E-02    6.000000E-01    8.397506E-01    2.222222E+00   -2.558677E-01
    2.000000E-02    6.000000E-01    8.397506E-01    2.323232E+00   -3.490935E-01
    2.000000E-02    6.000000E-01    8.397506E-01    2.424242E+00   -4.322405E-01
    2.000000E-02    6.000000E-01    8.397506E-01    2.525253E+00   -5.051179E-01
    2.000000E-02    6.000000E-01    8.397506E-01    2.626263E+00   -5.681012E-01
    2.000000E-02    6.000000E-01    8.397506E-01    2.727273E+00   -6.218723E-01
    2.000000E-02    6.000000E-01    8.397506E-01    2.828283E+00   -6.671687E-01
    2.000000E-02    6.000000E-01    8.397506E-01    2.929293E+00   -7.026388E-01
    2.000000E-02    6.000000E-01    8.397506E-01    3.030303E+00   -7.297259E-01
    2.000000E-02    6.000000E-01    8.397506E-01    3.131313E+00   -7.501938E-01
    2.000000E-02    6.000000E-01    8.397506E-01    3.232323E+00   -7.644705E-01
    2.000000E-02    6.000000E-01    8.397506E-01    3.333333E+00   -7.716239E-01
    2.000000E-02    6.000000E-01    8.397506E-01    3.434343E+00   -7.726438E-01
    2.000000E-02    6.000000E-01    8.397506E-01    3.535354E+00   -7.690963E-01
    2.000000E-02    6.000000E-01    8.397506E-01    3.636364E+00   -7.611955E-01
    2.000000E-02    6.000000E-01    8.397506E-01    3.737374E+00   -7.492346E-01
    2.000000E-02    6.000000E-01    8.397506E-01    3.838384E+00   -7.336223E-01
    2.000000E-02    6.000000E-01    8.397506E-01    3.939394E+00   -7.148743E-01
    2.000000E-02    6.000000E-01    8.397506E-01    4.040404E+00   -6.935759E-01
    2.000000E-02    6.000000E-01    8.397506E-01    4.141414E+00   -6.702785E-01
    2.000000E-02    6.000000E-01    8.397506E-01    4.242424E+00   -6.450903E-01
    2.000000E-02    6.000000E-01    8.397506E-01    4.343434E+00   -6.180248E-01
    2.000000E-02    6.000000E-01    8.397506E-01    4.444444E+00   -5.904183E-01
    2.000000E-02    6.000000E-01    8.397506E-01    4.545455E+00   -5.628119E-01
    2.000000E-02    6.000000E-01    8.397506E-01    4.646465E+00   -5.346792E-01
    2.000000E-02    6.000000E-01    8.397506E-01    4.747475E+00   -5.062886E-01
    2.000000E-02    6.000000E-01    8.397506E-01    4.848485E+00   -4.778979E-01
    2.000000E-02    6.000000E-01    8.397506E-01    4.949495E+00   -4.495072E-01
    2.000000E-02    6.000000E-01    8.397506E-01    5.050505E+00   -4.211165E-01
    2.000000E-02    6.000000E-01    8.397506E-01    5.151515E+00   -3.937843E-01
    2.000000E-02    6.000000E-01    8.397506E-01    5.252525E+00   -3.698215E-01
    2.000000E-02    6.000000E-01    8.397506E-01    5.353535E+00   -3.458586E-01
    2.000000E-02    6.000000E-01    8.397506E-01    5.454545E+00   -3.218958E-01
    2.000000E-02    6.000000E-01    8.397506E-01    5.555556E+00   -2.979330E-01
    2.000000E-02    6.000000E-01    8.397506E-01    5.656566E+00   -2.739702E-01
    2.000000E-02    6.000000E-01    8.397506E-01    5.757576E+00   -2.500074E-01
    2.000000E-02    6.000000E-01    8.397506E-01    5.858586E+00   -2.260446E-01
    2.000000E-02    6.000000E-01    8.397506E-01    5.959596E+00   -2.065173E-01
    2.000000E-02    6.000000E-01    8.397506E-01    6.060606E+00   -1.917281E-01
    2.000000E-02    6.000000E-01    8.397506E-01    6.161616E+00   -1.769389E-01
    2.000000E-02    6.000000E-01    8.397506E-01    6.262626E+00   -1.621497E-01
    2.000000E-02    6.000000E-01    8.397506E-01    6.363636E+00   -1.473605E-01
    2.000000E-02    6.000000E-01    8.397506E-01    6.464646E+00   -1.325713E-01
    2.000000E-02    6.000000E-01    8.397506E-01    6.565657E+00   -1.177821E-01
    2.000000E-02    6.000000E-01    8.397506E-01    6.666667E+00   -1.029929E-01
    2.000000E-02    6.000000E-01    8.397506E-01    6.767677E+00   -8.820366E-02
    2.000000E-02    6.000000E-01    8.397506E-01    6.868687E+00   -7.341445E-02
    2.000000E-02    6.000000E-01    8.397506E-01    6.969697E+00   -6.282705E-02
    2.000000E-02    6.000000E-01    8.397506E-01    7.070707E+00   -5.707748E-02
    2.000000E-02    6.000000E-01    8.397506E-01    7.171717E+00   -5.132791E-02
    2.000000E-02    6.000000E-01    8.397506E-01    7.272727E+00   -4.557834E-02
    2.000000E-02    6.000000E-01    8.397506E-01    7.373737E+00   -3.982877E-02
    2.000000E-02    6.000000E-01    8.397506E-01    7.474747E+00   -3.407920E-02
    2.000000E-02    6.000000E-01    8.397506E-01    7.575758E+00   -2.832963E-02
    2.000000E-02    6.000000E-01    8.397506E-01    7.676768E+00   -2.258006E-02
    2.000000E-02    6.000000E-01    8.397506E-01    7.777778E+00   -1.683049E-02
    2.000000E-02    6.000000E-01    8.397506E-01    7.878788E+00   -1.108092E-02
    2.000000E-02    6.000000E-01    8.397506E-01    7.979798E+00   -5.331351E-03
    2.000000E-02    6.000000E-01    8.397506E-01    8.080808E+00    4.182182E-04
    2.000000E-02    6.000000E-01    8.397506E-01    8.181818E+00    5.100033E-03
    2.000000E-02    6.000000E-01    8.397506E-01    8.282828E+00    5.788939E-03
    2.000000E-02    6.000000E-01    8.397506E-01    8.383838E+00    6.477844E-03
    2.000000E-02    6.000000E-01    8.397506E-01    8.484848E+00    7.166749E-03
    2.000000E-02    6.000000E-01    8.397506E-01    8.585859E+00    7.855654E-03
    2.000000E-02    6.000000E-01    8.397506E-01    8.686869E+00    8.544560E-03
    2.000000E-02    6.000000E-01    8.397506E-01    8.787879E+00    9.233465E-03
    2.000000E-02    6.000000E-01    8.397506E-01    8.888889E+00    9.922370E-03
    2.000000E-02    6.000000E-01    8.397506E-01    8.989899E+00    1.061128E-02
    2.000000E-02    6.000000E-01    8.397506E-01    9.090909E+00    1.130018E-02
    2.000000E-02    6.000000E-01    8.397506E-01    9.191919E+00    1.198909E-02
    2.000000E-02    6.000000E-01    8.397506E-01    9.292929E+00    1.267799E-02
    2.000000E-02    6.000000E-01    8.397506E-01    9.393939E+00    1.336690E-02
    2.000000E-02    6.000000E-01    8.397506E-01    9.494949E+00    1.405580E-02
    2.000000E-02    6.000000E-01    8.397506E-01    9.595960E+00    1.474471E-02
    2.000000E-02    6.000000E-01    8.397506E-01    9.696970E+00    1.454065E-02
    2.000000E-02    6.000000E-01    8.397506E-01    9.797980E+00    1.392674E-02
    2.000000E-02    6.000000E-01    8.397506E-01    9.898990E+00    1.331283E-02
    2.000000E-02    6.000000E-01    8.397506E-01    1.000000E+01    1.269892E-02

    2.000000E-02    7.000000E-01    8.397506E-01    0.000000E+00    2.259294E+00
    2.000000E-02    7.000000E-01    8.397506E-01    1.010101E-01    2.249252E+00
    2.000000E-02    7.000000E-01    8.397506E-01    2.020202E-01    2.219344E+00
    2.000000E-02    7.000000E-01    8.397506E-01    3.030303E-01    2.169925E+00
    2.000000E-02    7.000000E-01    8.397506E-01    4.040404E-01    2.101587E+00
    2.000000E-02    7.000000E-01    8.397506E-01    5.050505E-01    2.015233E+00
    2.000000E-02    7.000000E-01    8.397506E-01    6.060606E-01    1.912040E+00
    2.000000E-02    7.000000E-01    8.397506E-01    7.070707E-01    1.793701E+00
    2.000000E-02    7.000000E-01    8.397506E-01    8.080808E-01    1.662327E+00
    2.000000E-02    7.000000E-01    8.397506E-01    9.090909E-01    1.520455E+00
    2.000000E-02    7.000000E-01    8.397506E-01    1.010101E+00    1.370927E+00
    2.000000E-02    7.000000E-01    8.397506E-01    1.111111E+00    1.216692E+00
    2.000000E-02    7.000000E-01    8.397506E-01    1.212121E+00    1.060546E+00
    2.000000E-02    7.000000E-01    8.397506E-01    1.313131E+00    9.050374E-01
    2.000000E-02    7.000000E-01    8.397506E-01    1.414141E+00    7.522718E-01
    2.000000E-02    7.000000E-01    8.397506E-01    1.515152E+00    6.039719E-01
    2.000000E-02    7.000000E-01    8.397506E-01    1.616162E+00    4.613720E-01
    2.000000E-02    7.000000E-01    8.397506E-01    1.717172E+00    3.258504E-01
    2.000000E-02    7.000000E-01    8.397506E-01    1.818182E+00    1.982692E-01
    2.000000E-02    7.000000E-01    8.397506E-01    1.919192E+00    7.898112E-02
    2.000000E-02    7.000000E-01    8.397506E-01    2.020202E+00   -3.150802E-02
    2.000000E-02    7.000000E-01    8.397506E-01    2.121212E+00   -1.326195E-01
    2.000000E-02    7.000000E-01    8.397506E-01    2.222222E+00   -2.243010E-01
    2.000000E-02    7.000000E-01    8.397506E-01    2.323232E+00   -3.060390E-01
    2.000000E-02    7.000000E-01    8.397506E-01    2.424242E+00   -3.789398E-01
    2.000000E-02    7.000000E-01    8.397506E-01    2.525253E+00   -4.428361E-01
    2.000000E-02    7.000000E-01    8.397506E-01    2.626263E+00   -4.980575E-01
    2.000000E-02    7.000000E-01    8.397506E-01    2.727273E+00   -5.452017E-01
    2.000000E-02    7.000000E-01    8.397506E-01    2.828283E+00   -5.849155E-01
    2.000000E-02    7.000000E-01    8.397506E-01    2.929293E+00   -6.160140E-01
    2.000000E-02    7.000000E-01    8.397506E-01    3.030303E+00   -6.397626E-01
    2.000000E-02    7.000000E-01    8.397506E-01    3.131313E+00   -6.577078E-01
    2.000000E-02    7.000000E-01    8.397506E-01    3.232323E+00   -6.702249E-01
    2.000000E-02    7.000000E-01    8.397506E-01    3.333333E+00   -6.764966E-01
    2.000000E-02    7.000000E-01    8.397506E-01    3.434343E+00   -6.773908E-01
    2.000000E-02    7.000000E-01    8.397506E-01    3.535354E+00   -6.742807E-01
    2.000000E-02    7.000000E-01    8.397506E-01    3.636364E+00   -6.673539E-01
    2.000000E-02    7.000000E-01    8.397506E-01    3.737374E+00   -6.568675E-01
    2.000000E-02    7.000000E-01    8.397506E-01    3.838384E+00   -6.431798E-01
    2.000000E-02    7.000000E-01    8.397506E-01    3.939394E+00   -6.267429E-01
    2.000000E-02    7.000000E-01    8.397506E-01    4.040404E+00   -6.080701E-01
    2.000000E-02    7.000000E-01    8.397506E-01    4.141414E+00   -5.876448E-01
    2.000000E-02    7.000000E-01    8.397506E-01    4.242424E+00   -5.655617E-01
    2.000000E-02    7.000000E-01    8.397506E-01    4.343434E+00   -5.418328E-01
    2.000000E-02    7.000000E-01    8.397506E-01    4.444444E+00   -5.176296E-01
    2.000000E-02    7.000000E-01    8.397506E-01    4.545455E+00   -4.934264E-01
    2.000000E-02    7.000000E-01    8.397506E-01    4.646465E+00   -4.687620E-01
    2.000000E-02    7.000000E-01    8.397506E-01    4.747475E+00   -4.438714E-01
    2.000000E-02    7.000000E-01    8.397506E-01    4.848485E+00   -4.189808E-01
    2.000000E-02    7.000000E-01    8.397506E-01    4.949495E+00   -3.940901E-01
    2.000000E-02    7.000000E-01    8.397506E-01    5.050505E+00   -3.691995E-01
    2.000000E-02    7.000000E-01    8.397506E-01    5.151515E+00   -3.452369E-01
    2.000000E-02    7.000000E-01    8.397506E-01    5.252525E+00   -3.242283E-01
    2.000000E-02    7.000000E-01    8.397506E-01    5.353535E+00   -3.032197E-01
    2.000000E-02    7.000000E-01    8.397506E-01    5.454545E+00   -2.822111E-01
    2.000000E-02    7.000000E-01    8.397506E-01    5.555556E+00   -2.612025E-01
    2.000000E-02    7.000000E-01    8.397506E-01    5.656566E+00   -2.401940E-01
    2.000000E-02    7.000000E-01    8.397506E-01    5.757576E+00   -2.191854E-01
    2.000000E-02    7.000000E-01    8.397506E-01    5.858586E+00   -1.981768E-01
    2.000000E-02    7.000000E-01    8.397506E-01    5.959596E+00   -1.810569E-01
    2.000000E-02    7.000000E-01    8.397506E-01    6.060606E+00   -1.680910E-01
    2.000000E-02    7.000000E-01    8.397506E-01    6.161616E+00   -1.551251E-01
    2.000000E-02    7.000000E-01    8.397506E-01    6.262626E+00   -1.421592E-01
    2.000000E-02    7.000000E-01    8.397506E-01    6.363636E+00   -1.291933E-01
    2.000000E-02    7.000000E-01    8.397506E-01    6.464646E+00   -1.162274E-01
    2.000000E-02    7.000000E-01    8.397506E-01    6.565657E+00   -1.032615E-01
    2.000000E-02    7.000000E-01    8.397506E-01    6.666667E+00   -9.029561E-02
    2.000000E-02    7.000000E-01    8.397506E-01    6.767677E+00   -7.732971E-02
    2.000000E-02    7.000000E-01    8.397506E-01    6.868687E+00   -6.436380E-02
    2.000000E-02    7.000000E-01    8.397506E-01    6.969697E+00   -5.508167E-02
    2.000000E-02    7.000000E-01    8.397506E-01    7.070707E+00   -5.004094E-02
    2.000000E-02    7.000000E-01    8.397506E-01    7.171717E+00   -4.500021E-02
    2.000000E-02    7.000000E-01    8.397506E-01    7.272727E+00   -3.995949E-02
    2.000000E-02    7.000000E-01    8.397506E-01    7.373737E+00   -3.491876E-02
    2.000000E-02    7.000000E-01    8.397506E-01    7.474747E+00   -2.987803E-02
    2.000000E-02    7.000000E-01    8.397506E-01    7.575758E+00   -2.483730E-02
    2.000000E-02    7.000000E-01    8.397506E-01    7.676768E+00   -1.979657E-02
    2.000000E-02    7.000000E-01    8.397506E-01    7.777778E+00   -1.475584E-02
    2.000000E-02    7.000000E-01    8.397506E-01    7.878788E+00   -9.715115E-03
    2.000000E-02    7.000000E-01    8.397506E-01    7.979798E+00   -4.674386E-03
    2.000000E-02    7.000000E-01    8.397506E-01    8.080808E+00    3.663426E-04
    2.000000E-02    7.000000E-01    8.397506E-01    8.181818E+00    4.470957E-03
    2.000000E-02    7.000000E-01    8.397506E-01    8.282828E+00    5.074937E-03
    2.000000E-02    7.000000E-01    8.397506E-01    8.383838E+00    5.678916E-03
    2.000000E-02    7.000000E-01    8.397506E-01    8.484848E+00    6.282896E-03
    2.000000E-02    7.000000E-01    8.397506E-01    8.585859E+00    6.886875E-03
    2.000000E-02    7.000000E-01    8.397506E-01    8.686869E+00    7.490855E-03
    2.000000E-02    7.000000E-01    8.397506E-01    8.787879E+00    8.094834E-03
    2.000000E-02    7.000000E-01    8.397506E-01    8.888889E+00    8.698814E-03
    2.000000E-02    7.000000E-01    8.397506E-01    8.989899E+00    9.302793E-03
    2.000000E-02    7.000000E-01    8.397506E-01    9.090909E+00    9.906773E-03
    2.000000E-02    7.000000E-01    8.397506E-01    9.191919E+00    1.051075E-02
    2.000000E-02    7.000000E-01    8.397506E-01    9.292929E+00    1.111473E-02
    2.000000E-02    7.000000E-01    8.397506E-01    9.393939E+00    1.171871E-02
    2.000000E-02    7.000000E-01    8.397506E-01    9.494949E+00    1.232269E-02
    2.000000E-02    7.000000E-01    8.397506E-01    9.595960E+00    1.292667E-02
    2.000000E-02    7.000000E-01    8.397506E-01    9.696970E+00    1.274777E-02
    2.000000E-02    7.000000E-01    8.397506E-01    9.797980E+00    1.220956E-02
    2.000000E-02    7.000000E-01    8.397506E-01    9.898990E+00    1.167134E-02
    2.000000E-02    7.000000E-01    8.397506E-01    1.000000E+01    1.113312E-02

    2.000000E-02    8.000000E-01    8.397506E-01    0.000000E+00    1.822775E+00
    2.000000E-02    8.000000E-01    8.397506E-01    1.010101E-01    1.814669E+00
    2.000000E-02    8.000000E-01    8.397506E-01    2.020202E-01    1.790525E+00
    2.000000E-02    8.000000E-01    8.397506E-01    3.030303E-01    1.750633E+00
    2.000000E-02    8.000000E-01    8.397506E-01    4.040404E-01    1.695471E+00
    2.000000E-02    8.000000E-01    8.397506E-01    5.050505E-01    1.625769E+00
    2.000000E-02    8.000000E-01    8.397506E-01    6.060606E-01    1.542482E+00
    2.000000E-02    8.000000E-01    8.397506E-01    7.070707E-01    1.446979E+00
    2.000000E-02    8.000000E-01    8.397506E-01    8.080808E-01    1.340968E+00
    2.000000E-02    8.000000E-01    8.397506E-01    9.090909E-01    1.226497E+00
    2.000000E-02    8.000000E-01    8.397506E-01    1.010101E+00    1.105860E+00
    2.000000E-02    8.000000E-01    8.397506E-01    1.111111E+00    9.814359E-01
    2.000000E-02    8.000000E-01    8.397506E-01    1.212121E+00    8.554759E-01
    2.000000E-02    8.000000E-01    8.397506E-01    1.313131E+00    7.300352E-01
    2.000000E-02    8.000000E-01    8.397506E-01    1.414141E+00    6.068105E-01
    2.000000E-02    8.000000E-01    8.397506E-01    1.515152E+00    4.871903E-01
    2.000000E-02    8.000000E-01    8.397506E-01    1.616162E+00    3.721696E-01
    2.000000E-02    8.000000E-01    8.397506E-01    1.717172E+00    2.628597E-01
    2.000000E-02    8.000000E-01    8.397506E-01    1.818182E+00    1.599556E-01
    2.000000E-02    8.000000E-01    8.397506E-01    1.919192E+00    6.374152E-02
    2.000000E-02    8.000000E-01    8.397506E-01    2.020202E+00   -2.537477E-02
    2.000000E-02    8.000000E-01    8.397506E-01    2.121212E+00   -1.069267E-01
    2.000000E-02    8.000000E-01    8.397506E-01    2.222222E+00   -1.808722E-01
    2.000000E-02    8.000000E-01    8.397506E-01    2.323232E+00   -2.467973E-01
    2.000000E-02    8.000000E-01    8.397506E-01    2.424242E+00   -3.055946E-01
    2.000000E-02    8.000000E-01    8.397506E-01    2.525253E+00   -3.571290E-01
    2.000000E-02    8.000000E-01    8.397506E-01    2.626263E+00   -4.016665E-01
    2.000000E-02    8.000000E-01    8.397506E-01    2.727273E+00   -4.396896E-01
    2.000000E-02    8.000000E-01    8.397506E-01    2.828283E+00   -4.717195E-01
    2.000000E-02    8.000000E-01    8.397506E-01    2.929293E+00   -4.968010E-01
    2.000000E-02    8.000000E-01    8.397506E-01    3.030303E+00   -5.159546E-01
    2.000000E-02    8.000000E-01    8.397506E-01    3.131313E+00   -5.304276E-01
    2.000000E-02    8.000000E-01    8.397506E-01    3.232323E+00   -5.405228E-01
    2.000000E-02    8.000000E-01    8.397506E-01    3.333333E+00   -5.455810E-01
    2.000000E-02    8.000000E-01    8.397506E-01    3.434343E+00   -5.463023E-01
    2.000000E-02    8.000000E-01    8.397506E-01    3.535354E+00   -5.437941E-01
    2.000000E-02    8.000000E-01    8.397506E-01    3.636364E+00   -5.382077E-01
    2.000000E-02    8.000000E-01    8.397506E-01    3.737374E+00   -5.297505E-01
    2.000000E-02    8.000000E-01    8.397506E-01    3.838384E+00   -5.187116E-01
    2.000000E-02    8.000000E-01    8.397506E-01    3.939394E+00   -5.054555E-01
    2.000000E-02    8.000000E-01    8.397506E-01    4.040404E+00   -4.903961E-01
    2.000000E-02    8.000000E-01    8.397506E-01    4.141414E+00   -4.739233E-01
    2.000000E-02    8.000000E-01    8.397506E-01    4.242424E+00   -4.561136E-01
    2.000000E-02    8.000000E-01    8.397506E-01    4.343434E+00   -4.369767E-01
    2.000000E-02    8.000000E-01    8.397506E-01    4.444444E+00   -4.174572E-01
    2.000000E-02    8.000000E-01    8.397506E-01    4.545455E+00   -3.979377E-01
    2.000000E-02    8.000000E-01    8.397506E-01    4.646465E+00   -3.780463E-01
    2.000000E-02    8.000000E-01    8.397506E-01    4.747475E+00   -3.579725E-01
    2.000000E-02    8.000000E-01    8.397506E-01    4.848485E+00   -3.378987E-01
    2.000000E-02    8.000000E-01    8.397506E-01    4.949495E+00   -3.178249E-01
    2.000000E-02    8.000000E-01    8.397506E-01    5.050505E+00   -2.977511E-01
    2.000000E-02    8.000000E-01    8.397506E-01    5.151515E+00   -2.784257E-01
    2.000000E-02    8.000000E-01    8.397506E-01    5.252525E+00   -2.614827E-01
    2.000000E-02    8.000000E-01    8.397506E-01    5.353535E+00   -2.445398E-01
    2.000000E-02    8.000000E-01    8.397506E-01    5.454545E+00   -2.275968E-01
    2.000000E-02    8.000000E-01    8.397506E-01    5.555556E+00   -2.106539E-01
    2.000000E-02    8.000000E-01    8.397506E-01    5.656566E+00   -1.937109E-01
    2.000000E-02    8.000000E-01    8.397506E-01    5.757576E+00   -1.767679E-01
    2.000000E-02    8.000000E-01    8.397506E-01    5.858586E+00   -1.598250E-01
    2.000000E-02    8.000000E-01    8.397506E-01    5.959596E+00   -1.460182E-01
    2.000000E-02    8.000000E-01    8.397506E-01    6.060606E+00   -1.355615E-01
    2.000000E-02    8.000000E-01    8.397506E-01    6.161616E+00   -1.251048E-01
    2.000000E-02    8.000000E-01    8.397506E-01    6.262626E+00   -1.146482E-01
    2.000000E-02    8.000000E-01    8.397506E-01    6.363636E+00   -1.041915E-01
    2.000000E-02    8.000000E-01    8.397506E-01    6.464646E+00   -9.373479E-02
    2.000000E-02    8.000000E-01    8.397506E-01    6.565657E+00   -8.327810E-02
    2.000000E-02    8.000000E-01    8.397506E-01    6.666667E+00   -7.282141E-02
    2.000000E-02    8.000000E-01    8.397506E-01    6.767677E+00   -6.236473E-02
    2.000000E-02    8.000000E-01    8.397506E-01    6.868687E+00   -5.190804E-02
    2.000000E-02    8.000000E-01    8.397506E-01    6.969697E+00   -4.442223E-02
    2.000000E-02    8.000000E-01    8.397506E-01    7.070707E+00   -4.035701E-02
    2.000000E-02    8.000000E-01    8.397506E-01    7.171717E+00   -3.629179E-02
    2.000000E-02    8.000000E-01    8.397506E-01    7.272727E+00   -3.222656E-02
    2.000000E-02    8.000000E-01    8.397506E-01    7.373737E+00   -2.816134E-02
    2.000000E-02    8.000000E-01    8.397506E-01    7.474747E+00   -2.409612E-02
    2.000000E-02    8.000000E-01    8.397506E-01    7.575758E+00   -2.003090E-02
    2.000000E-02    8.000000E-01    8.397506E-01    7.676768E+00   -1.596568E-02
    2.000000E-02    8.000000E-01    8.397506E-01    7.777778E+00   -1.190046E-02
    2.000000E-02    8.000000E-01    8.397506E-01    7.878788E+00   -7.835234E-03
    2.000000E-02    8.000000E-01    8.397506E-01    7.979798E+00   -3.770012E-03
    2.000000E-02    8.000000E-01    8.397506E-01    8.080808E+00    2.952097E-04
    2.000000E-02    8.000000E-01    8.397506E-01    8.181818E+00    3.605480E-03
    2.000000E-02    8.000000E-01    8.397506E-01    8.282828E+00    4.092578E-03
    2.000000E-02    8.000000E-01    8.397506E-01    8.383838E+00    4.579676E-03
    2.000000E-02    8.000000E-01    8.397506E-01    8.484848E+00    5.066775E-03
    2.000000E-02    8.000000E-01    8.397506E-01    8.585859E+00    5.553873E-03
    2.000000E-02    8.000000E-01    8.397506E-01    8.686869E+00    6.040971E-03
    2.000000E-02    8.000000E-01    8.397506E-01    8.787879E+00    6.528069E-03
    2.000000E-02    8.000000E-01    8.397506E-01    8.888889E+00    7.015168E-03
    2.000000E-02    8.000000E-01    8.397506E-01    8.989899E+00    7.502266E-03
    2.000000E-02    8.000000E-01    8.397506E-01    9.090909E+00    7.989364E-03
    2.000000E-02    8.000000E-01    8.397506E-01    9.191919E+00    8.476463E-03
    2.000000E-02    8.000000E-01    8.397506E-01    9.292929E+00    8.963561E-03
    2.000000E-02    8.000000E-01    8.397506E-01    9.393939E+00    9.450659E-03
    2.000000E-02    8.000000E-01    8.397506E-01    9.494949E+00    9.937757E-03
    2.000000E-02    8.000000E-01    8.397506E-01    9.595960E+00    1.042486E-02
    2.000000E-02    8.000000E-01    8.397506E-01    9.696970E+00    1.028058E-02
    2.000000E-02    8.000000E-01    8.397506E-01    9.797980E+00    9.846529E-03
    2.000000E-02    8.000000E-01    8.397506E-01    9.898990E+00    9.412474E-03
    2.000000E-02    8.000000E-01    8.397506E-01    1.000000E+01    8.978419E-03

    2.000000E-02    9.000000E-01    8.397506E-01    0.000000E+00    1.133586E+00
    2.000000E-02    9.000000E-01    8.397506E-01    1.010101E-01    1.128541E+00
    2.000000E-02    9.000000E-01    8.397506E-01    2.020202E-01    1.113517E+00
    2.000000E-02    9.000000E-01    8.397506E-01    3.030303E-01    1.088693E+00
    2.000000E-02    9.000000E-01    8.397506E-01    4.040404E-01    1.054367E+00
    2.000000E-02    9.000000E-01    8.397506E-01    5.050505E-01    1.010997E+00
    2.000000E-02    9.000000E-01    8.397506E-01    6.060606E-01    9.591781E-01
    2.000000E-02    9.000000E-01    8.397506E-01    7.070707E-01    8.997653E-01
    2.000000E-02    9.000000E-01    8.397506E-01    8.080808E-01    8.338226E-01
    2.000000E-02    9.000000E-01    8.397506E-01    9.090909E-01    7.626262E-01
    2.000000E-02    9.000000E-01    8.397506E-01    1.010101E+00    6.876025E-01
    2.000000E-02    9.000000E-01    8.397506E-01    1.111111E+00    6.102299E-01
    2.000000E-02    9.000000E-01    8.397506E-01    1.212121E+00    5.319074E-01
    2.000000E-02    9.000000E-01    8.397506E-01    1.313131E+00    4.539112E-01
    2.000000E-02    9.000000E-01    8.397506E-01    1.414141E+00    3.772953E-01
    2.000000E-02    9.000000E-01    8.397506E-01    1.515152E+00    3.029223E-01
    2.000000E-02    9.000000E-01    8.397506E-01    1.616162E+00    2.314103E-01
    2.000000E-02    9.000000E-01    8.397506E-01    1.717172E+00    1.634499E-01
    2.000000E-02    9.000000E-01    8.397506E-01    1.818182E+00    9.947311E-02
    2.000000E-02    9.000000E-01    8.397506E-01    1.919192E+00    3.965621E-02
    2.000000E-02    9.000000E-01    8.397506E-01    2.020202E+00   -1.574734E-02
    2.000000E-02    9.000000E-01    8.397506E-01    2.121212E+00   -6.644759E-02
    2.000000E-02    9.000000E-01    8.397506E-01    2.222222E+00   -1.124186E-01
    2.000000E-02    9.000000E-01    8.397506E-01    2.323232E+00   -1.534031E-01
    2.000000E-02    9.000000E-01    8.397506E-01    2.424242E+00   -1.899560E-01
    2.000000E-02    9.000000E-01    8.397506E-01    2.525253E+00   -2.219935E-01
    2.000000E-02    9.000000E-01    8.397506E-01    2.626263E+00   -2.496812E-01
    2.000000E-02    9.000000E-01    8.397506E-01    2.727273E+00   -2.733188E-01
    2.000000E-02    9.000000E-01    8.397506E-01    2.828283E+00   -2.932306E-01
    2.000000E-02    9.000000E-01    8.397506E-01    2.929293E+00   -3.088227E-01
    2.000000E-02    9.000000E-01    8.397506E-01    3.030303E+00   -3.207297E-01
    2.000000E-02    9.000000E-01    8.397506E-01    3.131313E+00   -3.297270E-01
    2.000000E-02    9.000000E-01    8.397506E-01    3.232323E+00   -3.360027E-01
    2.000000E-02    9.000000E-01    8.397506E-01    3.333333E+00   -3.391472E-01
    2.000000E-02    9.000000E-01    8.397506E-01    3.434343E+00   -3.395956E-01
    2.000000E-02    9.000000E-01    8.397506E-01    3.535354E+00   -3.380364E-01
    2.000000E-02    9.000000E-01    8.397506E-01    3.636364E+00   -3.345638E-01
    2.000000E-02    9.000000E-01    8.397506E-01    3.737374E+00   -3.293065E-01
    2.000000E-02    9.000000E-01    8.397506E-01    3.838384E+00   -3.224443E-01
    2.000000E-02    9.000000E-01    8.397506E-01    3.939394E+00   -3.142039E-01
    2.000000E-02    9.000000E-01    8.397506E-01    4.040404E+00   -3.048425E-01
    2.000000E-02    9.000000E-01    8.397506E-01    4.141414E+00   -2.946025E-01
    2.000000E-02    9.000000E-01    8.397506E-01    4.242424E+00   -2.835315E-01
    2.000000E-02    9.000000E-01    8.397506E-01    4.343434E+00   -2.716354E-01
    2.000000E-02    9.000000E-01    8.397506E-01    4.444444E+00   -2.595015E-01
    2.000000E-02    9.000000E-01    8.397506E-01    4.545455E+00   -2.473676E-01
    2.000000E-02    9.000000E-01    8.397506E-01    4.646465E+00   -2.350026E-01
    2.000000E-02    9.000000E-01    8.397506E-01    4.747475E+00   -2.225242E-01
    2.000000E-02    9.000000E-01    8.397506E-01    4.848485E+00   -2.100458E-01
    2.000000E-02    9.000000E-01    8.397506E-01    4.949495E+00   -1.975673E-01
    2.000000E-02    9.000000E-01    8.397506E-01    5.050505E+00   -1.850889E-01
    2.000000E-02    9.000000E-01    8.397506E-01    5.151515E+00   -1.730758E-01
    2.000000E-02    9.000000E-01    8.397506E-01    5.252525E+00   -1.625436E-01
    2.000000E-02    9.000000E-01    8.397506E-01    5.353535E+00   -1.520115E-01
    2.000000E-02    9.000000E-01    8.397506E-01    5.454545E+00   -1.414793E-01
    2.000000E-02    9.000000E-01    8.397506E-01    5.555556E+00   -1.309472E-01
    2.000000E-02    9.000000E-01    8.397506E-01    5.656566E+00   -1.204150E-01
    2.000000E-02    9.000000E-01    8.397506E-01    5.757576E+00   -1.098829E-01
    2.000000E-02    9.000000E-01    8.397506E-01    5.858586E+00   -9.935075E-02
    2.000000E-02    9.000000E-01    8.397506E-01    5.959596E+00   -9.076815E-02
    2.000000E-02    9.000000E-01    8.397506E-01    6.060606E+00   -8.426805E-02
    2.000000E-02    9.000000E-01    8.397506E-01    6.161616E+00   -7.776794E-02
    2.000000E-02    9.000000E-01    8.397506E-01    6.262626E+00   -7.126784E-02
    2.000000E-02    9.000000E-01    8.397506E-01    6.363636E+00   -6.476774E-02
    2.000000E-02    9.000000E-01    8.397506E-01    6.464646E+00   -5.826764E-02
    2.000000E-02    9.000000E-01    8.397506E-01    6.565657E+00   -5.176753E-02
    2.000000E-02    9.000000E-01    8.397506E-01    6.666667E+00   -4.526743E-02
    2.000000E-02    9.000000E-01    8.397506E-01    6.767677E+00   -3.876733E-02
    2.000000E-02    9.000000E-01    8.397506E-01    6.868687E+00   -3.226723E-02
    2.000000E-02    9.000000E-01    8.397506E-01    6.969697E+00   -2.761389E-02
    2.000000E-02    9.000000E-01    8.397506E-01    7.070707E+00   -2.508686E-02
    2.000000E-02    9.000000E-01    8.397506E-01    7.171717E+00   -2.255984E-02
    2.000000E-02    9.000000E-01    8.397506E-01    7.272727E+00   -2.003281E-02
    2.000000E-02    9.000000E-01    8.397506E-01    7.373737E+00   -1.750579E-02
    2.000000E-02    9.000000E-01    8.397506E-01    7.474747E+00   -1.497876E-02
    2.000000E-02    9.000000E-01    8.397506E-01    7.575758E+00   -1.245174E-02
    2.000000E-02    9.000000E-01    8.397506E-01    7.676768E+00   -9.924714E-03
    2.000000E-02    9.000000E-01    8.397506E-01    7.777778E+00   -7.397689E-03
    2.000000E-02    9.000000E-01    8.397506E-01    7.878788E+00   -4.870664E-03
    2.000000E-02    9.000000E-01    8.397506E-01    7.979798E+00   -2.343639E-03
    2.000000E-02    9.000000E-01    8.397506E-01    8.080808E+00    1.833858E-04
    2.000000E-02    9.000000E-01    8.397506E-01    8.181818E+00    2.241118E-03
    2.000000E-02    9.000000E-01    8.397506E-01    8.282828E+00    2.543909E-03
    2.000000E-02    9.000000E-01    8.397506E-01    8.383838E+00    2.846700E-03
    2.000000E-02    9.000000E-01    8.397506E-01    8.484848E+00    3.149491E-03
    2.000000E-02    9.000000E-01    8.397506E-01    8.585859E+00    3.452283E-03
    2.000000E-02    9.000000E-01    8.397506E-01    8.686869E+00    3.755074E-03
    2.000000E-02    9.000000E-01    8.397506E-01    8.787879E+00    4.057865E-03
    2.000000E-02    9.000000E-01    8.397506E-01    8.888889E+00    4.360657E-03
    2.000000E-02    9.000000E-01    8.397506E-01    8.989899E+00    4.663448E-03
    2.000000E-02    9.000000E-01    8.397506E-01    9.090909E+00    4.966239E-03
    2.000000E-02    9.000000E-01    8.397506E-01    9.191919E+00    5.269031E-03
    2.000000E-02    9.000000E-01    8.397506E-01    9.292929E+00    5.571822E-03
    2.000000E-02    9.000000E-01    8.397506E-01    9.393939E+00    5.874613E-03
    2.000000E-02    9.000000E-01    8.397506E-01    9.494949E+00    6.177404E-03
    2.000000E-02    9.000000E-01    8.397506E-01    9.595960E+00    6.480196E-03
    2.000000E-02    9.000000E-01    8.397506E-01    9.696970E+00    6.390515E-03
    2.000000E-02    9.000000E-01    8.397506E-01    9.797980E+00    6.120699E-03
    2.000000E-02    9.000000E-01    8.397506E-01    9.898990E+00    5.850882E-03
    2.000000E-02    9.000000E-01    8.397506E-01    1.000000E+01    5.581066E-03

    2.000000E-02    1.000000E+00    8.397506E-01    0.000000E+00    8.248917E-06
    2.000000E-02    1.000000E+00    8.397506E-01    1.010101E-01    8.212221E-06
    2.000000E-02    1.000000E+00    8.397506E-01    2.020202E-01    8.102937E-06
    2.000000E-02    1.000000E+00    8.397506E-01    3.030303E-01    7.922388E-06
    2.000000E-02    1.000000E+00    8.397506E-01    4.040404E-01    7.672764E-06
    2.000000E-02    1.000000E+00    8.397506E-01    5.050505E-01    7.357422E-06
    2.000000E-02    1.000000E+00    8.397506E-01    6.060606E-01    6.980730E-06
    2.000000E-02    1.000000E+00    8.397506E-01    7.070707E-01    6.548935E-06
    2.000000E-02    1.000000E+00    8.397506E-01    8.080808E-01    6.069789E-06
    2.000000E-02    1.000000E+00    8.397506E-01    9.090909E-01    5.552558E-06
    2.000000E-02    1.000000E+00    8.397506E-01    1.010101E+00    5.007577E-06
    2.000000E-02    1.000000E+00    8.397506E-01    1.111111E+00    4.445548E-06
    2.000000E-02    1.000000E+00    8.397506E-01    1.212121E+00    3.876596E-06
    2.000000E-02    1.000000E+00    8.397506E-01    1.313131E+00    3.309972E-06
    2.000000E-02    1.000000E+00    8.397506E-01    1.414141E+00    2.753324E-06
    2.000000E-02    1.000000E+00    8.397506E-01    1.515152E+00    2.212919E-06
    2.000000E-02    1.000000E+00    8.397506E-01    1.616162E+00    1.693258E-06
    2.000000E-02    1.000000E+00    8.397506E-01    1.717172E+00    1.199365E-06
    2.000000E-02    1.000000E+00    8.397506E-01    1.818182E+00    7.343895E-07
    2.000000E-02    1.000000E+00    8.397506E-01    1.919192E+00    2.996233E-07
    2.000000E-02    1.000000E+00    8.397506E-01    2.020202E+00   -1.030852E-07
    2.000000E-02    1.000000E+00    8.397506E-01    2.121212E+00   -4.716226E-07
    2.000000E-02    1.000000E+00    8.397506E-01    2.222222E+00   -8.057947E-07
    2.000000E-02    1.000000E+00    8.397506E-01    2.323232E+00   -1.103727E-06
    2.000000E-02    1.000000E+00    8.397506E-01    2.424242E+00   -1.369449E-06
    2.000000E-02    1.000000E+00    8.397506E-01    2.525253E+00   -1.602350E-06
    2.000000E-02    1.000000E+00    8.397506E-01    2.626263E+00   -1.803631E-06
    2.000000E-02    1.000000E+00    8.397506E-01    2.727273E+00   -1.975469E-06
    2.000000E-02    1.000000E+00    8.397506E-01    2.828283E+00   -2.120222E-06
    2.000000E-02    1.000000E+00    8.397506E-01    2.929293E+00   -2.233570E-06
    2.000000E-02    1.000000E+00    8.397506E-01    3.030303E+00   -2.320127E-06
    2.000000E-02    1.000000E+00    8.397506E-01    3.131313E+00   -2.385530E-06
    2.000000E-02    1.000000E+00    8.397506E-01    3.232323E+00   -2.431149E-06
    2.000000E-02    1.000000E+00    8.397506E-01    3.333333E+00   -2.454004E-06
    2.000000E-02    1.000000E+00    8.397506E-01    3.434343E+00   -2.457262E-06
    2.000000E-02    1.000000E+00    8.397506E-01    3.535354E+00   -2.445928E-06
    2.000000E-02    1.000000E+00    8.397506E-01    3.636364E+00   -2.420686E-06
    2.000000E-02    1.000000E+00    8.397506E-01    3.737374E+00   -2.382477E-06
    2.000000E-02    1.000000E+00    8.397506E-01    3.838384E+00   -2.332607E-06
    2.000000E-02    1.000000E+00    8.397506E-01    3.939394E+00   -2.272725E-06
    2.000000E-02    1.000000E+00    8.397506E-01    4.040404E+00   -2.204704E-06
    2.000000E-02    1.000000E+00    8.397506E-01    4.141414E+00   -2.130305E-06
    2.000000E-02    1.000000E+00    8.397506E-01    4.242424E+00   -2.049877E-06
    2.000000E-02    1.000000E+00    8.397506E-01    4.343434E+00   -1.963473E-06
    2.000000E-02    1.000000E+00    8.397506E-01    4.444444E+00   -1.875347E-06
    2.000000E-02    1.000000E+00    8.397506E-01    4.545455E+00   -1.787221E-06
    2.000000E-02    1.000000E+00    8.397506E-01    4.646465E+00   -1.697454E-06
    2.000000E-02    1.000000E+00    8.397506E-01    4.747475E+00   -1.606882E-06
    2.000000E-02    1.000000E+00    8.397506E-01    4.848485E+00   -1.516309E-06
    2.000000E-02    1.000000E+00    8.397506E-01    4.949495E+00   -1.425737E-06
    2.000000E-02    1.000000E+00    8.397506E-01    5.050505E+00   -1.335164E-06
    2.000000E-02    1.000000E+00    8.397506E-01    5.151515E+00   -1.247993E-06
    2.000000E-02    1.000000E+00    8.397506E-01    5.252525E+00   -1.171648E-06
    2.000000E-02    1.000000E+00    8.397506E-01    5.353535E+00   -1.095304E-06
    2.000000E-02    1.000000E+00    8.397506E-01    5.454545E+00   -1.018960E-06
    2.000000E-02    1.000000E+00    8.397506E-01    5.555556E+00   -9.426153E-07
    2.000000E-02    1.000000E+00    8.397506E-01    5.656566E+00   -8.662710E-07
    2.000000E-02    1.000000E+00    8.397506E-01    5.757576E+00   -7.899266E-07
    2.000000E-02    1.000000E+00    8.397506E-01    5.858586E+00   -7.135822E-07
    2.000000E-02    1.000000E+00    8.397506E-01    5.959596E+00   -6.514343E-07
    2.000000E-02    1.000000E+00    8.397506E-01    6.060606E+00   -6.044512E-07
    2.000000E-02    1.000000E+00    8.397506E-01    6.161616E+00   -5.574680E-07
    2.000000E-02    1.000000E+00    8.397506E-01    6.262626E+00   -5.104848E-07
    2.000000E-02    1.000000E+00    8.397506E-01    6.363636E+00   -4.635017E-07
    2.000000E-02    1.000000E+00    8.397506E-01    6.464646E+00   -4.165185E-07
    2.000000E-02    1.000000E+00    8.397506E-01    6.565657E+00   -3.695353E-07
    2.000000E-02    1.000000E+00    8.397506E-01    6.666667E+00   -3.225522E-07
    2.000000E-02    1.000000E+00    8.397506E-01    6.767677E+00   -2.755690E-07
    2.000000E-02    1.000000E+00    8.397506E-01    6.868687E+00   -2.285858E-07
    2.000000E-02    1.000000E+00    8.397506E-01    6.969697E+00   -1.950133E-07
    2.000000E-02    1.000000E+00    8.397506E-01    7.070707E+00   -1.768814E-07
    2.000000E-02    1.000000E+00    8.397506E-01    7.171717E+00   -1.587496E-07
    2.000000E-02    1.000000E+00    8.397506E-01    7.272727E+00   -1.406177E-07
    2.000000E-02    1.000000E+00    8.397506E-01    7.373737E+00   -1.224858E-07
    2.000000E-02    1.000000E+00    8.397506E-01    7.474747E+00   -1.043539E-07
    2.000000E-02    1.000000E+00    8.397506E-01    7.575758E+00   -8.622207E-08
    2.000000E-02    1.000000E+00    8.397506E-01    7.676768E+00   -6.809019E-08
    2.000000E-02    1.000000E+00    8.397506E-01    7.777778E+00   -4.995832E-08
    2.000000E-02    1.000000E+00    8.397506E-01    7.878788E+00   -3.182644E-08
    2.000000E-02    1.000000E+00    8.397506E-01    7.979798E+00   -1.369457E-08
    2.000000E-02    1.000000E+00    8.397506E-01    8.080808E+00    4.437304E-09
    2.000000E-02    1.000000E+00    8.397506E-01    8.181818E+00    1.917815E-08
    2.000000E-02    1.000000E+00    8.397506E-01    8.282828E+00    2.123809E-08
    2.000000E-02    1.000000E+00    8.397506E-01    8.383838E+00    2.329804E-08
    2.000000E-02    1.000000E+00    8.397506E-01    8.484848E+00    2.535799E-08
    2.000000E-02    1.000000E+00    8.397506E-01    8.585859E+00    2.741794E-08
    2.000000E-02    1.000000E+00    8.397506E-01    8.686869E+00    2.947788E-08
    2.000000E-02    1.000000E+00    8.397506E-01    8.787879E+00    3.153783E-08
    2.000000E-02    1.000000E+00    8.397506E-01    8.888889E+00    3.359778E-08
    2.000000E-02    1.000000E+00    8.397506E-01    8.989899E+00    3.565772E-08
    2.000000E-02    1.000000E+00    8.397506E-01    9.090909E+00    3.771767E-08
    2.000000E-02    1.000000E+00    8.397506E-01    9.191919E+00    3.977762E-08
    2.000000E-02    1.000000E+00    8.397506E-01    9.292929E+00    4.183757E-08
    2.000000E-02    1.000000E+00    8.397506E-01    9.393939E+00    4.389751E-08
    2.000000E-02    1.000000E+00    8.397506E-01    9.494949E+00    4.595746E-08
    2.000000E-02    1.000000E+00    8.397506E-01    9.595960E+00    4.801741E-08
    2.000000E-02    1.000000E+00    8.397506E-01    9.696970E+00    4.728827E-08
    2.000000E-02    1.000000E+00    8.397506E-01    9.797980E+00    4.527901E-08
    2.000000E-02    1.000000E+00    8.397506E-01    9.898990E+00    4.326975E-08
    2.000000E-02    1.000000E+00    8.397506E-01    1.000000E+01    4.126050E-08

