#     k [MeV]       Xi [MeV]       1/2/Xi [MeV-1]     e(k) [MeV]     Xi_qp [MeV]


# rho=   0.01500 temp=   1.00000
    0.638873E+00    0.136431E+02    0.366486E-01   -0.675257E+01    0.121204E+02
    0.334081E+01    0.136370E+02    0.366649E-01   -0.674578E+01    0.121136E+02
    0.809926E+01    0.136067E+02    0.367465E-01   -0.671040E+01    0.120783E+02
    0.147433E+02    0.135216E+02    0.369778E-01   -0.661120E+01    0.119791E+02
    0.230330E+02    0.133442E+02    0.374695E-01   -0.640746E+01    0.117754E+02
    0.326688E+02    0.130394E+02    0.383453E-01   -0.606230E+01    0.114303E+02
    0.433023E+02    0.125799E+02    0.397460E-01   -0.555230E+01    0.109204E+02
    0.545493E+02    0.119524E+02    0.418327E-01   -0.487437E+01    0.102428E+02
    0.660033E+02    0.111634E+02    0.447893E-01   -0.404853E+01    0.941780E+01
    0.772504E+02    0.102439E+02    0.488097E-01   -0.312164E+01    0.849286E+01
    0.878839E+02    0.924697E+01    0.540718E-01   -0.215269E+01    0.752857E+01
    0.975196E+02    0.824042E+01    0.606765E-01   -0.120207E+01    0.658825E+01
    0.105809E+03    0.730358E+01    0.684596E-01   -0.330533E+00    0.573659E+01
    0.112453E+03    0.651502E+01    0.767457E-01    0.404418E+00    0.503319E+01
    0.117212E+03    0.593772E+01    0.842074E-01    0.951344E+00    0.452437E+01
    0.119914E+03    0.560873E+01    0.891468E-01    0.126979E+01    0.423634E+01
    0.120625E+03    0.552221E+01    0.905435E-01    0.135457E+01    0.416092E+01
    0.120932E+03    0.548489E+01    0.911595E-01    0.139129E+01    0.412843E+01
    0.121479E+03    0.541863E+01    0.922743E-01    0.145689E+01    0.407066E+01
    0.122256E+03    0.532459E+01    0.939039E-01    0.155065E+01    0.398875E+01
    0.123253E+03    0.520438E+01    0.960729E-01    0.167144E+01    0.388441E+01
    0.124451E+03    0.506097E+01    0.987952E-01    0.181780E+01    0.375992E+01
    0.125831E+03    0.489711E+01    0.102101E+00    0.198792E+01    0.361812E+01
    0.127371E+03    0.471665E+01    0.106007E+00    0.217960E+01    0.346246E+01
    0.129046E+03    0.452435E+01    0.110513E+00    0.239032E+01    0.329693E+01
    0.130827E+03    0.432514E+01    0.115603E+00    0.261718E+01    0.312602E+01
    0.132686E+03    0.412459E+01    0.121224E+00    0.285697E+01    0.295458E+01
    0.134592E+03    0.392851E+01    0.127275E+00    0.310611E+01    0.278766E+01
    0.136514E+03    0.374266E+01    0.133595E+00    0.336074E+01    0.263019E+01
    0.138419E+03    0.357231E+01    0.139965E+00    0.361670E+01    0.248668E+01
    0.140278E+03    0.342181E+01    0.146121E+00    0.386962E+01    0.236077E+01
    0.142060E+03    0.329418E+01    0.151783E+00    0.411502E+01    0.225495E+01
    0.143734E+03    0.319084E+01    0.156698E+00    0.434844E+01    0.217023E+01
    0.145274E+03    0.311161E+01    0.160689E+00    0.456551E+01    0.210613E+01
    0.146655E+03    0.305440E+01    0.163698E+00    0.476206E+01    0.206077E+01
    0.147853E+03    0.301686E+01    0.165735E+00    0.493420E+01    0.203123E+01
    0.148849E+03    0.299593E+01    0.166893E+00    0.507843E+01    0.201393E+01
    0.149627E+03    0.298811E+01    0.167330E+00    0.519177E+01    0.200516E+01
    0.150174E+03    0.299480E+01    0.166956E+00    0.527182E+01    0.200153E+01
    0.150480E+03    0.302119E+01    0.165498E+00    0.531688E+01    0.200043E+01
    0.150625E+03    0.306375E+01    0.163199E+00    0.533812E+01    0.200015E+01
    0.150932E+03    0.278465E+01    0.179556E+00    0.538333E+01    0.200004E+01
    0.151479E+03    0.292916E+01    0.170697E+00    0.546413E+01    0.200155E+01
    0.152256E+03    0.294727E+01    0.169649E+00    0.557962E+01    0.200748E+01
    0.153253E+03    0.296427E+01    0.168676E+00    0.572847E+01    0.202164E+01
    0.154451E+03    0.299121E+01    0.167156E+00    0.590891E+01    0.204858E+01
    0.155831E+03    0.303609E+01    0.164686E+00    0.611875E+01    0.209313E+01
    0.157371E+03    0.310477E+01    0.161042E+00    0.635531E+01    0.215997E+01
    0.159046E+03    0.320204E+01    0.156150E+00    0.661549E+01    0.225299E+01
    0.160827E+03    0.333101E+01    0.150104E+00    0.689575E+01    0.237479E+01
    0.162686E+03    0.349266E+01    0.143158E+00    0.719214E+01    0.252622E+01
    0.164592E+03    0.368569E+01    0.135660E+00    0.750030E+01    0.270611E+01
    0.166514E+03    0.390645E+01    0.127994E+00    0.781552E+01    0.291126E+01
    0.168419E+03    0.414929E+01    0.120503E+00    0.813270E+01    0.313664E+01
    0.170278E+03    0.440730E+01    0.113448E+00    0.844650E+01    0.337578E+01
    0.172060E+03    0.467208E+01    0.107019E+00    0.875135E+01    0.362126E+01
    0.173734E+03    0.493513E+01    0.101314E+00    0.904167E+01    0.386526E+01
    0.175274E+03    0.518798E+01    0.963767E-01    0.931195E+01    0.410001E+01
    0.176655E+03    0.542268E+01    0.922054E-01    0.955690E+01    0.431813E+01
    0.177853E+03    0.563198E+01    0.887787E-01    0.977158E+01    0.451290E+01
    0.178849E+03    0.580964E+01    0.860639E-01    0.995156E+01    0.467845E+01
    0.179627E+03    0.595065E+01    0.840245E-01    0.100930E+02    0.480987E+01
    0.180174E+03    0.605073E+01    0.826347E-01    0.101930E+02    0.490333E+01
    0.180480E+03    0.610736E+01    0.818684E-01    0.102493E+02    0.495616E+01
    0.180848E+03    0.617554E+01    0.809645E-01    0.103169E+02    0.501981E+01
    0.182107E+03    0.641161E+01    0.779835E-01    0.105497E+02    0.524054E+01
    0.184362E+03    0.684441E+01    0.730523E-01    0.109726E+02    0.564623E+01
    0.187598E+03    0.748514E+01    0.667990E-01    0.115923E+02    0.624927E+01
    0.191793E+03    0.834462E+01    0.599188E-01    0.124192E+02    0.706365E+01
    0.196922E+03    0.943197E+01    0.530112E-01    0.134660E+02    0.810319E+01
    0.202956E+03    0.107555E+02    0.464879E-01    0.147478E+02    0.938165E+01
    0.209864E+03    0.123239E+02    0.405715E-01    0.162809E+02    0.109136E+02
    0.217615E+03    0.141481E+02    0.353404E-01    0.180829E+02    0.127153E+02
    0.226183E+03    0.162413E+02    0.307857E-01    0.201748E+02    0.148071E+02
    0.235543E+03    0.186199E+02    0.268530E-01    0.225859E+02    0.172181E+02
    0.245674E+03    0.213026E+02    0.234714E-01    0.253479E+02    0.199802E+02
    0.256562E+03    0.243112E+02    0.205667E-01    0.284701E+02    0.231024E+02
    0.268201E+03    0.276705E+02    0.180698E-01    0.319451E+02    0.265774E+02
    0.280593E+03    0.314101E+02    0.159184E-01    0.358056E+02    0.304379E+02
    0.293748E+03    0.355640E+02    0.140591E-01    0.400918E+02    0.347241E+02
    0.307689E+03    0.401723E+02    0.124464E-01    0.447935E+02    0.394257E+02
    0.322450E+03    0.452831E+02    0.110416E-01    0.499582E+02    0.445905E+02
    0.338078E+03    0.509540E+02    0.981276E-02    0.556543E+02    0.502866E+02
    0.354639E+03    0.572533E+02    0.873312E-02    0.619435E+02    0.565757E+02
    0.372217E+03    0.642650E+02    0.778029E-02    0.689121E+02    0.635443E+02
    0.390919E+03    0.720924E+02    0.693555E-02    0.766677E+02    0.712999E+02
    0.410883E+03    0.808642E+02    0.618321E-02    0.853361E+02    0.799684E+02
    0.432282E+03    0.907433E+02    0.551005E-02    0.950891E+02    0.897214E+02
    0.455340E+03    0.101938E+03    0.490492E-02    0.106141E+03    0.100774E+03
    0.480345E+03    0.114723E+03    0.435834E-02    0.118767E+03    0.113399E+03
    0.507672E+03    0.129459E+03    0.386224E-02    0.133330E+03    0.127962E+03
    0.537826E+03    0.146642E+03    0.340966E-02    0.150325E+03    0.144957E+03
    0.571499E+03    0.166972E+03    0.299451E-02    0.170442E+03    0.165074E+03
    0.609675E+03    0.191471E+03    0.261136E-02    0.194691E+03    0.189323E+03
    0.653814E+03    0.221716E+03    0.225514E-02    0.224656E+03    0.219288E+03
    0.706225E+03    0.260292E+03    0.192092E-02    0.262928E+03    0.257560E+03
    0.770861E+03    0.311853E+03    0.160332E-02    0.314154E+03    0.308786E+03
    0.855391E+03    0.385938E+03    0.129555E-02    0.387779E+03    0.382411E+03
    0.978023E+03    0.506897E+03    0.986393E-03    0.507938E+03    0.502570E+03
    0.120442E+04    0.772602E+03    0.647164E-03    0.772270E+03    0.766902E+03
