
#   rho [fm-3]      T [MeV]      kf [fm-1]       k [fm-1]       Gap(k) [MeV]       auxgap
    6.000000E-02    0.000000E+00    1.211130E+00    0.000000E+00    8.267753E-01
    6.000000E-02    0.000000E+00    1.211130E+00    1.010101E-01    8.242040E-01
    6.000000E-02    0.000000E+00    1.211130E+00    2.020202E-01    8.164709E-01
    6.000000E-02    0.000000E+00    1.211130E+00    3.030303E-01    8.036216E-01
    6.000000E-02    0.000000E+00    1.211130E+00    4.040404E-01    7.855469E-01
    6.000000E-02    0.000000E+00    1.211130E+00    5.050505E-01    7.622338E-01
    6.000000E-02    0.000000E+00    1.211130E+00    6.060606E-01    7.335868E-01
    6.000000E-02    0.000000E+00    1.211130E+00    7.070707E-01    6.994508E-01
    6.000000E-02    0.000000E+00    1.211130E+00    8.080808E-01    6.596431E-01
    6.000000E-02    0.000000E+00    1.211130E+00    9.090909E-01    6.139714E-01
    6.000000E-02    0.000000E+00    1.211130E+00    1.010101E+00    5.622591E-01
    6.000000E-02    0.000000E+00    1.211130E+00    1.111111E+00    5.044033E-01
    6.000000E-02    0.000000E+00    1.211130E+00    1.212121E+00    4.404488E-01
    6.000000E-02    0.000000E+00    1.211130E+00    1.313131E+00    3.705972E-01
    6.000000E-02    0.000000E+00    1.211130E+00    1.414141E+00    2.952211E-01
    6.000000E-02    0.000000E+00    1.211130E+00    1.515152E+00    2.148173E-01
    6.000000E-02    0.000000E+00    1.211130E+00    1.616162E+00    1.299447E-01
    6.000000E-02    0.000000E+00    1.211130E+00    1.717172E+00    4.134118E-02
    6.000000E-02    0.000000E+00    1.211130E+00    1.818182E+00   -4.991259E-02
    6.000000E-02    0.000000E+00    1.211130E+00    1.919192E+00   -1.422244E-01
    6.000000E-02    0.000000E+00    1.211130E+00    2.020202E+00   -2.330980E-01
    6.000000E-02    0.000000E+00    1.211130E+00    2.121212E+00   -3.195688E-01
    6.000000E-02    0.000000E+00    1.211130E+00    2.222222E+00   -3.983555E-01
    6.000000E-02    0.000000E+00    1.211130E+00    2.323232E+00   -4.652163E-01
    6.000000E-02    0.000000E+00    1.211130E+00    2.424242E+00   -5.156037E-01
    6.000000E-02    0.000000E+00    1.211130E+00    2.525253E+00   -5.490718E-01
    6.000000E-02    0.000000E+00    1.211130E+00    2.626263E+00   -5.656613E-01
    6.000000E-02    0.000000E+00    1.211130E+00    2.727273E+00   -5.665906E-01
    6.000000E-02    0.000000E+00    1.211130E+00    2.828283E+00   -5.514780E-01
    6.000000E-02    0.000000E+00    1.211130E+00    2.929293E+00   -5.235074E-01
    6.000000E-02    0.000000E+00    1.211130E+00    3.030303E+00   -4.820119E-01
    6.000000E-02    0.000000E+00    1.211130E+00    3.131313E+00   -4.272011E-01
    6.000000E-02    0.000000E+00    1.211130E+00    3.232323E+00   -3.630645E-01
    6.000000E-02    0.000000E+00    1.211130E+00    3.333333E+00   -2.958384E-01
    6.000000E-02    0.000000E+00    1.211130E+00    3.434343E+00   -2.302178E-01
    6.000000E-02    0.000000E+00    1.211130E+00    3.535354E+00   -1.721150E-01
    6.000000E-02    0.000000E+00    1.211130E+00    3.636364E+00   -1.249548E-01
    6.000000E-02    0.000000E+00    1.211130E+00    3.737374E+00   -8.478138E-02
    6.000000E-02    0.000000E+00    1.211130E+00    3.838384E+00   -5.708100E-02
    6.000000E-02    0.000000E+00    1.211130E+00    3.939394E+00   -3.634117E-02
    6.000000E-02    0.000000E+00    1.211130E+00    4.040404E+00   -2.156945E-02
    6.000000E-02    0.000000E+00    1.211130E+00    4.141414E+00   -1.309112E-02
    6.000000E-02    0.000000E+00    1.211130E+00    4.242424E+00   -6.615734E-03
    6.000000E-02    0.000000E+00    1.211130E+00    4.343434E+00   -3.908465E-03
    6.000000E-02    0.000000E+00    1.211130E+00    4.444444E+00   -1.614122E-03
    6.000000E-02    0.000000E+00    1.211130E+00    4.545455E+00   -9.562829E-04
    6.000000E-02    0.000000E+00    1.211130E+00    4.646465E+00   -3.420945E-04
    6.000000E-02    0.000000E+00    1.211130E+00    4.747475E+00   -1.912513E-04
    6.000000E-02    0.000000E+00    1.211130E+00    4.848485E+00   -6.131886E-05
    6.000000E-02    0.000000E+00    1.211130E+00    4.949495E+00   -3.179482E-05
    6.000000E-02    0.000000E+00    1.211130E+00    5.050505E+00   -9.894124E-06
    6.000000E-02    0.000000E+00    1.211130E+00    5.151515E+00   -4.569312E-06
    6.000000E-02    0.000000E+00    1.211130E+00    5.252525E+00   -1.560899E-06
    6.000000E-02    0.000000E+00    1.211130E+00    5.353535E+00   -5.640361E-07
    6.000000E-02    0.000000E+00    1.211130E+00    5.454545E+00   -2.430106E-07
    6.000000E-02    0.000000E+00    1.211130E+00    5.555556E+00   -8.175661E-08
    6.000000E-02    0.000000E+00    1.211130E+00    5.656566E+00   -2.875203E-08
    6.000000E-02    0.000000E+00    1.211130E+00    5.757576E+00   -1.147386E-08
    6.000000E-02    0.000000E+00    1.211130E+00    5.858586E+00   -3.895806E-09
    6.000000E-02    0.000000E+00    1.211130E+00    5.959596E+00   -1.173683E-09
    6.000000E-02    0.000000E+00    1.211130E+00    6.060606E+00   -3.826359E-10
    6.000000E-02    0.000000E+00    1.211130E+00    6.161616E+00   -1.474110E-10
    6.000000E-02    0.000000E+00    1.211130E+00    6.262626E+00   -9.419721E-11
    6.000000E-02    0.000000E+00    1.211130E+00    6.363636E+00   -4.098338E-11
    6.000000E-02    0.000000E+00    1.211130E+00    6.464646E+00   -2.981299E-12
    6.000000E-02    0.000000E+00    1.211130E+00    6.565657E+00   -2.401499E-12
    6.000000E-02    0.000000E+00    1.211130E+00    6.666667E+00   -1.821698E-12
    6.000000E-02    0.000000E+00    1.211130E+00    6.767677E+00   -1.241897E-12
    6.000000E-02    0.000000E+00    1.211130E+00    6.868687E+00   -6.620959E-13
    6.000000E-02    0.000000E+00    1.211130E+00    6.969697E+00   -8.229498E-14
    6.000000E-02    0.000000E+00    1.211130E+00    7.070707E+00   -5.557010E-16
    6.000000E-02    0.000000E+00    1.211130E+00    7.171717E+00   -4.750893E-16
    6.000000E-02    0.000000E+00    1.211130E+00    7.272727E+00   -3.944776E-16
    6.000000E-02    0.000000E+00    1.211130E+00    7.373737E+00   -3.138659E-16
    6.000000E-02    0.000000E+00    1.211130E+00    7.474747E+00   -2.332542E-16
    6.000000E-02    0.000000E+00    1.211130E+00    7.575758E+00   -1.526424E-16
    6.000000E-02    0.000000E+00    1.211130E+00    7.676768E+00   -7.203073E-17
    6.000000E-02    0.000000E+00    1.211130E+00    7.777778E+00   -7.076074E-23
    6.000000E-02    0.000000E+00    1.211130E+00    7.878788E+00   -6.361937E-23
    6.000000E-02    0.000000E+00    1.211130E+00    7.979798E+00   -5.647800E-23
    6.000000E-02    0.000000E+00    1.211130E+00    8.080808E+00   -4.933664E-23
    6.000000E-02    0.000000E+00    1.211130E+00    8.181818E+00   -4.219527E-23
    6.000000E-02    0.000000E+00    1.211130E+00    8.282828E+00   -3.505390E-23
    6.000000E-02    0.000000E+00    1.211130E+00    8.383838E+00   -2.791253E-23
    6.000000E-02    0.000000E+00    1.211130E+00    8.484848E+00   -2.077116E-23
    6.000000E-02    0.000000E+00    1.211130E+00    8.585859E+00   -1.362979E-23
    6.000000E-02    0.000000E+00    1.211130E+00    8.686869E+00   -6.488425E-24
    6.000000E-02    0.000000E+00    1.211130E+00    8.787879E+00   -4.551574E-33
    6.000000E-02    0.000000E+00    1.211130E+00    8.888889E+00   -4.853483E-33
    6.000000E-02    0.000000E+00    1.211130E+00    8.989899E+00   -5.155393E-33
    6.000000E-02    0.000000E+00    1.211130E+00    9.090909E+00   -5.457302E-33
    6.000000E-02    0.000000E+00    1.211130E+00    9.191919E+00   -5.759211E-33
    6.000000E-02    0.000000E+00    1.211130E+00    9.292929E+00   -6.061121E-33
    6.000000E-02    0.000000E+00    1.211130E+00    9.393939E+00   -6.363030E-33
    6.000000E-02    0.000000E+00    1.211130E+00    9.494949E+00   -6.664940E-33
    6.000000E-02    0.000000E+00    1.211130E+00    9.595960E+00   -6.966849E-33
    6.000000E-02    0.000000E+00    1.211130E+00    9.696970E+00   -7.268758E-33
    6.000000E-02    0.000000E+00    1.211130E+00    9.797980E+00   -7.570668E-33
    6.000000E-02    0.000000E+00    1.211130E+00    9.898990E+00   -7.872577E-33
    6.000000E-02    0.000000E+00    1.211130E+00    1.000000E+01   -8.174486E-33

    6.000000E-02    1.000000E-01    1.211130E+00    0.000000E+00    2.333617E-01
    6.000000E-02    1.000000E-01    1.211130E+00    1.010101E-01    2.326352E-01
    6.000000E-02    1.000000E-01    1.211130E+00    2.020202E-01    2.304504E-01
    6.000000E-02    1.000000E-01    1.211130E+00    3.030303E-01    2.268201E-01
    6.000000E-02    1.000000E-01    1.211130E+00    4.040404E-01    2.217135E-01
    6.000000E-02    1.000000E-01    1.211130E+00    5.050505E-01    2.151273E-01
    6.000000E-02    1.000000E-01    1.211130E+00    6.060606E-01    2.070345E-01
    6.000000E-02    1.000000E-01    1.211130E+00    7.070707E-01    1.973916E-01
    6.000000E-02    1.000000E-01    1.211130E+00    8.080808E-01    1.861474E-01
    6.000000E-02    1.000000E-01    1.211130E+00    9.090909E-01    1.732484E-01
    6.000000E-02    1.000000E-01    1.211130E+00    1.010101E+00    1.586454E-01
    6.000000E-02    1.000000E-01    1.211130E+00    1.111111E+00    1.423103E-01
    6.000000E-02    1.000000E-01    1.211130E+00    1.212121E+00    1.242569E-01
    6.000000E-02    1.000000E-01    1.211130E+00    1.313131E+00    1.045427E-01
    6.000000E-02    1.000000E-01    1.211130E+00    1.414141E+00    8.327360E-02
    6.000000E-02    1.000000E-01    1.211130E+00    1.515152E+00    6.058977E-02
    6.000000E-02    1.000000E-01    1.211130E+00    1.616162E+00    3.664901E-02
    6.000000E-02    1.000000E-01    1.211130E+00    1.717172E+00    1.165921E-02
    6.000000E-02    1.000000E-01    1.211130E+00    1.818182E+00   -1.407503E-02
    6.000000E-02    1.000000E-01    1.211130E+00    1.919192E+00   -4.010497E-02
    6.000000E-02    1.000000E-01    1.211130E+00    2.020202E+00   -6.572716E-02
    6.000000E-02    1.000000E-01    1.211130E+00    2.121212E+00   -9.010613E-02
    6.000000E-02    1.000000E-01    1.211130E+00    2.222222E+00   -1.123172E-01
    6.000000E-02    1.000000E-01    1.211130E+00    2.323232E+00   -1.311648E-01
    6.000000E-02    1.000000E-01    1.211130E+00    2.424242E+00   -1.453674E-01
    6.000000E-02    1.000000E-01    1.211130E+00    2.525253E+00   -1.547998E-01
    6.000000E-02    1.000000E-01    1.211130E+00    2.626263E+00   -1.594736E-01
    6.000000E-02    1.000000E-01    1.211130E+00    2.727273E+00   -1.597327E-01
    6.000000E-02    1.000000E-01    1.211130E+00    2.828283E+00   -1.554698E-01
    6.000000E-02    1.000000E-01    1.211130E+00    2.929293E+00   -1.475825E-01
    6.000000E-02    1.000000E-01    1.211130E+00    3.030303E+00   -1.358830E-01
    6.000000E-02    1.000000E-01    1.211130E+00    3.131313E+00   -1.204303E-01
    6.000000E-02    1.000000E-01    1.211130E+00    3.232323E+00   -1.023492E-01
    6.000000E-02    1.000000E-01    1.211130E+00    3.333333E+00   -8.339739E-02
    6.000000E-02    1.000000E-01    1.211130E+00    3.434343E+00   -6.489848E-02
    6.000000E-02    1.000000E-01    1.211130E+00    3.535354E+00   -4.851909E-02
    6.000000E-02    1.000000E-01    1.211130E+00    3.636364E+00   -3.522455E-02
    6.000000E-02    1.000000E-01    1.211130E+00    3.737374E+00   -2.389967E-02
    6.000000E-02    1.000000E-01    1.211130E+00    3.838384E+00   -1.609099E-02
    6.000000E-02    1.000000E-01    1.211130E+00    3.939394E+00   -1.024448E-02
    6.000000E-02    1.000000E-01    1.211130E+00    4.040404E+00   -6.080380E-03
    6.000000E-02    1.000000E-01    1.211130E+00    4.141414E+00   -3.690366E-03
    6.000000E-02    1.000000E-01    1.211130E+00    4.242424E+00   -1.864974E-03
    6.000000E-02    1.000000E-01    1.211130E+00    4.343434E+00   -1.101800E-03
    6.000000E-02    1.000000E-01    1.211130E+00    4.444444E+00   -4.550287E-04
    6.000000E-02    1.000000E-01    1.211130E+00    4.545455E+00   -2.695824E-04
    6.000000E-02    1.000000E-01    1.211130E+00    4.646465E+00   -9.644132E-05
    6.000000E-02    1.000000E-01    1.211130E+00    4.747475E+00   -5.391713E-05
    6.000000E-02    1.000000E-01    1.211130E+00    4.848485E+00   -1.728780E-05
    6.000000E-02    1.000000E-01    1.211130E+00    4.949495E+00   -8.964216E-06
    6.000000E-02    1.000000E-01    1.211130E+00    5.050505E+00   -2.789804E-06
    6.000000E-02    1.000000E-01    1.211130E+00    5.151515E+00   -1.288450E-06
    6.000000E-02    1.000000E-01    1.211130E+00    5.252525E+00   -4.401927E-07
    6.000000E-02    1.000000E-01    1.211130E+00    5.353535E+00   -1.590804E-07
    6.000000E-02    1.000000E-01    1.211130E+00    5.454545E+00   -6.854381E-08
    6.000000E-02    1.000000E-01    1.211130E+00    5.555556E+00   -2.306266E-08
    6.000000E-02    1.000000E-01    1.211130E+00    5.656566E+00   -8.111180E-09
    6.000000E-02    1.000000E-01    1.211130E+00    5.757576E+00   -3.237012E-09
    6.000000E-02    1.000000E-01    1.211130E+00    5.858586E+00   -1.099145E-09
    6.000000E-02    1.000000E-01    1.211130E+00    5.959596E+00   -3.311557E-10
    6.000000E-02    1.000000E-01    1.211130E+00    6.060606E+00   -1.079657E-10
    6.000000E-02    1.000000E-01    1.211130E+00    6.161616E+00   -4.159534E-11
    6.000000E-02    1.000000E-01    1.211130E+00    6.262626E+00   -2.657991E-11
    6.000000E-02    1.000000E-01    1.211130E+00    6.363636E+00   -1.156448E-11
    6.000000E-02    1.000000E-01    1.211130E+00    6.464646E+00   -8.413591E-13
    6.000000E-02    1.000000E-01    1.211130E+00    6.565657E+00   -6.777322E-13
    6.000000E-02    1.000000E-01    1.211130E+00    6.666667E+00   -5.141053E-13
    6.000000E-02    1.000000E-01    1.211130E+00    6.767677E+00   -3.504785E-13
    6.000000E-02    1.000000E-01    1.211130E+00    6.868687E+00   -1.868516E-13
    6.000000E-02    1.000000E-01    1.211130E+00    6.969697E+00   -2.322469E-14
    6.000000E-02    1.000000E-01    1.211130E+00    7.070707E+00   -1.568691E-16
    6.000000E-02    1.000000E-01    1.211130E+00    7.171717E+00   -1.341131E-16
    6.000000E-02    1.000000E-01    1.211130E+00    7.272727E+00   -1.113572E-16
    6.000000E-02    1.000000E-01    1.211130E+00    7.373737E+00   -8.860132E-17
    6.000000E-02    1.000000E-01    1.211130E+00    7.474747E+00   -6.584541E-17
    6.000000E-02    1.000000E-01    1.211130E+00    7.575758E+00   -4.308949E-17
    6.000000E-02    1.000000E-01    1.211130E+00    7.676768E+00   -2.033358E-17
    6.000000E-02    1.000000E-01    1.211130E+00    7.777778E+00   -1.998411E-23
    6.000000E-02    1.000000E-01    1.211130E+00    7.878788E+00   -1.796726E-23
    6.000000E-02    1.000000E-01    1.211130E+00    7.979798E+00   -1.595040E-23
    6.000000E-02    1.000000E-01    1.211130E+00    8.080808E+00   -1.393355E-23
    6.000000E-02    1.000000E-01    1.211130E+00    8.181818E+00   -1.191670E-23
    6.000000E-02    1.000000E-01    1.211130E+00    8.282828E+00   -9.899852E-24
    6.000000E-02    1.000000E-01    1.211130E+00    8.383838E+00   -7.883001E-24
    6.000000E-02    1.000000E-01    1.211130E+00    8.484848E+00   -5.866150E-24
    6.000000E-02    1.000000E-01    1.211130E+00    8.585859E+00   -3.849299E-24
    6.000000E-02    1.000000E-01    1.211130E+00    8.686869E+00   -1.832448E-24
    6.000000E-02    1.000000E-01    1.211130E+00    8.787879E+00   -1.283005E-33
    6.000000E-02    1.000000E-01    1.211130E+00    8.888889E+00   -1.368112E-33
    6.000000E-02    1.000000E-01    1.211130E+00    8.989899E+00   -1.453218E-33
    6.000000E-02    1.000000E-01    1.211130E+00    9.090909E+00   -1.538325E-33
    6.000000E-02    1.000000E-01    1.211130E+00    9.191919E+00   -1.623432E-33
    6.000000E-02    1.000000E-01    1.211130E+00    9.292929E+00   -1.708538E-33
    6.000000E-02    1.000000E-01    1.211130E+00    9.393939E+00   -1.793645E-33
    6.000000E-02    1.000000E-01    1.211130E+00    9.494949E+00   -1.878751E-33
    6.000000E-02    1.000000E-01    1.211130E+00    9.595960E+00   -1.963858E-33
    6.000000E-02    1.000000E-01    1.211130E+00    9.696970E+00   -2.048964E-33
    6.000000E-02    1.000000E-01    1.211130E+00    9.797980E+00   -2.134071E-33
    6.000000E-02    1.000000E-01    1.211130E+00    9.898990E+00   -2.219178E-33
    6.000000E-02    1.000000E-01    1.211130E+00    1.000000E+01   -2.304284E-33

    6.000000E-02    2.000000E-01    1.211130E+00    0.000000E+00    6.531525E-02
    6.000000E-02    2.000000E-01    1.211130E+00    1.010101E-01    6.511188E-02
    6.000000E-02    2.000000E-01    1.211130E+00    2.020202E-01    6.450026E-02
    6.000000E-02    2.000000E-01    1.211130E+00    3.030303E-01    6.348401E-02
    6.000000E-02    2.000000E-01    1.211130E+00    4.040404E-01    6.205451E-02
    6.000000E-02    2.000000E-01    1.211130E+00    5.050505E-01    6.021077E-02
    6.000000E-02    2.000000E-01    1.211130E+00    6.060606E-01    5.794531E-02
    6.000000E-02    2.000000E-01    1.211130E+00    7.070707E-01    5.524594E-02
    6.000000E-02    2.000000E-01    1.211130E+00    8.080808E-01    5.209837E-02
    6.000000E-02    2.000000E-01    1.211130E+00    9.090909E-01    4.848760E-02
    6.000000E-02    2.000000E-01    1.211130E+00    1.010101E+00    4.439994E-02
    6.000000E-02    2.000000E-01    1.211130E+00    1.111111E+00    3.982759E-02
    6.000000E-02    2.000000E-01    1.211130E+00    1.212121E+00    3.477445E-02
    6.000000E-02    2.000000E-01    1.211130E+00    1.313131E+00    2.925675E-02
    6.000000E-02    2.000000E-01    1.211130E+00    1.414141E+00    2.330413E-02
    6.000000E-02    2.000000E-01    1.211130E+00    1.515152E+00    1.695589E-02
    6.000000E-02    2.000000E-01    1.211130E+00    1.616162E+00    1.025619E-02
    6.000000E-02    2.000000E-01    1.211130E+00    1.717172E+00    3.263206E-03
    6.000000E-02    2.000000E-01    1.211130E+00    1.818182E+00   -3.937851E-03
    6.000000E-02    2.000000E-01    1.211130E+00    1.919192E+00   -1.122144E-02
    6.000000E-02    2.000000E-01    1.211130E+00    2.020202E+00   -1.839075E-02
    6.000000E-02    2.000000E-01    1.211130E+00    2.121212E+00   -2.521205E-02
    6.000000E-02    2.000000E-01    1.211130E+00    2.222222E+00   -3.142666E-02
    6.000000E-02    2.000000E-01    1.211130E+00    2.323232E+00   -3.670008E-02
    6.000000E-02    2.000000E-01    1.211130E+00    2.424242E+00   -4.067377E-02
    6.000000E-02    2.000000E-01    1.211130E+00    2.525253E+00   -4.331272E-02
    6.000000E-02    2.000000E-01    1.211130E+00    2.626263E+00   -4.462025E-02
    6.000000E-02    2.000000E-01    1.211130E+00    2.727273E+00   -4.469257E-02
    6.000000E-02    2.000000E-01    1.211130E+00    2.828283E+00   -4.349967E-02
    6.000000E-02    2.000000E-01    1.211130E+00    2.929293E+00   -4.129273E-02
    6.000000E-02    2.000000E-01    1.211130E+00    3.030303E+00   -3.801918E-02
    6.000000E-02    2.000000E-01    1.211130E+00    3.131313E+00   -3.369555E-02
    6.000000E-02    2.000000E-01    1.211130E+00    3.232323E+00   -2.863651E-02
    6.000000E-02    2.000000E-01    1.211130E+00    3.333333E+00   -2.333392E-02
    6.000000E-02    2.000000E-01    1.211130E+00    3.434343E+00   -1.815805E-02
    6.000000E-02    2.000000E-01    1.211130E+00    3.535354E+00   -1.357522E-02
    6.000000E-02    2.000000E-01    1.211130E+00    3.636364E+00   -9.855518E-03
    6.000000E-02    2.000000E-01    1.211130E+00    3.737374E+00   -6.686913E-03
    6.000000E-02    2.000000E-01    1.211130E+00    3.838384E+00   -4.502114E-03
    6.000000E-02    2.000000E-01    1.211130E+00    3.939394E+00   -2.866314E-03
    6.000000E-02    2.000000E-01    1.211130E+00    4.040404E+00   -1.701237E-03
    6.000000E-02    2.000000E-01    1.211130E+00    4.141414E+00   -1.032533E-03
    6.000000E-02    2.000000E-01    1.211130E+00    4.242424E+00   -5.218047E-04
    6.000000E-02    2.000000E-01    1.211130E+00    4.343434E+00   -3.082753E-04
    6.000000E-02    2.000000E-01    1.211130E+00    4.444444E+00   -1.273141E-04
    6.000000E-02    2.000000E-01    1.211130E+00    4.545455E+00   -7.542758E-05
    6.000000E-02    2.000000E-01    1.211130E+00    4.646465E+00   -2.698394E-05
    6.000000E-02    2.000000E-01    1.211130E+00    4.747475E+00   -1.508588E-05
    6.000000E-02    2.000000E-01    1.211130E+00    4.848485E+00   -4.837162E-06
    6.000000E-02    2.000000E-01    1.211130E+00    4.949495E+00   -2.508225E-06
    6.000000E-02    2.000000E-01    1.211130E+00    5.050505E+00   -7.806204E-07
    6.000000E-02    2.000000E-01    1.211130E+00    5.151515E+00   -3.605289E-07
    6.000000E-02    2.000000E-01    1.211130E+00    5.252525E+00   -1.231772E-07
    6.000000E-02    2.000000E-01    1.211130E+00    5.353535E+00   -4.451603E-08
    6.000000E-02    2.000000E-01    1.211130E+00    5.454545E+00   -1.918127E-08
    6.000000E-02    2.000000E-01    1.211130E+00    5.555556E+00   -6.454028E-09
    6.000000E-02    2.000000E-01    1.211130E+00    5.656566E+00   -2.269934E-09
    6.000000E-02    2.000000E-01    1.211130E+00    5.757576E+00   -9.058964E-10
    6.000000E-02    2.000000E-01    1.211130E+00    5.858586E+00   -3.076062E-10
    6.000000E-02    2.000000E-01    1.211130E+00    5.959596E+00   -9.267836E-11
    6.000000E-02    2.000000E-01    1.211130E+00    6.060606E+00   -3.021597E-11
    6.000000E-02    2.000000E-01    1.211130E+00    6.161616E+00   -1.164123E-11
    6.000000E-02    2.000000E-01    1.211130E+00    6.262626E+00   -7.438884E-12
    6.000000E-02    2.000000E-01    1.211130E+00    6.363636E+00   -3.236539E-12
    6.000000E-02    2.000000E-01    1.211130E+00    6.464646E+00   -2.354777E-13
    6.000000E-02    2.000000E-01    1.211130E+00    6.565657E+00   -1.896822E-13
    6.000000E-02    2.000000E-01    1.211130E+00    6.666667E+00   -1.438866E-13
    6.000000E-02    2.000000E-01    1.211130E+00    6.767677E+00   -9.809113E-14
    6.000000E-02    2.000000E-01    1.211130E+00    6.868687E+00   -5.229560E-14
    6.000000E-02    2.000000E-01    1.211130E+00    6.969697E+00   -6.500078E-15
    6.000000E-02    2.000000E-01    1.211130E+00    7.070707E+00   -4.390683E-17
    6.000000E-02    2.000000E-01    1.211130E+00    7.171717E+00   -3.753757E-17
    6.000000E-02    2.000000E-01    1.211130E+00    7.272727E+00   -3.116831E-17
    6.000000E-02    2.000000E-01    1.211130E+00    7.373737E+00   -2.479905E-17
    6.000000E-02    2.000000E-01    1.211130E+00    7.474747E+00   -1.842979E-17
    6.000000E-02    2.000000E-01    1.211130E+00    7.575758E+00   -1.206052E-17
    6.000000E-02    2.000000E-01    1.211130E+00    7.676768E+00   -5.691264E-18
    6.000000E-02    2.000000E-01    1.211130E+00    7.777778E+00   -5.593942E-24
    6.000000E-02    2.000000E-01    1.211130E+00    7.878788E+00   -5.029386E-24
    6.000000E-02    2.000000E-01    1.211130E+00    7.979798E+00   -4.464830E-24
    6.000000E-02    2.000000E-01    1.211130E+00    8.080808E+00   -3.900274E-24
    6.000000E-02    2.000000E-01    1.211130E+00    8.181818E+00   -3.335718E-24
    6.000000E-02    2.000000E-01    1.211130E+00    8.282828E+00   -2.771162E-24
    6.000000E-02    2.000000E-01    1.211130E+00    8.383838E+00   -2.206606E-24
    6.000000E-02    2.000000E-01    1.211130E+00    8.484848E+00   -1.642050E-24
    6.000000E-02    2.000000E-01    1.211130E+00    8.585859E+00   -1.077494E-24
    6.000000E-02    2.000000E-01    1.211130E+00    8.686869E+00   -5.129380E-25
    6.000000E-02    2.000000E-01    1.211130E+00    8.787879E+00   -3.589645E-34
    6.000000E-02    2.000000E-01    1.211130E+00    8.888889E+00   -3.827763E-34
    6.000000E-02    2.000000E-01    1.211130E+00    8.989899E+00   -4.065881E-34
    6.000000E-02    2.000000E-01    1.211130E+00    9.090909E+00   -4.303999E-34
    6.000000E-02    2.000000E-01    1.211130E+00    9.191919E+00   -4.542117E-34
    6.000000E-02    2.000000E-01    1.211130E+00    9.292929E+00   -4.780236E-34
    6.000000E-02    2.000000E-01    1.211130E+00    9.393939E+00   -5.018354E-34
    6.000000E-02    2.000000E-01    1.211130E+00    9.494949E+00   -5.256472E-34
    6.000000E-02    2.000000E-01    1.211130E+00    9.595960E+00   -5.494590E-34
    6.000000E-02    2.000000E-01    1.211130E+00    9.696970E+00   -5.732708E-34
    6.000000E-02    2.000000E-01    1.211130E+00    9.797980E+00   -5.970826E-34
    6.000000E-02    2.000000E-01    1.211130E+00    9.898990E+00   -6.208944E-34
    6.000000E-02    2.000000E-01    1.211130E+00    1.000000E+01   -6.447062E-34

    6.000000E-02    3.000000E-01    1.211130E+00    0.000000E+00    1.158742E-06
    6.000000E-02    3.000000E-01    1.211130E+00    1.010101E-01    1.155145E-06
    6.000000E-02    3.000000E-01    1.211130E+00    2.020202E-01    1.144327E-06
    6.000000E-02    3.000000E-01    1.211130E+00    3.030303E-01    1.126358E-06
    6.000000E-02    3.000000E-01    1.211130E+00    4.040404E-01    1.101094E-06
    6.000000E-02    3.000000E-01    1.211130E+00    5.050505E-01    1.068532E-06
    6.000000E-02    3.000000E-01    1.211130E+00    6.060606E-01    1.028561E-06
    6.000000E-02    3.000000E-01    1.211130E+00    7.070707E-01    9.809969E-07
    6.000000E-02    3.000000E-01    1.211130E+00    8.080808E-01    9.256273E-07
    6.000000E-02    3.000000E-01    1.211130E+00    9.090909E-01    8.622378E-07
    6.000000E-02    3.000000E-01    1.211130E+00    1.010101E+00    7.906404E-07
    6.000000E-02    3.000000E-01    1.211130E+00    1.111111E+00    7.107455E-07
    6.000000E-02    3.000000E-01    1.211130E+00    1.212121E+00    6.226528E-07
    6.000000E-02    3.000000E-01    1.211130E+00    1.313131E+00    5.266557E-07
    6.000000E-02    3.000000E-01    1.211130E+00    1.414141E+00    4.232602E-07
    6.000000E-02    3.000000E-01    1.211130E+00    1.515152E+00    3.131280E-07
    6.000000E-02    3.000000E-01    1.211130E+00    1.616162E+00    1.970030E-07
    6.000000E-02    3.000000E-01    1.211130E+00    1.717172E+00    7.587330E-08
    6.000000E-02    3.000000E-01    1.211130E+00    1.818182E+00   -4.880484E-08
    6.000000E-02    3.000000E-01    1.211130E+00    1.919192E+00   -1.748800E-07
    6.000000E-02    3.000000E-01    1.211130E+00    2.020202E+00   -2.989784E-07
    6.000000E-02    3.000000E-01    1.211130E+00    2.121212E+00   -4.170939E-07
    6.000000E-02    3.000000E-01    1.211130E+00    2.222222E+00   -5.247933E-07
    6.000000E-02    3.000000E-01    1.211130E+00    2.323232E+00   -6.163446E-07
    6.000000E-02    3.000000E-01    1.211130E+00    2.424242E+00   -6.856057E-07
    6.000000E-02    3.000000E-01    1.211130E+00    2.525253E+00   -7.319853E-07
    6.000000E-02    3.000000E-01    1.211130E+00    2.626263E+00   -7.555483E-07
    6.000000E-02    3.000000E-01    1.211130E+00    2.727273E+00   -7.579480E-07
    6.000000E-02    3.000000E-01    1.211130E+00    2.828283E+00   -7.386643E-07
    6.000000E-02    3.000000E-01    1.211130E+00    2.929293E+00   -7.019792E-07
    6.000000E-02    3.000000E-01    1.211130E+00    3.030303E+00   -6.469552E-07
    6.000000E-02    3.000000E-01    1.211130E+00    3.131313E+00   -5.738276E-07
    6.000000E-02    3.000000E-01    1.211130E+00    3.232323E+00   -4.879608E-07
    6.000000E-02    3.000000E-01    1.211130E+00    3.333333E+00   -3.977882E-07
    6.000000E-02    3.000000E-01    1.211130E+00    3.434343E+00   -3.096668E-07
    6.000000E-02    3.000000E-01    1.211130E+00    3.535354E+00   -2.315716E-07
    6.000000E-02    3.000000E-01    1.211130E+00    3.636364E+00   -1.681565E-07
    6.000000E-02    3.000000E-01    1.211130E+00    3.737374E+00   -1.141223E-07
    6.000000E-02    3.000000E-01    1.211130E+00    3.838384E+00   -7.684968E-08
    6.000000E-02    3.000000E-01    1.211130E+00    3.939394E+00   -4.893826E-08
    6.000000E-02    3.000000E-01    1.211130E+00    4.040404E+00   -2.905329E-08
    6.000000E-02    3.000000E-01    1.211130E+00    4.141414E+00   -1.763710E-08
    6.000000E-02    3.000000E-01    1.211130E+00    4.242424E+00   -8.916188E-09
    6.000000E-02    3.000000E-01    1.211130E+00    4.343434E+00   -5.268627E-09
    6.000000E-02    3.000000E-01    1.211130E+00    4.444444E+00   -2.177025E-09
    6.000000E-02    3.000000E-01    1.211130E+00    4.545455E+00   -1.290024E-09
    6.000000E-02    3.000000E-01    1.211130E+00    4.646465E+00   -4.618591E-10
    6.000000E-02    3.000000E-01    1.211130E+00    4.747475E+00   -2.582829E-10
    6.000000E-02    3.000000E-01    1.211130E+00    4.848485E+00   -8.291784E-11
    6.000000E-02    3.000000E-01    1.211130E+00    4.949495E+00   -4.301603E-11
    6.000000E-02    3.000000E-01    1.211130E+00    5.050505E+00   -1.341214E-11
    6.000000E-02    3.000000E-01    1.211130E+00    5.151515E+00   -6.199574E-12
    6.000000E-02    3.000000E-01    1.211130E+00    5.252525E+00   -2.122483E-12
    6.000000E-02    3.000000E-01    1.211130E+00    5.353535E+00   -7.682205E-13
    6.000000E-02    3.000000E-01    1.211130E+00    5.454545E+00   -3.313922E-13
    6.000000E-02    3.000000E-01    1.211130E+00    5.555556E+00   -1.116571E-13
    6.000000E-02    3.000000E-01    1.211130E+00    5.656566E+00   -3.930153E-14
    6.000000E-02    3.000000E-01    1.211130E+00    5.757576E+00   -1.569204E-14
    6.000000E-02    3.000000E-01    1.211130E+00    5.858586E+00   -5.331202E-15
    6.000000E-02    3.000000E-01    1.211130E+00    5.959596E+00   -1.607066E-15
    6.000000E-02    3.000000E-01    1.211130E+00    6.060606E+00   -5.241604E-16
    6.000000E-02    3.000000E-01    1.211130E+00    6.161616E+00   -2.020041E-16
    6.000000E-02    3.000000E-01    1.211130E+00    6.262626E+00   -1.290852E-16
    6.000000E-02    3.000000E-01    1.211130E+00    6.363636E+00   -5.616623E-17
    6.000000E-02    3.000000E-01    1.211130E+00    6.464646E+00   -4.091623E-18
    6.000000E-02    3.000000E-01    1.211130E+00    6.565657E+00   -3.295887E-18
    6.000000E-02    3.000000E-01    1.211130E+00    6.666667E+00   -2.500152E-18
    6.000000E-02    3.000000E-01    1.211130E+00    6.767677E+00   -1.704417E-18
    6.000000E-02    3.000000E-01    1.211130E+00    6.868687E+00   -9.086819E-19
    6.000000E-02    3.000000E-01    1.211130E+00    6.969697E+00   -1.129468E-19
    6.000000E-02    3.000000E-01    1.211130E+00    7.070707E+00   -7.651530E-22
    6.000000E-02    3.000000E-01    1.211130E+00    7.171717E+00   -6.541576E-22
    6.000000E-02    3.000000E-01    1.211130E+00    7.272727E+00   -5.431621E-22
    6.000000E-02    3.000000E-01    1.211130E+00    7.373737E+00   -4.321666E-22
    6.000000E-02    3.000000E-01    1.211130E+00    7.474747E+00   -3.211711E-22
    6.000000E-02    3.000000E-01    1.211130E+00    7.575758E+00   -2.101757E-22
    6.000000E-02    3.000000E-01    1.211130E+00    7.676768E+00   -9.918019E-23
    6.000000E-02    3.000000E-01    1.211130E+00    7.777778E+00   -9.803285E-29
    6.000000E-02    3.000000E-01    1.211130E+00    7.878788E+00   -8.813910E-29
    6.000000E-02    3.000000E-01    1.211130E+00    7.979798E+00   -7.824536E-29
    6.000000E-02    3.000000E-01    1.211130E+00    8.080808E+00   -6.835161E-29
    6.000000E-02    3.000000E-01    1.211130E+00    8.181818E+00   -5.845787E-29
    6.000000E-02    3.000000E-01    1.211130E+00    8.282828E+00   -4.856412E-29
    6.000000E-02    3.000000E-01    1.211130E+00    8.383838E+00   -3.867038E-29
    6.000000E-02    3.000000E-01    1.211130E+00    8.484848E+00   -2.877664E-29
    6.000000E-02    3.000000E-01    1.211130E+00    8.585859E+00   -1.888289E-29
    6.000000E-02    3.000000E-01    1.211130E+00    8.686869E+00   -8.989148E-30
    6.000000E-02    3.000000E-01    1.211130E+00    8.787879E+00   -5.865559E-39
    6.000000E-02    3.000000E-01    1.211130E+00    8.888889E+00   -6.258638E-39
    6.000000E-02    3.000000E-01    1.211130E+00    8.989899E+00   -6.651717E-39
    6.000000E-02    3.000000E-01    1.211130E+00    9.090909E+00   -7.044795E-39
    6.000000E-02    3.000000E-01    1.211130E+00    9.191919E+00   -7.437874E-39
    6.000000E-02    3.000000E-01    1.211130E+00    9.292929E+00   -7.830952E-39
    6.000000E-02    3.000000E-01    1.211130E+00    9.393939E+00   -8.224031E-39
    6.000000E-02    3.000000E-01    1.211130E+00    9.494949E+00   -8.617110E-39
    6.000000E-02    3.000000E-01    1.211130E+00    9.595960E+00   -9.010188E-39
    6.000000E-02    3.000000E-01    1.211130E+00    9.696970E+00   -9.403267E-39
    6.000000E-02    3.000000E-01    1.211130E+00    9.797980E+00   -9.796346E-39
    6.000000E-02    3.000000E-01    1.211130E+00    9.898990E+00   -1.018942E-38
    6.000000E-02    3.000000E-01    1.211130E+00    1.000000E+01   -1.058250E-38

    6.000000E-02    4.000000E-01    1.211130E+00    0.000000E+00    8.028637E-07
    6.000000E-02    4.000000E-01    1.211130E+00    1.010101E-01    8.003732E-07
    6.000000E-02    4.000000E-01    1.211130E+00    2.020202E-01    7.928847E-07
    6.000000E-02    4.000000E-01    1.211130E+00    3.030303E-01    7.804473E-07
    6.000000E-02    4.000000E-01    1.211130E+00    4.040404E-01    7.629647E-07
    6.000000E-02    4.000000E-01    1.211130E+00    5.050505E-01    7.404397E-07
    6.000000E-02    4.000000E-01    1.211130E+00    6.060606E-01    7.128032E-07
    6.000000E-02    4.000000E-01    1.211130E+00    7.070707E-01    6.799384E-07
    6.000000E-02    4.000000E-01    1.211130E+00    8.080808E-01    6.417135E-07
    6.000000E-02    4.000000E-01    1.211130E+00    9.090909E-01    5.979977E-07
    6.000000E-02    4.000000E-01    1.211130E+00    1.010101E+00    5.486802E-07
    6.000000E-02    4.000000E-01    1.211130E+00    1.111111E+00    4.937169E-07
    6.000000E-02    4.000000E-01    1.211130E+00    1.212121E+00    4.331885E-07
    6.000000E-02    4.000000E-01    1.211130E+00    1.313131E+00    3.673011E-07
    6.000000E-02    4.000000E-01    1.211130E+00    1.414141E+00    2.963994E-07
    6.000000E-02    4.000000E-01    1.211130E+00    1.515152E+00    2.209295E-07
    6.000000E-02    4.000000E-01    1.211130E+00    1.616162E+00    1.413932E-07
    6.000000E-02    4.000000E-01    1.211130E+00    1.717172E+00    5.845976E-08
    6.000000E-02    4.000000E-01    1.211130E+00    1.818182E+00   -2.688110E-08
    6.000000E-02    4.000000E-01    1.211130E+00    1.919192E+00   -1.131647E-07
    6.000000E-02    4.000000E-01    1.211130E+00    2.020202E+00   -1.980936E-07
    6.000000E-02    4.000000E-01    1.211130E+00    2.121212E+00   -2.789398E-07
    6.000000E-02    4.000000E-01    1.211130E+00    2.222222E+00   -3.526850E-07
    6.000000E-02    4.000000E-01    1.211130E+00    2.323232E+00   -4.154260E-07
    6.000000E-02    4.000000E-01    1.211130E+00    2.424242E+00   -4.629819E-07
    6.000000E-02    4.000000E-01    1.211130E+00    2.525253E+00   -4.949534E-07
    6.000000E-02    4.000000E-01    1.211130E+00    2.626263E+00   -5.113879E-07
    6.000000E-02    4.000000E-01    1.211130E+00    2.727273E+00   -5.134132E-07
    6.000000E-02    4.000000E-01    1.211130E+00    2.828283E+00   -5.006738E-07
    6.000000E-02    4.000000E-01    1.211130E+00    2.929293E+00   -4.760778E-07
    6.000000E-02    4.000000E-01    1.211130E+00    3.030303E+00   -4.389744E-07
    6.000000E-02    4.000000E-01    1.211130E+00    3.131313E+00   -3.895074E-07
    6.000000E-02    4.000000E-01    1.211130E+00    3.232323E+00   -3.313199E-07
    6.000000E-02    4.000000E-01    1.211130E+00    3.333333E+00   -2.701557E-07
    6.000000E-02    4.000000E-01    1.211130E+00    3.434343E+00   -2.103475E-07
    6.000000E-02    4.000000E-01    1.211130E+00    3.535354E+00   -1.573201E-07
    6.000000E-02    4.000000E-01    1.211130E+00    3.636364E+00   -1.142511E-07
    6.000000E-02    4.000000E-01    1.211130E+00    3.737374E+00   -7.754826E-08
    6.000000E-02    4.000000E-01    1.211130E+00    3.838384E+00   -5.222569E-08
    6.000000E-02    4.000000E-01    1.211130E+00    3.939394E+00   -3.326138E-08
    6.000000E-02    4.000000E-01    1.211130E+00    4.040404E+00   -1.974878E-08
    6.000000E-02    4.000000E-01    1.211130E+00    4.141414E+00   -1.198999E-08
    6.000000E-02    4.000000E-01    1.211130E+00    4.242424E+00   -6.062416E-09
    6.000000E-02    4.000000E-01    1.211130E+00    4.343434E+00   -3.582683E-09
    6.000000E-02    4.000000E-01    1.211130E+00    4.444444E+00   -1.480779E-09
    6.000000E-02    4.000000E-01    1.211130E+00    4.545455E+00   -8.775379E-10
    6.000000E-02    4.000000E-01    1.211130E+00    4.646465E+00   -3.143040E-10
    6.000000E-02    4.000000E-01    1.211130E+00    4.747475E+00   -1.757917E-10
    6.000000E-02    4.000000E-01    1.211130E+00    4.848485E+00   -5.647081E-11
    6.000000E-02    4.000000E-01    1.211130E+00    4.949495E+00   -2.930307E-11
    6.000000E-02    4.000000E-01    1.211130E+00    5.050505E+00   -9.145131E-12
    6.000000E-02    4.000000E-01    1.211130E+00    5.151515E+00   -4.229042E-12
    6.000000E-02    4.000000E-01    1.211130E+00    5.252525E+00   -1.449390E-12
    6.000000E-02    4.000000E-01    1.211130E+00    5.353535E+00   -5.250097E-13
    6.000000E-02    4.000000E-01    1.211130E+00    5.454545E+00   -2.266112E-13
    6.000000E-02    4.000000E-01    1.211130E+00    5.555556E+00   -7.640729E-14
    6.000000E-02    4.000000E-01    1.211130E+00    5.656566E+00   -2.690535E-14
    6.000000E-02    4.000000E-01    1.211130E+00    5.757576E+00   -1.074530E-14
    6.000000E-02    4.000000E-01    1.211130E+00    5.858586E+00   -3.651645E-15
    6.000000E-02    4.000000E-01    1.211130E+00    5.959596E+00   -1.101084E-15
    6.000000E-02    4.000000E-01    1.211130E+00    6.060606E+00   -3.592079E-16
    6.000000E-02    4.000000E-01    1.211130E+00    6.161616E+00   -1.384572E-16
    6.000000E-02    4.000000E-01    1.211130E+00    6.262626E+00   -8.847809E-17
    6.000000E-02    4.000000E-01    1.211130E+00    6.363636E+00   -3.849896E-17
    6.000000E-02    4.000000E-01    1.211130E+00    6.464646E+00   -2.806552E-18
    6.000000E-02    4.000000E-01    1.211130E+00    6.565657E+00   -2.260736E-18
    6.000000E-02    4.000000E-01    1.211130E+00    6.666667E+00   -1.714921E-18
    6.000000E-02    4.000000E-01    1.211130E+00    6.767677E+00   -1.169105E-18
    6.000000E-02    4.000000E-01    1.211130E+00    6.868687E+00   -6.232896E-19
    6.000000E-02    4.000000E-01    1.211130E+00    6.969697E+00   -7.747407E-20
    6.000000E-02    4.000000E-01    1.211130E+00    7.070707E+00   -5.256787E-22
    6.000000E-02    4.000000E-01    1.211130E+00    7.171717E+00   -4.494221E-22
    6.000000E-02    4.000000E-01    1.211130E+00    7.272727E+00   -3.731655E-22
    6.000000E-02    4.000000E-01    1.211130E+00    7.373737E+00   -2.969090E-22
    6.000000E-02    4.000000E-01    1.211130E+00    7.474747E+00   -2.206524E-22
    6.000000E-02    4.000000E-01    1.211130E+00    7.575758E+00   -1.443958E-22
    6.000000E-02    4.000000E-01    1.211130E+00    7.676768E+00   -6.813920E-23
    6.000000E-02    4.000000E-01    1.211130E+00    7.777778E+00   -6.755472E-29
    6.000000E-02    4.000000E-01    1.211130E+00    7.878788E+00   -6.073691E-29
    6.000000E-02    4.000000E-01    1.211130E+00    7.979798E+00   -5.391910E-29
    6.000000E-02    4.000000E-01    1.211130E+00    8.080808E+00   -4.710129E-29
    6.000000E-02    4.000000E-01    1.211130E+00    8.181818E+00   -4.028349E-29
    6.000000E-02    4.000000E-01    1.211130E+00    8.282828E+00   -3.346568E-29
    6.000000E-02    4.000000E-01    1.211130E+00    8.383838E+00   -2.664787E-29
    6.000000E-02    4.000000E-01    1.211130E+00    8.484848E+00   -1.983006E-29
    6.000000E-02    4.000000E-01    1.211130E+00    8.585859E+00   -1.301226E-29
    6.000000E-02    4.000000E-01    1.211130E+00    8.686869E+00   -6.194448E-30
    6.000000E-02    4.000000E-01    1.211130E+00    8.787879E+00   -3.895546E-39
    6.000000E-02    4.000000E-01    1.211130E+00    8.888889E+00   -4.158049E-39
    6.000000E-02    4.000000E-01    1.211130E+00    8.989899E+00   -4.420551E-39
    6.000000E-02    4.000000E-01    1.211130E+00    9.090909E+00   -4.683054E-39
    6.000000E-02    4.000000E-01    1.211130E+00    9.191919E+00   -4.945557E-39
    6.000000E-02    4.000000E-01    1.211130E+00    9.292929E+00   -5.208060E-39
    6.000000E-02    4.000000E-01    1.211130E+00    9.393939E+00   -5.470563E-39
    6.000000E-02    4.000000E-01    1.211130E+00    9.494949E+00   -5.733066E-39
    6.000000E-02    4.000000E-01    1.211130E+00    9.595960E+00   -5.995568E-39
    6.000000E-02    4.000000E-01    1.211130E+00    9.696970E+00   -6.258071E-39
    6.000000E-02    4.000000E-01    1.211130E+00    9.797980E+00   -6.520574E-39
    6.000000E-02    4.000000E-01    1.211130E+00    9.898990E+00   -6.783077E-39
    6.000000E-02    4.000000E-01    1.211130E+00    1.000000E+01   -7.045580E-39

    6.000000E-02    5.000000E-01    1.211130E+00    0.000000E+00    7.710119E-07
    6.000000E-02    5.000000E-01    1.211130E+00    1.010101E-01    7.686207E-07
    6.000000E-02    5.000000E-01    1.211130E+00    2.020202E-01    7.614311E-07
    6.000000E-02    5.000000E-01    1.211130E+00    3.030303E-01    7.494902E-07
    6.000000E-02    5.000000E-01    1.211130E+00    4.040404E-01    7.327060E-07
    6.000000E-02    5.000000E-01    1.211130E+00    5.050505E-01    7.110817E-07
    6.000000E-02    5.000000E-01    1.211130E+00    6.060606E-01    6.845515E-07
    6.000000E-02    5.000000E-01    1.211130E+00    7.070707E-01    6.530044E-07
    6.000000E-02    5.000000E-01    1.211130E+00    8.080808E-01    6.163152E-07
    6.000000E-02    5.000000E-01    1.211130E+00    9.090909E-01    5.743597E-07
    6.000000E-02    5.000000E-01    1.211130E+00    1.010101E+00    5.270328E-07
    6.000000E-02    5.000000E-01    1.211130E+00    1.111111E+00    4.742932E-07
    6.000000E-02    5.000000E-01    1.211130E+00    1.212121E+00    4.162186E-07
    6.000000E-02    5.000000E-01    1.211130E+00    1.313131E+00    3.530064E-07
    6.000000E-02    5.000000E-01    1.211130E+00    1.414141E+00    2.849863E-07
    6.000000E-02    5.000000E-01    1.211130E+00    1.515152E+00    2.125857E-07
    6.000000E-02    5.000000E-01    1.211130E+00    1.616162E+00    1.362849E-07
    6.000000E-02    5.000000E-01    1.211130E+00    1.717172E+00    5.672533E-08
    6.000000E-02    5.000000E-01    1.211130E+00    1.818182E+00   -2.514394E-08
    6.000000E-02    5.000000E-01    1.211130E+00    1.919192E+00   -1.079184E-07
    6.000000E-02    5.000000E-01    1.211130E+00    2.020202E+00   -1.893949E-07
    6.000000E-02    5.000000E-01    1.211130E+00    2.121212E+00   -2.669573E-07
    6.000000E-02    5.000000E-01    1.211130E+00    2.222222E+00   -3.377112E-07
    6.000000E-02    5.000000E-01    1.211130E+00    2.323232E+00   -3.979135E-07
    6.000000E-02    5.000000E-01    1.211130E+00    2.424242E+00   -4.435550E-07
    6.000000E-02    5.000000E-01    1.211130E+00    2.525253E+00   -4.742529E-07
    6.000000E-02    5.000000E-01    1.211130E+00    2.626263E+00   -4.900526E-07
    6.000000E-02    5.000000E-01    1.211130E+00    2.727273E+00   -4.920357E-07
    6.000000E-02    5.000000E-01    1.211130E+00    2.828283E+00   -4.798608E-07
    6.000000E-02    5.000000E-01    1.211130E+00    2.929293E+00   -4.563156E-07
    6.000000E-02    5.000000E-01    1.211130E+00    3.030303E+00   -4.207748E-07
    6.000000E-02    5.000000E-01    1.211130E+00    3.131313E+00   -3.733746E-07
    6.000000E-02    5.000000E-01    1.211130E+00    3.232323E+00   -3.176075E-07
    6.000000E-02    5.000000E-01    1.211130E+00    3.333333E+00   -2.589813E-07
    6.000000E-02    5.000000E-01    1.211130E+00    3.434343E+00   -2.016510E-07
    6.000000E-02    5.000000E-01    1.211130E+00    3.535354E+00   -1.508182E-07
    6.000000E-02    5.000000E-01    1.211130E+00    3.636364E+00   -1.095305E-07
    6.000000E-02    5.000000E-01    1.211130E+00    3.737374E+00   -7.434516E-08
    6.000000E-02    5.000000E-01    1.211130E+00    3.838384E+00   -5.006901E-08
    6.000000E-02    5.000000E-01    1.211130E+00    3.939394E+00   -3.188822E-08
    6.000000E-02    5.000000E-01    1.211130E+00    4.040404E+00   -1.893371E-08
    6.000000E-02    5.000000E-01    1.211130E+00    4.141414E+00   -1.149526E-08
    6.000000E-02    5.000000E-01    1.211130E+00    4.242424E+00   -5.812363E-09
    6.000000E-02    5.000000E-01    1.211130E+00    4.343434E+00   -3.434943E-09
    6.000000E-02    5.000000E-01    1.211130E+00    4.444444E+00   -1.419750E-09
    6.000000E-02    5.000000E-01    1.211130E+00    4.545455E+00   -8.413776E-10
    6.000000E-02    5.000000E-01    1.211130E+00    4.646465E+00   -3.013628E-10
    6.000000E-02    5.000000E-01    1.211130E+00    4.747475E+00   -1.685555E-10
    6.000000E-02    5.000000E-01    1.211130E+00    4.848485E+00   -5.414905E-11
    6.000000E-02    5.000000E-01    1.211130E+00    4.949495E+00   -2.809882E-11
    6.000000E-02    5.000000E-01    1.211130E+00    5.050505E+00   -8.769940E-12
    6.000000E-02    5.000000E-01    1.211130E+00    5.151515E+00   -4.055671E-12
    6.000000E-02    5.000000E-01    1.211130E+00    5.252525E+00   -1.390081E-12
    6.000000E-02    5.000000E-01    1.211130E+00    5.353535E+00   -5.035547E-13
    6.000000E-02    5.000000E-01    1.211130E+00    5.454545E+00   -2.173596E-13
    6.000000E-02    5.000000E-01    1.211130E+00    5.555556E+00   -7.329144E-14
    6.000000E-02    5.000000E-01    1.211130E+00    5.656566E+00   -2.580885E-14
    6.000000E-02    5.000000E-01    1.211130E+00    5.757576E+00   -1.030754E-14
    6.000000E-02    5.000000E-01    1.211130E+00    5.858586E+00   -3.502939E-15
    6.000000E-02    5.000000E-01    1.211130E+00    5.959596E+00   -1.056262E-15
    6.000000E-02    5.000000E-01    1.211130E+00    6.060606E+00   -3.445897E-16
    6.000000E-02    5.000000E-01    1.211130E+00    6.161616E+00   -1.328239E-16
    6.000000E-02    5.000000E-01    1.211130E+00    6.262626E+00   -8.487830E-17
    6.000000E-02    5.000000E-01    1.211130E+00    6.363636E+00   -3.693268E-17
    6.000000E-02    5.000000E-01    1.211130E+00    6.464646E+00   -2.692483E-18
    6.000000E-02    5.000000E-01    1.211130E+00    6.565657E+00   -2.168852E-18
    6.000000E-02    5.000000E-01    1.211130E+00    6.666667E+00   -1.645220E-18
    6.000000E-02    5.000000E-01    1.211130E+00    6.767677E+00   -1.121589E-18
    6.000000E-02    5.000000E-01    1.211130E+00    6.868687E+00   -5.979569E-19
    6.000000E-02    5.000000E-01    1.211130E+00    6.969697E+00   -7.432531E-20
    6.000000E-02    5.000000E-01    1.211130E+00    7.070707E+00   -5.043660E-22
    6.000000E-02    5.000000E-01    1.211130E+00    7.171717E+00   -4.312011E-22
    6.000000E-02    5.000000E-01    1.211130E+00    7.272727E+00   -3.580362E-22
    6.000000E-02    5.000000E-01    1.211130E+00    7.373737E+00   -2.848713E-22
    6.000000E-02    5.000000E-01    1.211130E+00    7.474747E+00   -2.117064E-22
    6.000000E-02    5.000000E-01    1.211130E+00    7.575758E+00   -1.385415E-22
    6.000000E-02    5.000000E-01    1.211130E+00    7.676768E+00   -6.537661E-23
    6.000000E-02    5.000000E-01    1.211130E+00    7.777778E+00   -6.483013E-29
    6.000000E-02    5.000000E-01    1.211130E+00    7.878788E+00   -5.828729E-29
    6.000000E-02    5.000000E-01    1.211130E+00    7.979798E+00   -5.174446E-29
    6.000000E-02    5.000000E-01    1.211130E+00    8.080808E+00   -4.520162E-29
    6.000000E-02    5.000000E-01    1.211130E+00    8.181818E+00   -3.865879E-29
    6.000000E-02    5.000000E-01    1.211130E+00    8.282828E+00   -3.211595E-29
    6.000000E-02    5.000000E-01    1.211130E+00    8.383838E+00   -2.557312E-29
    6.000000E-02    5.000000E-01    1.211130E+00    8.484848E+00   -1.903029E-29
    6.000000E-02    5.000000E-01    1.211130E+00    8.585859E+00   -1.248745E-29
    6.000000E-02    5.000000E-01    1.211130E+00    8.686869E+00   -5.944616E-30
    6.000000E-02    5.000000E-01    1.211130E+00    8.787879E+00   -3.725695E-39
    6.000000E-02    5.000000E-01    1.211130E+00    8.888889E+00   -3.976897E-39
    6.000000E-02    5.000000E-01    1.211130E+00    8.989899E+00   -4.228098E-39
    6.000000E-02    5.000000E-01    1.211130E+00    9.090909E+00   -4.479300E-39
    6.000000E-02    5.000000E-01    1.211130E+00    9.191919E+00   -4.730502E-39
    6.000000E-02    5.000000E-01    1.211130E+00    9.292929E+00   -4.981703E-39
    6.000000E-02    5.000000E-01    1.211130E+00    9.393939E+00   -5.232905E-39
    6.000000E-02    5.000000E-01    1.211130E+00    9.494949E+00   -5.484107E-39
    6.000000E-02    5.000000E-01    1.211130E+00    9.595960E+00   -5.735308E-39
    6.000000E-02    5.000000E-01    1.211130E+00    9.696970E+00   -5.986510E-39
    6.000000E-02    5.000000E-01    1.211130E+00    9.797980E+00   -6.237712E-39
    6.000000E-02    5.000000E-01    1.211130E+00    9.898990E+00   -6.488913E-39
    6.000000E-02    5.000000E-01    1.211130E+00    1.000000E+01   -6.740115E-39

    6.000000E-02    6.000000E-01    1.211130E+00    0.000000E+00    6.588504E-07
    6.000000E-02    6.000000E-01    1.211130E+00    1.010101E-01    6.568082E-07
    6.000000E-02    6.000000E-01    1.211130E+00    2.020202E-01    6.506680E-07
    6.000000E-02    6.000000E-01    1.211130E+00    3.030303E-01    6.404709E-07
    6.000000E-02    6.000000E-01    1.211130E+00    4.040404E-01    6.261401E-07
    6.000000E-02    6.000000E-01    1.211130E+00    5.050505E-01    6.076808E-07
    6.000000E-02    6.000000E-01    1.211130E+00    6.060606E-01    5.850409E-07
    6.000000E-02    6.000000E-01    1.211130E+00    7.070707E-01    5.581312E-07
    6.000000E-02    6.000000E-01    1.211130E+00    8.080808E-01    5.268523E-07
    6.000000E-02    6.000000E-01    1.211130E+00    9.090909E-01    4.911072E-07
    6.000000E-02    6.000000E-01    1.211130E+00    1.010101E+00    4.508160E-07
    6.000000E-02    6.000000E-01    1.211130E+00    1.111111E+00    4.059520E-07
    6.000000E-02    6.000000E-01    1.211130E+00    1.212121E+00    3.565868E-07
    6.000000E-02    6.000000E-01    1.211130E+00    1.313131E+00    3.028900E-07
    6.000000E-02    6.000000E-01    1.211130E+00    1.414141E+00    2.451396E-07
    6.000000E-02    6.000000E-01    1.211130E+00    1.515152E+00    1.836940E-07
    6.000000E-02    6.000000E-01    1.211130E+00    1.616162E+00    1.189565E-07
    6.000000E-02    6.000000E-01    1.211130E+00    1.717172E+00    5.146749E-08
    6.000000E-02    6.000000E-01    1.211130E+00    1.818182E+00   -1.797177E-08
    6.000000E-02    6.000000E-01    1.211130E+00    1.919192E+00   -8.817389E-08
    6.000000E-02    6.000000E-01    1.211130E+00    2.020202E+00   -1.572760E-07
    6.000000E-02    6.000000E-01    1.211130E+00    2.121212E+00   -2.230659E-07
    6.000000E-02    6.000000E-01    1.211130E+00    2.222222E+00   -2.830963E-07
    6.000000E-02    6.000000E-01    1.211130E+00    2.323232E+00   -3.342025E-07
    6.000000E-02    6.000000E-01    1.211130E+00    2.424242E+00   -3.729952E-07
    6.000000E-02    6.000000E-01    1.211130E+00    2.525253E+00   -3.991523E-07
    6.000000E-02    6.000000E-01    1.211130E+00    2.626263E+00   -4.127135E-07
    6.000000E-02    6.000000E-01    1.211130E+00    2.727273E+00   -4.145943E-07
    6.000000E-02    6.000000E-01    1.211130E+00    2.828283E+00   -4.045051E-07
    6.000000E-02    6.000000E-01    1.211130E+00    2.929293E+00   -3.847989E-07
    6.000000E-02    6.000000E-01    1.211130E+00    3.030303E+00   -3.549403E-07
    6.000000E-02    6.000000E-01    1.211130E+00    3.131313E+00   -3.150360E-07
    6.000000E-02    6.000000E-01    1.211130E+00    3.232323E+00   -2.680336E-07
    6.000000E-02    6.000000E-01    1.211130E+00    3.333333E+00   -2.185907E-07
    6.000000E-02    6.000000E-01    1.211130E+00    3.434343E+00   -1.702221E-07
    6.000000E-02    6.000000E-01    1.211130E+00    3.535354E+00   -1.273226E-07
    6.000000E-02    6.000000E-01    1.211130E+00    3.636364E+00   -9.247359E-08
    6.000000E-02    6.000000E-01    1.211130E+00    3.737374E+00   -6.277271E-08
    6.000000E-02    6.000000E-01    1.211130E+00    3.838384E+00   -4.227787E-08
    6.000000E-02    6.000000E-01    1.211130E+00    3.939394E+00   -2.692813E-08
    6.000000E-02    6.000000E-01    1.211130E+00    4.040404E+00   -1.598988E-08
    6.000000E-02    6.000000E-01    1.211130E+00    4.141414E+00   -9.708631E-09
    6.000000E-02    6.000000E-01    1.211130E+00    4.242424E+00   -4.909518E-09
    6.000000E-02    6.000000E-01    1.211130E+00    4.343434E+00   -2.901572E-09
    6.000000E-02    6.000000E-01    1.211130E+00    4.444444E+00   -1.199494E-09
    6.000000E-02    6.000000E-01    1.211130E+00    4.545455E+00   -7.108903E-10
    6.000000E-02    6.000000E-01    1.211130E+00    4.646465E+00   -2.546874E-10
    6.000000E-02    6.000000E-01    1.211130E+00    4.747475E+00   -1.424620E-10
    6.000000E-02    6.000000E-01    1.211130E+00    4.848485E+00   -4.578405E-11
    6.000000E-02    6.000000E-01    1.211130E+00    4.949495E+00   -2.376164E-11
    6.000000E-02    6.000000E-01    1.211130E+00    5.050505E+00   -7.420513E-12
    6.000000E-02    6.000000E-01    1.211130E+00    5.151515E+00   -3.432528E-12
    6.000000E-02    6.000000E-01    1.211130E+00    5.252525E+00   -1.177254E-12
    6.000000E-02    6.000000E-01    1.211130E+00    5.353535E+00   -4.266598E-13
    6.000000E-02    6.000000E-01    1.211130E+00    5.454545E+00   -1.842336E-13
    6.000000E-02    6.000000E-01    1.211130E+00    5.555556E+00   -6.214824E-14
    6.000000E-02    6.000000E-01    1.211130E+00    5.656566E+00   -2.189034E-14
    6.000000E-02    6.000000E-01    1.211130E+00    5.757576E+00   -8.743895E-15
    6.000000E-02    6.000000E-01    1.211130E+00    5.858586E+00   -2.972055E-15
    6.000000E-02    6.000000E-01    1.211130E+00    5.959596E+00   -8.963342E-16
    6.000000E-02    6.000000E-01    1.211130E+00    6.060606E+00   -2.924543E-16
    6.000000E-02    6.000000E-01    1.211130E+00    6.161616E+00   -1.127396E-16
    6.000000E-02    6.000000E-01    1.211130E+00    6.262626E+00   -7.204427E-17
    6.000000E-02    6.000000E-01    1.211130E+00    6.363636E+00   -3.134890E-17
    6.000000E-02    6.000000E-01    1.211130E+00    6.464646E+00   -2.286384E-18
    6.000000E-02    6.000000E-01    1.211130E+00    6.565657E+00   -1.841730E-18
    6.000000E-02    6.000000E-01    1.211130E+00    6.666667E+00   -1.397077E-18
    6.000000E-02    6.000000E-01    1.211130E+00    6.767677E+00   -9.524228E-19
    6.000000E-02    6.000000E-01    1.211130E+00    6.868687E+00   -5.077692E-19
    6.000000E-02    6.000000E-01    1.211130E+00    6.969697E+00   -6.311550E-20
    6.000000E-02    6.000000E-01    1.211130E+00    7.070707E+00   -4.287148E-22
    6.000000E-02    6.000000E-01    1.211130E+00    7.171717E+00   -3.665241E-22
    6.000000E-02    6.000000E-01    1.211130E+00    7.272727E+00   -3.043334E-22
    6.000000E-02    6.000000E-01    1.211130E+00    7.373737E+00   -2.421427E-22
    6.000000E-02    6.000000E-01    1.211130E+00    7.474747E+00   -1.799520E-22
    6.000000E-02    6.000000E-01    1.211130E+00    7.575758E+00   -1.177613E-22
    6.000000E-02    6.000000E-01    1.211130E+00    7.676768E+00   -5.557061E-23
    6.000000E-02    6.000000E-01    1.211130E+00    7.777778E+00   -5.520958E-29
    6.000000E-02    6.000000E-01    1.211130E+00    7.878788E+00   -4.963768E-29
    6.000000E-02    6.000000E-01    1.211130E+00    7.979798E+00   -4.406577E-29
    6.000000E-02    6.000000E-01    1.211130E+00    8.080808E+00   -3.849387E-29
    6.000000E-02    6.000000E-01    1.211130E+00    8.181818E+00   -3.292197E-29
    6.000000E-02    6.000000E-01    1.211130E+00    8.282828E+00   -2.735007E-29
    6.000000E-02    6.000000E-01    1.211130E+00    8.383838E+00   -2.177816E-29
    6.000000E-02    6.000000E-01    1.211130E+00    8.484848E+00   -1.620626E-29
    6.000000E-02    6.000000E-01    1.211130E+00    8.585859E+00   -1.063436E-29
    6.000000E-02    6.000000E-01    1.211130E+00    8.686869E+00   -5.062457E-30
    6.000000E-02    6.000000E-01    1.211130E+00    8.787879E+00   -3.098684E-39
    6.000000E-02    6.000000E-01    1.211130E+00    8.888889E+00   -3.308381E-39
    6.000000E-02    6.000000E-01    1.211130E+00    8.989899E+00   -3.518077E-39
    6.000000E-02    6.000000E-01    1.211130E+00    9.090909E+00   -3.727774E-39
    6.000000E-02    6.000000E-01    1.211130E+00    9.191919E+00   -3.937471E-39
    6.000000E-02    6.000000E-01    1.211130E+00    9.292929E+00   -4.147167E-39
    6.000000E-02    6.000000E-01    1.211130E+00    9.393939E+00   -4.356864E-39
    6.000000E-02    6.000000E-01    1.211130E+00    9.494949E+00   -4.566561E-39
    6.000000E-02    6.000000E-01    1.211130E+00    9.595960E+00   -4.776258E-39
    6.000000E-02    6.000000E-01    1.211130E+00    9.696970E+00   -4.985954E-39
    6.000000E-02    6.000000E-01    1.211130E+00    9.797980E+00   -5.195651E-39
    6.000000E-02    6.000000E-01    1.211130E+00    9.898990E+00   -5.405348E-39
    6.000000E-02    6.000000E-01    1.211130E+00    1.000000E+01   -5.615044E-39

    6.000000E-02    7.000000E-01    1.211130E+00    0.000000E+00    5.016287E-07
    6.000000E-02    7.000000E-01    1.211130E+00    1.010101E-01    5.000749E-07
    6.000000E-02    7.000000E-01    1.211130E+00    2.020202E-01    4.954036E-07
    6.000000E-02    7.000000E-01    1.211130E+00    3.030303E-01    4.876474E-07
    6.000000E-02    7.000000E-01    1.211130E+00    4.040404E-01    4.767502E-07
    6.000000E-02    7.000000E-01    1.211130E+00    5.050505E-01    4.627201E-07
    6.000000E-02    7.000000E-01    1.211130E+00    6.060606E-01    4.455233E-07
    6.000000E-02    7.000000E-01    1.211130E+00    7.070707E-01    4.251006E-07
    6.000000E-02    7.000000E-01    1.211130E+00    8.080808E-01    4.013878E-07
    6.000000E-02    7.000000E-01    1.211130E+00    9.090909E-01    3.743250E-07
    6.000000E-02    7.000000E-01    1.211130E+00    1.010101E+00    3.438663E-07
    6.000000E-02    7.000000E-01    1.211130E+00    1.111111E+00    3.100044E-07
    6.000000E-02    7.000000E-01    1.211130E+00    1.212121E+00    2.728022E-07
    6.000000E-02    7.000000E-01    1.211130E+00    1.313131E+00    2.323897E-07
    6.000000E-02    7.000000E-01    1.211130E+00    1.414141E+00    1.889728E-07
    6.000000E-02    7.000000E-01    1.211130E+00    1.515152E+00    1.428143E-07
    6.000000E-02    7.000000E-01    1.211130E+00    1.616162E+00    9.421008E-08
    6.000000E-02    7.000000E-01    1.211130E+00    1.717172E+00    4.355954E-08
    6.000000E-02    7.000000E-01    1.211130E+00    1.818182E+00   -8.541442E-09
    6.000000E-02    7.000000E-01    1.211130E+00    1.919192E+00   -6.120780E-08
    6.000000E-02    7.000000E-01    1.211130E+00    2.020202E+00   -1.130502E-07
    6.000000E-02    7.000000E-01    1.211130E+00    2.121212E+00   -1.624188E-07
    6.000000E-02    7.000000E-01    1.211130E+00    2.222222E+00   -2.074885E-07
    6.000000E-02    7.000000E-01    1.211130E+00    2.323232E+00   -2.458995E-07
    6.000000E-02    7.000000E-01    1.211130E+00    2.424242E+00   -2.751253E-07
    6.000000E-02    7.000000E-01    1.211130E+00    2.525253E+00   -2.949279E-07
    6.000000E-02    7.000000E-01    1.211130E+00    2.626263E+00   -3.053391E-07
    6.000000E-02    7.000000E-01    1.211130E+00    2.727273E+00   -3.070429E-07
    6.000000E-02    7.000000E-01    1.211130E+00    2.828283E+00   -2.998223E-07
    6.000000E-02    7.000000E-01    1.211130E+00    2.929293E+00   -2.854258E-07
    6.000000E-02    7.000000E-01    1.211130E+00    3.030303E+00   -2.634443E-07
    6.000000E-02    7.000000E-01    1.211130E+00    3.131313E+00   -2.339447E-07
    6.000000E-02    7.000000E-01    1.211130E+00    3.232323E+00   -1.991170E-07
    6.000000E-02    7.000000E-01    1.211130E+00    3.333333E+00   -1.624351E-07
    6.000000E-02    7.000000E-01    1.211130E+00    3.434343E+00   -1.265226E-07
    6.000000E-02    7.000000E-01    1.211130E+00    3.535354E+00   -9.465211E-08
    6.000000E-02    7.000000E-01    1.211130E+00    3.636364E+00   -6.875491E-08
    6.000000E-02    7.000000E-01    1.211130E+00    3.737374E+00   -4.667962E-08
    6.000000E-02    7.000000E-01    1.211130E+00    3.838384E+00   -3.144278E-08
    6.000000E-02    7.000000E-01    1.211130E+00    3.939394E+00   -2.002981E-08
    6.000000E-02    7.000000E-01    1.211130E+00    4.040404E+00   -1.189551E-08
    6.000000E-02    7.000000E-01    1.211130E+00    4.141414E+00   -7.223610E-09
    6.000000E-02    7.000000E-01    1.211130E+00    4.242424E+00   -3.653661E-09
    6.000000E-02    7.000000E-01    1.211130E+00    4.343434E+00   -2.159622E-09
    6.000000E-02    7.000000E-01    1.211130E+00    4.444444E+00   -8.930701E-10
    6.000000E-02    7.000000E-01    1.211130E+00    4.545455E+00   -5.293470E-10
    6.000000E-02    7.000000E-01    1.211130E+00    4.646465E+00   -1.897385E-10
    6.000000E-02    7.000000E-01    1.211130E+00    4.747475E+00   -1.061506E-10
    6.000000E-02    7.000000E-01    1.211130E+00    4.848485E+00   -3.414040E-11
    6.000000E-02    7.000000E-01    1.211130E+00    4.949495E+00   -1.772389E-11
    6.000000E-02    7.000000E-01    1.211130E+00    5.050505E+00   -5.541259E-12
    6.000000E-02    7.000000E-01    1.211130E+00    5.151515E+00   -2.564566E-12
    6.000000E-02    7.000000E-01    1.211130E+00    5.252525E+00   -8.806846E-13
    6.000000E-02    7.000000E-01    1.211130E+00    5.353535E+00   -3.194753E-13
    6.000000E-02    7.000000E-01    1.211130E+00    5.454545E+00   -1.380483E-13
    6.000000E-02    7.000000E-01    1.211130E+00    5.555556E+00   -4.660785E-14
    6.000000E-02    7.000000E-01    1.211130E+00    5.656566E+00   -1.642476E-14
    6.000000E-02    7.000000E-01    1.211130E+00    5.757576E+00   -6.562718E-15
    6.000000E-02    7.000000E-01    1.211130E+00    5.858586E+00   -2.231445E-15
    6.000000E-02    7.000000E-01    1.211130E+00    5.959596E+00   -6.732093E-16
    6.000000E-02    7.000000E-01    1.211130E+00    6.060606E+00   -2.197126E-16
    6.000000E-02    7.000000E-01    1.211130E+00    6.161616E+00   -8.471585E-17
    6.000000E-02    7.000000E-01    1.211130E+00    6.262626E+00   -5.413678E-17
    6.000000E-02    7.000000E-01    1.211130E+00    6.363636E+00   -2.355772E-17
    6.000000E-02    7.000000E-01    1.211130E+00    6.464646E+00   -1.719642E-18
    6.000000E-02    7.000000E-01    1.211130E+00    6.565657E+00   -1.385208E-18
    6.000000E-02    7.000000E-01    1.211130E+00    6.666667E+00   -1.050774E-18
    6.000000E-02    7.000000E-01    1.211130E+00    6.767677E+00   -7.163395E-19
    6.000000E-02    7.000000E-01    1.211130E+00    6.868687E+00   -3.819054E-19
    6.000000E-02    7.000000E-01    1.211130E+00    6.969697E+00   -4.747132E-20
    6.000000E-02    7.000000E-01    1.211130E+00    7.070707E+00   -3.230956E-22
    6.000000E-02    7.000000E-01    1.211130E+00    7.171717E+00   -2.762263E-22
    6.000000E-02    7.000000E-01    1.211130E+00    7.272727E+00   -2.293571E-22
    6.000000E-02    7.000000E-01    1.211130E+00    7.373737E+00   -1.824878E-22
    6.000000E-02    7.000000E-01    1.211130E+00    7.474747E+00   -1.356186E-22
    6.000000E-02    7.000000E-01    1.211130E+00    7.575758E+00   -8.874934E-23
    6.000000E-02    7.000000E-01    1.211130E+00    7.676768E+00   -4.188009E-23
    6.000000E-02    7.000000E-01    1.211130E+00    7.777778E+00   -4.176772E-29
    6.000000E-02    7.000000E-01    1.211130E+00    7.878788E+00   -3.755241E-29
    6.000000E-02    7.000000E-01    1.211130E+00    7.979798E+00   -3.333710E-29
    6.000000E-02    7.000000E-01    1.211130E+00    8.080808E+00   -2.912178E-29
    6.000000E-02    7.000000E-01    1.211130E+00    8.181818E+00   -2.490647E-29
    6.000000E-02    7.000000E-01    1.211130E+00    8.282828E+00   -2.069116E-29
    6.000000E-02    7.000000E-01    1.211130E+00    8.383838E+00   -1.647584E-29
    6.000000E-02    7.000000E-01    1.211130E+00    8.484848E+00   -1.226053E-29
    6.000000E-02    7.000000E-01    1.211130E+00    8.585859E+00   -8.045216E-30
    6.000000E-02    7.000000E-01    1.211130E+00    8.686869E+00   -3.829903E-30
    6.000000E-02    7.000000E-01    1.211130E+00    8.787879E+00   -2.233998E-39
    6.000000E-02    7.000000E-01    1.211130E+00    8.888889E+00   -2.386346E-39
    6.000000E-02    7.000000E-01    1.211130E+00    8.989899E+00   -2.538695E-39
    6.000000E-02    7.000000E-01    1.211130E+00    9.090909E+00   -2.691043E-39
    6.000000E-02    7.000000E-01    1.211130E+00    9.191919E+00   -2.843392E-39
    6.000000E-02    7.000000E-01    1.211130E+00    9.292929E+00   -2.995741E-39
    6.000000E-02    7.000000E-01    1.211130E+00    9.393939E+00   -3.148089E-39
    6.000000E-02    7.000000E-01    1.211130E+00    9.494949E+00   -3.300438E-39
    6.000000E-02    7.000000E-01    1.211130E+00    9.595960E+00   -3.452786E-39
    6.000000E-02    7.000000E-01    1.211130E+00    9.696970E+00   -3.605135E-39
    6.000000E-02    7.000000E-01    1.211130E+00    9.797980E+00   -3.757483E-39
    6.000000E-02    7.000000E-01    1.211130E+00    9.898990E+00   -3.909832E-39
    6.000000E-02    7.000000E-01    1.211130E+00    1.000000E+01   -4.062181E-39

