    0.881146E-01    0.336630E+02
    0.463865E+00    0.336618E+02
    0.113821E+01    0.336598E+02
    0.210848E+01    0.336569E+02
    0.337062E+01    0.336527E+02
    0.491934E+01    0.336461E+02
    0.674814E+01    0.336350E+02
    0.884936E+01    0.336170E+02
    0.112142E+02    0.335904E+02
    0.138327E+02    0.335535E+02
    0.166939E+02    0.335049E+02
    0.197858E+02    0.334424E+02
    0.230954E+02    0.333638E+02
    0.266089E+02    0.332667E+02
    0.303115E+02    0.331487E+02
    0.341877E+02    0.330081E+02
    0.382212E+02    0.328433E+02
    0.423952E+02    0.326531E+02
    0.466920E+02    0.324363E+02
    0.510937E+02    0.321924E+02
    0.555818E+02    0.319210E+02
    0.601375E+02    0.316222E+02
    0.647417E+02    0.312963E+02
    0.693750E+02    0.309438E+02
    0.740181E+02    0.305659E+02
    0.786515E+02    0.301639E+02
    0.832557E+02    0.297399E+02
    0.878114E+02    0.292960E+02
    0.922995E+02    0.288351E+02
    0.967012E+02    0.283601E+02
    0.100998E+03    0.278747E+02
    0.105172E+03    0.273824E+02
    0.109205E+03    0.268872E+02
    0.113082E+03    0.263932E+02
    0.116784E+03    0.259049E+02
    0.120298E+03    0.254264E+02
    0.123607E+03    0.249624E+02
    0.126699E+03    0.245170E+02
    0.129560E+03    0.240946E+02
    0.132179E+03    0.236995E+02
    0.134544E+03    0.233355E+02
    0.136645E+03    0.230065E+02
    0.138474E+03    0.227157E+02
    0.140023E+03    0.224663E+02
    0.141285E+03    0.222609E+02
    0.142255E+03    0.221017E+02
    0.142929E+03    0.219904E+02
    0.143305E+03    0.219281E+02
    0.143407E+03    0.219113E+02
    0.143463E+03    0.219018E+02
    0.143566E+03    0.218848E+02
    0.143714E+03    0.218602E+02
    0.143907E+03    0.218281E+02
    0.144145E+03    0.217884E+02
    0.144427E+03    0.217411E+02
    0.144755E+03    0.216863E+02
    0.145126E+03    0.216239E+02
    0.145542E+03    0.215540E+02
    0.146000E+03    0.214765E+02
    0.146502E+03    0.213914E+02
    0.147046E+03    0.212988E+02
    0.147633E+03    0.211987E+02
    0.148260E+03    0.210910E+02
    0.148929E+03    0.209758E+02
    0.149637E+03    0.208531E+02
    0.150385E+03    0.207228E+02
    0.151172E+03    0.205852E+02
    0.151997E+03    0.204401E+02
    0.152858E+03    0.202875E+02
    0.153756E+03    0.201276E+02
    0.154690E+03    0.199604E+02
    0.155658E+03    0.197858E+02
    0.156659E+03    0.196040E+02
    0.157693E+03    0.194150E+02
    0.158759E+03    0.192188E+02
    0.159855E+03    0.190156E+02
    0.160981E+03    0.188054E+02
    0.162135E+03    0.185883E+02
    0.163316E+03    0.183643E+02
    0.164523E+03    0.181337E+02
    0.165755E+03    0.178964E+02
    0.167011E+03    0.176526E+02
    0.168289E+03    0.174025E+02
    0.169589E+03    0.171461E+02
    0.170908E+03    0.168837E+02
    0.172246E+03    0.166153E+02
    0.173602E+03    0.163412E+02
    0.174973E+03    0.160615E+02
    0.176359E+03    0.157764E+02
    0.177759E+03    0.154860E+02
    0.179170E+03    0.151907E+02
    0.180592E+03    0.148906E+02
    0.182023E+03    0.145860E+02
    0.183462E+03    0.142771E+02
    0.184907E+03    0.139641E+02
    0.186358E+03    0.136473E+02
    0.187812E+03    0.133270E+02
    0.189268E+03    0.130035E+02
    0.190724E+03    0.126771E+02
    0.192180E+03    0.123480E+02
    0.193634E+03    0.120166E+02
    0.195084E+03    0.116833E+02
    0.196530E+03    0.113483E+02
    0.197969E+03    0.110120E+02
    0.199400E+03    0.106747E+02
    0.200822E+03    0.103369E+02
    0.202233E+03    0.999887E+01
    0.203633E+03    0.966102E+01
    0.205019E+03    0.932372E+01
    0.206390E+03    0.898726E+01
    0.207746E+03    0.865197E+01
    0.209084E+03    0.831849E+01
    0.210403E+03    0.798716E+01
    0.211703E+03    0.765845E+01
    0.212981E+03    0.733259E+01
    0.214237E+03    0.700943E+01
    0.215469E+03    0.669022E+01
    0.216676E+03    0.637592E+01
    0.217857E+03    0.606674E+01
    0.219011E+03    0.576269E+01
    0.220137E+03    0.546390E+01
    0.221233E+03    0.517079E+01
    0.222299E+03    0.488386E+01
    0.223333E+03    0.460346E+01
    0.224334E+03    0.433006E+01
    0.225302E+03    0.406424E+01
    0.226236E+03    0.380651E+01
    0.227134E+03    0.355723E+01
    0.227995E+03    0.331675E+01
    0.228820E+03    0.308540E+01
    0.229607E+03    0.286359E+01
    0.230355E+03    0.265188E+01
    0.231063E+03    0.245076E+01
    0.231732E+03    0.226065E+01
    0.232359E+03    0.208189E+01
    0.232945E+03    0.191516E+01
    0.233490E+03    0.176151E+01
    0.233992E+03    0.162161E+01
    0.234450E+03    0.149543E+01
    0.234866E+03    0.138261E+01
    0.235237E+03    0.128286E+01
    0.235565E+03    0.119690E+01
    0.235847E+03    0.112577E+01
    0.236085E+03    0.106926E+01
    0.236278E+03    0.102631E+01
    0.236426E+03    0.995407E+00
    0.236528E+03    0.974934E+00
    0.236585E+03    0.963849E+00
    0.236599E+03    0.961150E+00
    0.236602E+03    0.960589E+00
    0.236608E+03    0.959583E+00
    0.236615E+03    0.958133E+00
    0.236625E+03    0.956245E+00
    0.236637E+03    0.953924E+00
    0.236652E+03    0.951178E+00
    0.236669E+03    0.948013E+00
    0.236688E+03    0.944441E+00
    0.236709E+03    0.940470E+00
    0.236732E+03    0.936111E+00
    0.236758E+03    0.931376E+00
    0.236786E+03    0.926277E+00
    0.236816E+03    0.920826E+00
    0.236848E+03    0.915035E+00
    0.236883E+03    0.908916E+00
    0.236919E+03    0.902481E+00
    0.236957E+03    0.895742E+00
    0.236998E+03    0.888710E+00
    0.237040E+03    0.881395E+00
    0.237084E+03    0.873806E+00
    0.237130E+03    0.865951E+00
    0.237178E+03    0.857838E+00
    0.237228E+03    0.849471E+00
    0.237279E+03    0.840855E+00
    0.237332E+03    0.832005E+00
    0.237387E+03    0.823015E+00
    0.237443E+03    0.814017E+00
    0.237501E+03    0.805164E+00
    0.237560E+03    0.796625E+00
    0.237620E+03    0.788591E+00
    0.237682E+03    0.781270E+00
    0.237745E+03    0.774888E+00
    0.237810E+03    0.769689E+00
    0.237875E+03    0.765930E+00
    0.237942E+03    0.763888E+00
    0.238010E+03    0.763849E+00
    0.238078E+03    0.766104E+00
    0.238148E+03    0.769818E+00
    0.238218E+03    0.771760E+00
    0.238289E+03    0.768188E+00
    0.238361E+03    0.755148E+00
    0.238433E+03    0.728499E+00
    0.238506E+03    0.683957E+00
    0.238580E+03    0.617119E+00
    0.238654E+03    0.524950E+00
    0.238728E+03    0.424684E+00
    0.238802E+03    0.349055E+00
    0.238877E+03    0.331720E+00
    0.238951E+03    0.403987E+00
    0.239026E+03    0.532632E+00
    0.239101E+03    0.620841E+00
    0.239175E+03    0.636305E+00
    0.239250E+03    0.606863E+00
    0.239324E+03    0.562195E+00
    0.239397E+03    0.531035E+00
    0.239471E+03    0.526881E+00
    0.239544E+03    0.544791E+00
    0.239616E+03    0.578790E+00
    0.239688E+03    0.623087E+00
    0.239759E+03    0.672128E+00
    0.239829E+03    0.720641E+00
    0.239899E+03    0.763676E+00
    0.239967E+03    0.797136E+00
    0.240035E+03    0.820880E+00
    0.240102E+03    0.836431E+00
    0.240167E+03    0.845245E+00
    0.240232E+03    0.848689E+00
    0.240295E+03    0.848032E+00
    0.240357E+03    0.844445E+00
    0.240417E+03    0.838990E+00
    0.240477E+03    0.832620E+00
    0.240534E+03    0.826179E+00
    0.240591E+03    0.820392E+00
    0.240645E+03    0.815877E+00
    0.240698E+03    0.813135E+00
    0.240750E+03    0.812406E+00
    0.240799E+03    0.813461E+00
    0.240847E+03    0.816016E+00
    0.240893E+03    0.819813E+00
    0.240937E+03    0.824611E+00
    0.240980E+03    0.830191E+00
    0.241020E+03    0.836357E+00
    0.241058E+03    0.842930E+00
    0.241095E+03    0.849751E+00
    0.241129E+03    0.856678E+00
    0.241161E+03    0.863585E+00
    0.241191E+03    0.870365E+00
    0.241219E+03    0.876922E+00
    0.241245E+03    0.883174E+00
    0.241268E+03    0.889051E+00
    0.241290E+03    0.894496E+00
    0.241309E+03    0.899458E+00
    0.241325E+03    0.903897E+00
    0.241340E+03    0.907780E+00
    0.241352E+03    0.911080E+00
    0.241362E+03    0.913775E+00
    0.241370E+03    0.915851E+00
    0.241375E+03    0.917295E+00
    0.241378E+03    0.918101E+00
    0.241436E+03    0.934345E+00
    0.241680E+03    0.100506E+01
    0.242118E+03    0.112270E+01
    0.242749E+03    0.127947E+01
    0.243569E+03    0.150045E+01
    0.244576E+03    0.179366E+01
    0.245765E+03    0.214317E+01
    0.247131E+03    0.255040E+01
    0.248668E+03    0.301196E+01
    0.250370E+03    0.352491E+01
    0.252230E+03    0.408784E+01
    0.254239E+03    0.469924E+01
    0.256391E+03    0.535677E+01
    0.258674E+03    0.605780E+01
    0.261081E+03    0.680332E+01
    0.263601E+03    0.758952E+01
    0.266222E+03    0.841377E+01
    0.268935E+03    0.927304E+01
    0.271728E+03    0.101660E+02
    0.274589E+03    0.110889E+02
    0.277507E+03    0.120389E+02
    0.280468E+03    0.130125E+02
    0.283461E+03    0.140060E+02
    0.286472E+03    0.150158E+02
    0.289490E+03    0.160379E+02
    0.292502E+03    0.170682E+02
    0.295495E+03    0.181023E+02
    0.298456E+03    0.191356E+02
    0.301373E+03    0.201635E+02
    0.304234E+03    0.211812E+02
    0.307027E+03    0.221839E+02
    0.309740E+03    0.231667E+02
    0.312362E+03    0.241246E+02
    0.314882E+03    0.250527E+02
    0.317288E+03    0.259462E+02
    0.319572E+03    0.268002E+02
    0.321723E+03    0.276103E+02
    0.323733E+03    0.283719E+02
    0.325593E+03    0.290809E+02
    0.327295E+03    0.297334E+02
    0.328832E+03    0.303255E+02
    0.330198E+03    0.308540E+02
    0.331386E+03    0.313157E+02
    0.332393E+03    0.317081E+02
    0.333214E+03    0.320287E+02
    0.333844E+03    0.322757E+02
    0.334283E+03    0.324476E+02
    0.334527E+03    0.325435E+02
    0.335217E+03    0.328148E+02
    0.337906E+03    0.338775E+02
    0.342697E+03    0.357921E+02
    0.349514E+03    0.385618E+02
    0.358244E+03    0.421874E+02
    0.368743E+03    0.466638E+02
    0.380840E+03    0.519778E+02
    0.394336E+03    0.581024E+02
    0.409008E+03    0.649932E+02
    0.424617E+03    0.725866E+02
    0.440906E+03    0.807966E+02
    0.457608E+03    0.895147E+02
    0.474448E+03    0.986095E+02
    0.491149E+03    0.107929E+03
    0.507438E+03    0.117301E+03
    0.523047E+03    0.126544E+03
    0.537720E+03    0.135463E+03
    0.551216E+03    0.143862E+03
    0.563312E+03    0.151550E+03
    0.573812E+03    0.158344E+03
    0.582542E+03    0.164077E+03
    0.589358E+03    0.168607E+03
    0.594150E+03    0.171819E+03
    0.596839E+03    0.173631E+03
    0.598909E+03    0.175032E+03
    0.605021E+03    0.179191E+03
    0.615911E+03    0.186692E+03
    0.631403E+03    0.197563E+03
    0.651243E+03    0.211819E+03
    0.675106E+03    0.229450E+03
    0.702599E+03    0.250396E+03
    0.733270E+03    0.274530E+03
    0.766618E+03    0.301636E+03
    0.802093E+03    0.331430E+03
    0.839113E+03    0.363592E+03
    0.877071E+03    0.397767E+03
    0.915343E+03    0.433558E+03
    0.953301E+03    0.470505E+03
    0.990322E+03    0.508061E+03
    0.102580E+04    0.545540E+03
    0.105914E+04    0.582156E+03
    0.108982E+04    0.617041E+03
    0.111731E+04    0.649303E+03
    0.114117E+04    0.678069E+03
    0.116101E+04    0.702518E+03
    0.117650E+04    0.721940E+03
    0.118739E+04    0.735764E+03
    0.119351E+04    0.743584E+03
    0.120921E+04    0.763883E+03
    0.126989E+04    0.844913E+03
    0.137812E+04    0.998626E+03
    0.153264E+04    0.123860E+04
    0.173226E+04    0.159169E+04
    0.197642E+04    0.206378E+04
    0.226583E+04    0.271245E+04
    0.260322E+04    0.358038E+04
    0.299407E+04    0.473618E+04
    0.344762E+04    0.627980E+04
    0.397841E+04    0.836228E+04
    0.460841E+04    0.112204E+05
    0.537076E+04    0.152397E+05
    0.631590E+04    0.210754E+05
    0.752252E+04    0.298974E+05
    0.911771E+04    0.439215E+05
    0.113165E+05    0.676599E+05
    0.145054E+05    0.111164E+06
    0.194349E+05    0.199558E+06
    0.277229E+05    0.406054E+06
    0.434040E+05    0.995326E+06
    0.790119E+05    0.329830E+07
    0.191387E+06    0.193522E+08
    0.100000E+07    0.528331E+09
