    0.610952E-01    0.163404E+02
    0.321626E+00    0.163399E+02
    0.789193E+00    0.163390E+02
    0.146194E+01    0.163376E+02
    0.233706E+01    0.163356E+02
    0.341088E+01    0.163324E+02
    0.467890E+01    0.163269E+02
    0.613581E+01    0.163179E+02
    0.777548E+01    0.163047E+02
    0.959105E+01    0.162865E+02
    0.115749E+02    0.162624E+02
    0.137187E+02    0.162314E+02
    0.160135E+02    0.161924E+02
    0.184496E+02    0.161441E+02
    0.210168E+02    0.160857E+02
    0.237044E+02    0.160162E+02
    0.265011E+02    0.159350E+02
    0.293952E+02    0.158417E+02
    0.323744E+02    0.157356E+02
    0.354264E+02    0.156165E+02
    0.385383E+02    0.154843E+02
    0.416970E+02    0.153389E+02
    0.448894E+02    0.151802E+02
    0.481020E+02    0.150084E+02
    0.513213E+02    0.148240E+02
    0.545339E+02    0.146275E+02
    0.577263E+02    0.144198E+02
    0.608850E+02    0.142021E+02
    0.639969E+02    0.139758E+02
    0.670489E+02    0.137427E+02
    0.700281E+02    0.135049E+02
    0.729221E+02    0.132646E+02
    0.757188E+02    0.130241E+02
    0.784064E+02    0.127853E+02
    0.809737E+02    0.125497E+02
    0.834098E+02    0.123193E+02
    0.857046E+02    0.120958E+02
    0.878484E+02    0.118812E+02
    0.898322E+02    0.116775E+02
    0.916478E+02    0.114869E+02
    0.932875E+02    0.113115E+02
    0.947444E+02    0.111529E+02
    0.960124E+02    0.110129E+02
    0.970862E+02    0.108929E+02
    0.979613E+02    0.107941E+02
    0.986341E+02    0.107176E+02
    0.991016E+02    0.106641E+02
    0.993622E+02    0.106342E+02
    0.994325E+02    0.106261E+02
    0.994720E+02    0.106216E+02
    0.995430E+02    0.106134E+02
    0.996454E+02    0.106016E+02
    0.997792E+02    0.105862E+02
    0.999442E+02    0.105671E+02
    0.100140E+03    0.105445E+02
    0.100367E+03    0.105181E+02
    0.100625E+03    0.104882E+02
    0.100913E+03    0.104547E+02
    0.101231E+03    0.104175E+02
    0.101579E+03    0.103767E+02
    0.101956E+03    0.103323E+02
    0.102363E+03    0.102842E+02
    0.102798E+03    0.102326E+02
    0.103261E+03    0.101773E+02
    0.103753E+03    0.101185E+02
    0.104271E+03    0.100560E+02
    0.104817E+03    0.998998E+01
    0.105389E+03    0.992033E+01
    0.105986E+03    0.984710E+01
    0.106609E+03    0.977029E+01
    0.107256E+03    0.968991E+01
    0.107927E+03    0.960597E+01
    0.108621E+03    0.951847E+01
    0.109338E+03    0.942743E+01
    0.110077E+03    0.933285E+01
    0.110837E+03    0.923479E+01
    0.111618E+03    0.913329E+01
    0.112418E+03    0.902842E+01
    0.113237E+03    0.892028E+01
    0.114074E+03    0.880896E+01
    0.114928E+03    0.869455E+01
    0.115799E+03    0.857717E+01
    0.116685E+03    0.845695E+01
    0.117586E+03    0.833401E+01
    0.118501E+03    0.820849E+01
    0.119429E+03    0.808055E+01
    0.120369E+03    0.795028E+01
    0.121320E+03    0.781766E+01
    0.122281E+03    0.768268E+01
    0.123251E+03    0.754531E+01
    0.124230E+03    0.740554E+01
    0.125215E+03    0.726333E+01
    0.126208E+03    0.711865E+01
    0.127206E+03    0.697150E+01
    0.128208E+03    0.682197E+01
    0.129213E+03    0.667025E+01
    0.130221E+03    0.651653E+01
    0.131231E+03    0.636102E+01
    0.132241E+03    0.620393E+01
    0.133250E+03    0.604535E+01
    0.134258E+03    0.588518E+01
    0.135264E+03    0.572329E+01
    0.136266E+03    0.555989E+01
    0.137264E+03    0.540212E+01
    0.138256E+03    0.524776E+01
    0.139242E+03    0.509198E+01
    0.140221E+03    0.493633E+01
    0.141191E+03    0.478071E+01
    0.142152E+03    0.462499E+01
    0.143103E+03    0.446935E+01
    0.144043E+03    0.431394E+01
    0.144971E+03    0.415889E+01
    0.145885E+03    0.400442E+01
    0.146786E+03    0.385079E+01
    0.147673E+03    0.369812E+01
    0.148543E+03    0.354649E+01
    0.149398E+03    0.339604E+01
    0.150235E+03    0.324694E+01
    0.151054E+03    0.309935E+01
    0.151854E+03    0.295341E+01
    0.152634E+03    0.280929E+01
    0.153394E+03    0.266714E+01
    0.154133E+03    0.252707E+01
    0.154850E+03    0.238889E+01
    0.155545E+03    0.225231E+01
    0.156216E+03    0.211744E+01
    0.156863E+03    0.198502E+01
    0.157486E+03    0.185583E+01
    0.158083E+03    0.173036E+01
    0.158655E+03    0.160889E+01
    0.159200E+03    0.149170E+01
    0.159719E+03    0.137902E+01
    0.160210E+03    0.127110E+01
    0.160674E+03    0.116819E+01
    0.161109E+03    0.107061E+01
    0.161515E+03    0.978666E+00
    0.161893E+03    0.892669E+00
    0.162241E+03    0.812873E+00
    0.162559E+03    0.739503E+00
    0.162847E+03    0.672759E+00
    0.163104E+03    0.612812E+00
    0.163331E+03    0.559750E+00
    0.163527E+03    0.513622E+00
    0.163692E+03    0.474535E+00
    0.163826E+03    0.442628E+00
    0.163929E+03    0.418052E+00
    0.164000E+03    0.400939E+00
    0.164039E+03    0.391392E+00
    0.164049E+03    0.389037E+00
    0.164051E+03    0.388547E+00
    0.164055E+03    0.387665E+00
    0.164060E+03    0.386392E+00
    0.164067E+03    0.384730E+00
    0.164075E+03    0.382678E+00
    0.164085E+03    0.380240E+00
    0.164097E+03    0.377417E+00
    0.164110E+03    0.374211E+00
    0.164125E+03    0.370626E+00
    0.164141E+03    0.366665E+00
    0.164159E+03    0.362332E+00
    0.164178E+03    0.357630E+00
    0.164199E+03    0.352566E+00
    0.164221E+03    0.347144E+00
    0.164245E+03    0.341371E+00
    0.164270E+03    0.335254E+00
    0.164297E+03    0.328801E+00
    0.164325E+03    0.322019E+00
    0.164354E+03    0.314919E+00
    0.164385E+03    0.307510E+00
    0.164417E+03    0.299803E+00
    0.164450E+03    0.291811E+00
    0.164484E+03    0.283545E+00
    0.164520E+03    0.275020E+00
    0.164557E+03    0.266249E+00
    0.164595E+03    0.257249E+00
    0.164634E+03    0.248036E+00
    0.164674E+03    0.238627E+00
    0.164715E+03    0.229040E+00
    0.164757E+03    0.219295E+00
    0.164800E+03    0.209409E+00
    0.164844E+03    0.199384E+00
    0.164888E+03    0.189196E+00
    0.164934E+03    0.178815E+00
    0.164980E+03    0.168210E+00
    0.165027E+03    0.157343E+00
    0.165074E+03    0.146175E+00
    0.165123E+03    0.134662E+00
    0.165171E+03    0.122758E+00
    0.165221E+03    0.110414E+00
    0.165270E+03    0.975784E-01
    0.165321E+03    0.841997E-01
    0.165371E+03    0.703080E-01
    0.165422E+03    0.564090E-01
    0.165473E+03    0.431920E-01
    0.165525E+03    0.313653E-01
    0.165576E+03    0.216501E-01
    0.165628E+03    0.147732E-01
    0.165680E+03    0.113706E-01
    0.165731E+03    0.116070E-01
    0.165783E+03    0.154862E-01
    0.165835E+03    0.228333E-01
    0.165886E+03    0.330006E-01
    0.165938E+03    0.452585E-01
    0.165989E+03    0.588834E-01
    0.166040E+03    0.731645E-01
    0.166090E+03    0.874105E-01
    0.166141E+03    0.101122E+00
    0.166190E+03    0.114274E+00
    0.166240E+03    0.126922E+00
    0.166288E+03    0.139115E+00
    0.166337E+03    0.150906E+00
    0.166384E+03    0.162342E+00
    0.166431E+03    0.173466E+00
    0.166477E+03    0.184321E+00
    0.166523E+03    0.194943E+00
    0.166567E+03    0.205367E+00
    0.166611E+03    0.215622E+00
    0.166654E+03    0.225732E+00
    0.166696E+03    0.235697E+00
    0.166737E+03    0.245497E+00
    0.166777E+03    0.255113E+00
    0.166816E+03    0.264527E+00
    0.166854E+03    0.273722E+00
    0.166891E+03    0.282682E+00
    0.166926E+03    0.291389E+00
    0.166961E+03    0.299831E+00
    0.166994E+03    0.307993E+00
    0.167026E+03    0.315862E+00
    0.167057E+03    0.323426E+00
    0.167086E+03    0.330675E+00
    0.167114E+03    0.337598E+00
    0.167140E+03    0.344185E+00
    0.167166E+03    0.350429E+00
    0.167189E+03    0.356322E+00
    0.167212E+03    0.361855E+00
    0.167233E+03    0.367024E+00
    0.167252E+03    0.371823E+00
    0.167270E+03    0.376246E+00
    0.167286E+03    0.380288E+00
    0.167301E+03    0.383947E+00
    0.167314E+03    0.387219E+00
    0.167326E+03    0.390100E+00
    0.167336E+03    0.392588E+00
    0.167344E+03    0.394682E+00
    0.167351E+03    0.396379E+00
    0.167356E+03    0.397678E+00
    0.167360E+03    0.398577E+00
    0.167362E+03    0.399078E+00
    0.167402E+03    0.409001E+00
    0.167572E+03    0.450577E+00
    0.167875E+03    0.524377E+00
    0.168313E+03    0.629422E+00
    0.168882E+03    0.765511E+00
    0.169580E+03    0.931626E+00
    0.170404E+03    0.112547E+01
    0.171351E+03    0.134584E+01
    0.172417E+03    0.159121E+01
    0.173597E+03    0.185784E+01
    0.174886E+03    0.214211E+01
    0.176280E+03    0.244214E+01
    0.177771E+03    0.275784E+01
    0.179355E+03    0.308878E+01
    0.181023E+03    0.343434E+01
    0.182770E+03    0.379248E+01
    0.184588E+03    0.416344E+01
    0.186469E+03    0.454235E+01
    0.188406E+03    0.495460E+01
    0.190390E+03    0.539299E+01
    0.192412E+03    0.583920E+01
    0.194466E+03    0.629225E+01
    0.196541E+03    0.675073E+01
    0.198629E+03    0.721197E+01
    0.200721E+03    0.768086E+01
    0.202810E+03    0.816255E+01
    0.204885E+03    0.864423E+01
    0.206938E+03    0.912078E+01
    0.208960E+03    0.959253E+01
    0.210944E+03    0.100589E+02
    0.212881E+03    0.105183E+02
    0.214762E+03    0.109690E+02
    0.216580E+03    0.114085E+02
    0.218327E+03    0.118345E+02
    0.219995E+03    0.122444E+02
    0.221579E+03    0.126359E+02
    0.223070E+03    0.130069E+02
    0.224464E+03    0.133555E+02
    0.225753E+03    0.136797E+02
    0.226934E+03    0.139779E+02
    0.227999E+03    0.142484E+02
    0.228946E+03    0.144897E+02
    0.229771E+03    0.147005E+02
    0.230469E+03    0.148796E+02
    0.231037E+03    0.150258E+02
    0.231475E+03    0.151385E+02
    0.231779E+03    0.152170E+02
    0.231948E+03    0.152607E+02
    0.232426E+03    0.153844E+02
    0.234291E+03    0.158691E+02
    0.237613E+03    0.167419E+02
    0.242339E+03    0.180043E+02
    0.248392E+03    0.196569E+02
    0.255672E+03    0.216974E+02
    0.264060E+03    0.241197E+02
    0.273417E+03    0.269129E+02
    0.283591E+03    0.300588E+02
    0.294413E+03    0.335305E+02
    0.305707E+03    0.372917E+02
    0.317288E+03    0.412944E+02
    0.328964E+03    0.454799E+02
    0.340544E+03    0.497792E+02
    0.351838E+03    0.541141E+02
    0.362661E+03    0.583993E+02
    0.372834E+03    0.625440E+02
    0.382192E+03    0.664556E+02
    0.390579E+03    0.700427E+02
    0.397859E+03    0.732179E+02
    0.403912E+03    0.759017E+02
    0.408638E+03    0.780248E+02
    0.411960E+03    0.795316E+02
    0.413825E+03    0.803825E+02
    0.415260E+03    0.810401E+02
    0.419498E+03    0.829944E+02
    0.427049E+03    0.865245E+02
    0.437791E+03    0.916522E+02
    0.451547E+03    0.983998E+02
    0.468092E+03    0.106784E+03
    0.487155E+03    0.116805E+03
    0.508421E+03    0.128443E+03
    0.531543E+03    0.141640E+03
    0.556140E+03    0.156303E+03
    0.581809E+03    0.172285E+03
    0.608127E+03    0.189395E+03
    0.634664E+03    0.207387E+03
    0.660982E+03    0.225965E+03
    0.686651E+03    0.244788E+03
    0.711248E+03    0.263478E+03
    0.734370E+03    0.281629E+03
    0.755636E+03    0.298822E+03
    0.774699E+03    0.314636E+03
    0.791244E+03    0.328670E+03
    0.805000E+03    0.340558E+03
    0.815742E+03    0.349981E+03
    0.823293E+03    0.356679E+03
    0.827530E+03    0.360465E+03
    0.842804E+03    0.374271E+03
    0.903500E+03    0.431611E+03
    0.101177E+04    0.543187E+03
    0.116635E+04    0.727227E+03
    0.136604E+04    0.995049E+03
    0.161029E+04    0.138268E+04
    0.189981E+04    0.192458E+04
    0.223733E+04    0.266915E+04
    0.262831E+04    0.368356E+04
    0.308204E+04    0.506512E+04
    0.361301E+04    0.696072E+04
    0.424325E+04    0.960089E+04
    0.500588E+04    0.133621E+05
    0.595137E+04    0.188864E+05
    0.715843E+04    0.273244E+05
    0.875420E+04    0.408646E+05
    0.109538E+05    0.639801E+05
    0.141438E+05    0.106672E+06
    0.190751E+05    0.194022E+06
    0.273662E+05    0.399342E+06
    0.430531E+05    0.988378E+06
    0.786740E+05    0.330048E+07
    0.191090E+06    0.194711E+08
    0.100000E+07    0.533230E+09
