    0.555087E-01    0.137758E+02
    0.292216E+00    0.137754E+02
    0.717029E+00    0.137747E+02
    0.132826E+01    0.137736E+02
    0.212336E+01    0.137721E+02
    0.309899E+01    0.137695E+02
    0.425106E+01    0.137650E+02
    0.557475E+01    0.137578E+02
    0.706450E+01    0.137471E+02
    0.871405E+01    0.137323E+02
    0.105165E+02    0.137128E+02
    0.124643E+02    0.136875E+02
    0.145492E+02    0.136556E+02
    0.167626E+02    0.136162E+02
    0.190951E+02    0.135683E+02
    0.215369E+02    0.135115E+02
    0.240779E+02    0.134450E+02
    0.267073E+02    0.133683E+02
    0.294141E+02    0.132811E+02
    0.321870E+02    0.131829E+02
    0.350143E+02    0.130735E+02
    0.378842E+02    0.129528E+02
    0.407847E+02    0.128211E+02
    0.437035E+02    0.126785E+02
    0.466285E+02    0.125256E+02
    0.495473E+02    0.123630E+02
    0.524478E+02    0.121914E+02
    0.553177E+02    0.120118E+02
    0.581450E+02    0.118252E+02
    0.609179E+02    0.116331E+02
    0.636248E+02    0.114369E+02
    0.662542E+02    0.112380E+02
    0.687951E+02    0.110381E+02
    0.712370E+02    0.108388E+02
    0.735695E+02    0.106420E+02
    0.757828E+02    0.104493E+02
    0.778678E+02    0.102626E+02
    0.798155E+02    0.100835E+02
    0.816180E+02    0.991376E+01
    0.832675E+02    0.975507E+01
    0.847573E+02    0.960899E+01
    0.860810E+02    0.947697E+01
    0.872330E+02    0.936037E+01
    0.882087E+02    0.926039E+01
    0.890038E+02    0.917807E+01
    0.896150E+02    0.911427E+01
    0.900398E+02    0.906966E+01
    0.902765E+02    0.904472E+01
    0.903404E+02    0.903797E+01
    0.903763E+02    0.903418E+01
    0.904408E+02    0.902736E+01
    0.905339E+02    0.901752E+01
    0.906554E+02    0.900464E+01
    0.908054E+02    0.898874E+01
    0.909835E+02    0.896981E+01
    0.911897E+02    0.894784E+01
    0.914237E+02    0.892285E+01
    0.916854E+02    0.889484E+01
    0.919744E+02    0.886380E+01
    0.922905E+02    0.882973E+01
    0.926334E+02    0.879265E+01
    0.930027E+02    0.875254E+01
    0.933981E+02    0.870943E+01
    0.938192E+02    0.866330E+01
    0.942656E+02    0.861418E+01
    0.947368E+02    0.856206E+01
    0.952323E+02    0.850695E+01
    0.957518E+02    0.844887E+01
    0.962947E+02    0.838783E+01
    0.968604E+02    0.832384E+01
    0.974484E+02    0.825692E+01
    0.980582E+02    0.818708E+01
    0.986891E+02    0.811435E+01
    0.993405E+02    0.803875E+01
    0.100012E+03    0.796030E+01
    0.100702E+03    0.787905E+01
    0.101411E+03    0.779501E+01
    0.102138E+03    0.770823E+01
    0.102882E+03    0.761874E+01
    0.103643E+03    0.752659E+01
    0.104419E+03    0.743183E+01
    0.105210E+03    0.733450E+01
    0.106016E+03    0.723465E+01
    0.106834E+03    0.713236E+01
    0.107665E+03    0.702768E+01
    0.108508E+03    0.692068E+01
    0.109362E+03    0.681144E+01
    0.110226E+03    0.670003E+01
    0.111099E+03    0.658653E+01
    0.111981E+03    0.647104E+01
    0.112870E+03    0.635364E+01
    0.113766E+03    0.623442E+01
    0.114667E+03    0.611346E+01
    0.115574E+03    0.599083E+01
    0.116484E+03    0.586663E+01
    0.117398E+03    0.574094E+01
    0.118314E+03    0.561390E+01
    0.119231E+03    0.548575E+01
    0.120149E+03    0.535674E+01
    0.121066E+03    0.522675E+01
    0.121982E+03    0.509546E+01
    0.122896E+03    0.496390E+01
    0.123806E+03    0.483172E+01
    0.124712E+03    0.469881E+01
    0.125614E+03    0.456596E+01
    0.126510E+03    0.443302E+01
    0.127399E+03    0.430006E+01
    0.128281E+03    0.416731E+01
    0.129154E+03    0.403498E+01
    0.130018E+03    0.390330E+01
    0.130872E+03    0.377247E+01
    0.131715E+03    0.364274E+01
    0.132546E+03    0.351427E+01
    0.133364E+03    0.338726E+01
    0.134170E+03    0.326196E+01
    0.134961E+03    0.313866E+01
    0.135737E+03    0.301759E+01
    0.136497E+03    0.289899E+01
    0.137241E+03    0.278308E+01
    0.137968E+03    0.267023E+01
    0.138678E+03    0.256077E+01
    0.139368E+03    0.245493E+01
    0.140039E+03    0.235279E+01
    0.140691E+03    0.225445E+01
    0.141322E+03    0.216029E+01
    0.141931E+03    0.207081E+01
    0.142519E+03    0.198628E+01
    0.143085E+03    0.190596E+01
    0.143628E+03    0.182883E+01
    0.144148E+03    0.175480E+01
    0.144643E+03    0.168853E+01
    0.145114E+03    0.163537E+01
    0.145561E+03    0.159816E+01
    0.145982E+03    0.156993E+01
    0.146377E+03    0.154022E+01
    0.146746E+03    0.150202E+01
    0.147089E+03    0.145636E+01
    0.147405E+03    0.141314E+01
    0.147694E+03    0.137939E+01
    0.147956E+03    0.135849E+01
    0.148190E+03    0.134699E+01
    0.148396E+03    0.133773E+01
    0.148575E+03    0.132701E+01
    0.148724E+03    0.131392E+01
    0.148846E+03    0.129939E+01
    0.148939E+03    0.128557E+01
    0.149004E+03    0.127511E+01
    0.149039E+03    0.126917E+01
    0.149048E+03    0.126771E+01
    0.149050E+03    0.126740E+01
    0.149053E+03    0.126685E+01
    0.149058E+03    0.126606E+01
    0.149064E+03    0.126503E+01
    0.149072E+03    0.126376E+01
    0.149081E+03    0.126226E+01
    0.149092E+03    0.126052E+01
    0.149104E+03    0.125856E+01
    0.149117E+03    0.125639E+01
    0.149132E+03    0.125402E+01
    0.149148E+03    0.125147E+01
    0.149166E+03    0.124875E+01
    0.149185E+03    0.124589E+01
    0.149205E+03    0.124293E+01
    0.149227E+03    0.123989E+01
    0.149250E+03    0.123683E+01
    0.149274E+03    0.123378E+01
    0.149299E+03    0.123082E+01
    0.149326E+03    0.122800E+01
    0.149354E+03    0.122540E+01
    0.149383E+03    0.122311E+01
    0.149413E+03    0.122122E+01
    0.149444E+03    0.121984E+01
    0.149476E+03    0.121907E+01
    0.149510E+03    0.121905E+01
    0.149544E+03    0.121991E+01
    0.149580E+03    0.122179E+01
    0.149616E+03    0.122485E+01
    0.149653E+03    0.122924E+01
    0.149691E+03    0.123497E+01
    0.149730E+03    0.124195E+01
    0.149770E+03    0.125007E+01
    0.149811E+03    0.125918E+01
    0.149852E+03    0.126911E+01
    0.149894E+03    0.127968E+01
    0.149937E+03    0.129068E+01
    0.149980E+03    0.130187E+01
    0.150024E+03    0.131299E+01
    0.150068E+03    0.132377E+01
    0.150113E+03    0.133394E+01
    0.150158E+03    0.134317E+01
    0.150204E+03    0.135114E+01
    0.150250E+03    0.135724E+01
    0.150296E+03    0.136068E+01
    0.150342E+03    0.136064E+01
    0.150389E+03    0.135628E+01
    0.150436E+03    0.134676E+01
    0.150483E+03    0.133127E+01
    0.150530E+03    0.130938E+01
    0.150577E+03    0.128210E+01
    0.150624E+03    0.125073E+01
    0.150671E+03    0.121668E+01
    0.150718E+03    0.118165E+01
    0.150764E+03    0.114743E+01
    0.150811E+03    0.111576E+01
    0.150857E+03    0.108831E+01
    0.150903E+03    0.106672E+01
    0.150949E+03    0.105248E+01
    0.150994E+03    0.104588E+01
    0.151039E+03    0.104562E+01
    0.151083E+03    0.105029E+01
    0.151127E+03    0.105858E+01
    0.151170E+03    0.106922E+01
    0.151213E+03    0.108103E+01
    0.151255E+03    0.109291E+01
    0.151296E+03    0.110386E+01
    0.151337E+03    0.111298E+01
    0.151376E+03    0.111945E+01
    0.151415E+03    0.112260E+01
    0.151453E+03    0.112184E+01
    0.151491E+03    0.111670E+01
    0.151527E+03    0.110723E+01
    0.151563E+03    0.109411E+01
    0.151597E+03    0.107806E+01
    0.151630E+03    0.105971E+01
    0.151663E+03    0.103965E+01
    0.151694E+03    0.101840E+01
    0.151724E+03    0.996435E+00
    0.151753E+03    0.974162E+00
    0.151781E+03    0.951940E+00
    0.151808E+03    0.930073E+00
    0.151833E+03    0.908819E+00
    0.151857E+03    0.888388E+00
    0.151880E+03    0.868948E+00
    0.151902E+03    0.850630E+00
    0.151922E+03    0.833527E+00
    0.151941E+03    0.817704E+00
    0.151958E+03    0.803198E+00
    0.151975E+03    0.790026E+00
    0.151990E+03    0.778182E+00
    0.152003E+03    0.767650E+00
    0.152015E+03    0.758401E+00
    0.152026E+03    0.750398E+00
    0.152035E+03    0.743603E+00
    0.152042E+03    0.737975E+00
    0.152049E+03    0.733475E+00
    0.152053E+03    0.730070E+00
    0.152057E+03    0.727731E+00
    0.152058E+03    0.726438E+00
    0.152095E+03    0.701970E+00
    0.152249E+03    0.632225E+00
    0.152525E+03    0.678658E+00
    0.152922E+03    0.986164E+00
    0.153439E+03    0.134887E+01
    0.154073E+03    0.137856E+01
    0.154822E+03    0.128003E+01
    0.155683E+03    0.131210E+01
    0.156651E+03    0.140239E+01
    0.157723E+03    0.152050E+01
    0.158895E+03    0.167384E+01
    0.160161E+03    0.185743E+01
    0.161516E+03    0.207063E+01
    0.162955E+03    0.231281E+01
    0.164471E+03    0.258041E+01
    0.166058E+03    0.287096E+01
    0.167710E+03    0.318220E+01
    0.169419E+03    0.351117E+01
    0.171178E+03    0.385483E+01
    0.172980E+03    0.421121E+01
    0.174818E+03    0.457845E+01
    0.176684E+03    0.495427E+01
    0.178569E+03    0.533745E+01
    0.180466E+03    0.572593E+01
    0.182367E+03    0.611802E+01
    0.184265E+03    0.651284E+01
    0.186150E+03    0.690828E+01
    0.188015E+03    0.730280E+01
    0.189853E+03    0.769467E+01
    0.191656E+03    0.808198E+01
    0.193415E+03    0.846282E+01
    0.195124E+03    0.883543E+01
    0.196776E+03    0.919812E+01
    0.198363E+03    0.954916E+01
    0.199879E+03    0.988678E+01
    0.201318E+03    0.102092E+02
    0.202673E+03    0.105148E+02
    0.203939E+03    0.108018E+02
    0.205111E+03    0.110688E+02
    0.206183E+03    0.113144E+02
    0.207151E+03    0.115371E+02
    0.208012E+03    0.117358E+02
    0.208760E+03    0.119094E+02
    0.209395E+03    0.120568E+02
    0.209911E+03    0.121773E+02
    0.210309E+03    0.122700E+02
    0.210585E+03    0.123346E+02
    0.210739E+03    0.123707E+02
    0.211173E+03    0.124725E+02
    0.212867E+03    0.128716E+02
    0.215886E+03    0.135900E+02
    0.220180E+03    0.146281E+02
    0.225679E+03    0.159857E+02
    0.232294E+03    0.176613E+02
    0.239914E+03    0.196499E+02
    0.248416E+03    0.219420E+02
    0.257659E+03    0.245226E+02
    0.267492E+03    0.273693E+02
    0.277754E+03    0.304517E+02
    0.288275E+03    0.337311E+02
    0.298883E+03    0.371595E+02
    0.309405E+03    0.406804E+02
    0.319666E+03    0.442305E+02
    0.329499E+03    0.477399E+02
    0.338742E+03    0.511343E+02
    0.347244E+03    0.543376E+02
    0.354865E+03    0.572751E+02
    0.361479E+03    0.598753E+02
    0.366978E+03    0.620730E+02
    0.371272E+03    0.638117E+02
    0.374291E+03    0.650457E+02
    0.375985E+03    0.657425E+02
    0.377289E+03    0.662811E+02
    0.381139E+03    0.678817E+02
    0.388000E+03    0.707729E+02
    0.397759E+03    0.749724E+02
    0.410258E+03    0.804989E+02
    0.425290E+03    0.873667E+02
    0.442609E+03    0.955779E+02
    0.461931E+03    0.105115E+03
    0.482939E+03    0.115933E+03
    0.505287E+03    0.127956E+03
    0.528608E+03    0.141067E+03
    0.552520E+03    0.155108E+03
    0.576630E+03    0.169877E+03
    0.600542E+03    0.185130E+03
    0.623864E+03    0.200587E+03
    0.646212E+03    0.215935E+03
    0.667219E+03    0.230838E+03
    0.686541E+03    0.244950E+03
    0.703860E+03    0.257923E+03
    0.718893E+03    0.269429E+03
    0.731391E+03    0.279170E+03
    0.741151E+03    0.286886E+03
    0.748011E+03    0.292367E+03
    0.751861E+03    0.295464E+03
    0.767044E+03    0.307826E+03
    0.827746E+03    0.359520E+03
    0.936022E+03    0.460150E+03
    0.109062E+04    0.628625E+03
    0.129032E+04    0.876938E+03
    0.153459E+04    0.124038E+04
    0.182413E+04    0.175260E+04
    0.216167E+04    0.246122E+04
    0.255269E+04    0.343214E+04
    0.300645E+04    0.476077E+04
    0.353747E+04    0.659106E+04
    0.416775E+04    0.914899E+04
    0.493043E+04    0.128039E+05
    0.587599E+04    0.181858E+05
    0.708315E+04    0.264255E+05
    0.867904E+04    0.396747E+05
    0.108788E+05    0.623353E+05
    0.140691E+05    0.104256E+06
    0.190008E+05    0.190157E+06
    0.272925E+05    0.392335E+06
    0.429805E+05    0.973002E+06
    0.786042E+05    0.325433E+07
    0.191029E+06    0.192206E+08
    0.100000E+07    0.526709E+09
