    0.610952E-01    0.161512E+02
    0.321626E+00    0.161507E+02
    0.789193E+00    0.161498E+02
    0.146194E+01    0.161485E+02
    0.233706E+01    0.161465E+02
    0.341088E+01    0.161433E+02
    0.467890E+01    0.161378E+02
    0.613581E+01    0.161288E+02
    0.777548E+01    0.161156E+02
    0.959105E+01    0.160973E+02
    0.115749E+02    0.160730E+02
    0.137187E+02    0.160417E+02
    0.160135E+02    0.160026E+02
    0.184496E+02    0.159545E+02
    0.210168E+02    0.158966E+02
    0.237044E+02    0.158280E+02
    0.265011E+02    0.157480E+02
    0.293952E+02    0.156558E+02
    0.323744E+02    0.155508E+02
    0.354264E+02    0.154327E+02
    0.385383E+02    0.153012E+02
    0.416970E+02    0.151561E+02
    0.448894E+02    0.149977E+02
    0.481020E+02    0.148265E+02
    0.513213E+02    0.146430E+02
    0.545339E+02    0.144481E+02
    0.577263E+02    0.142427E+02
    0.608850E+02    0.140278E+02
    0.639969E+02    0.138049E+02
    0.670489E+02    0.135754E+02
    0.700281E+02    0.133409E+02
    0.729221E+02    0.131033E+02
    0.757188E+02    0.128645E+02
    0.784064E+02    0.126265E+02
    0.809737E+02    0.123913E+02
    0.834098E+02    0.121611E+02
    0.857046E+02    0.119379E+02
    0.878484E+02    0.117240E+02
    0.898322E+02    0.115212E+02
    0.916478E+02    0.113317E+02
    0.932875E+02    0.111573E+02
    0.947444E+02    0.109996E+02
    0.960124E+02    0.108605E+02
    0.970862E+02    0.107411E+02
    0.979613E+02    0.106429E+02
    0.986341E+02    0.105667E+02
    0.991016E+02    0.105135E+02
    0.993622E+02    0.104837E+02
    0.994325E+02    0.104757E+02
    0.994720E+02    0.104712E+02
    0.995430E+02    0.104630E+02
    0.996454E+02    0.104513E+02
    0.997792E+02    0.104359E+02
    0.999442E+02    0.104170E+02
    0.100140E+03    0.103944E+02
    0.100367E+03    0.103682E+02
    0.100625E+03    0.103384E+02
    0.100913E+03    0.103049E+02
    0.101231E+03    0.102679E+02
    0.101579E+03    0.102273E+02
    0.101956E+03    0.101830E+02
    0.102363E+03    0.101352E+02
    0.102798E+03    0.100838E+02
    0.103261E+03    0.100288E+02
    0.103753E+03    0.997021E+01
    0.104271E+03    0.990806E+01
    0.104817E+03    0.984236E+01
    0.105389E+03    0.977313E+01
    0.105986E+03    0.970037E+01
    0.106609E+03    0.962410E+01
    0.107256E+03    0.954435E+01
    0.107927E+03    0.946113E+01
    0.108621E+03    0.937448E+01
    0.109338E+03    0.928442E+01
    0.110077E+03    0.919098E+01
    0.110837E+03    0.909421E+01
    0.111618E+03    0.899414E+01
    0.112418E+03    0.889083E+01
    0.113237E+03    0.878431E+01
    0.114074E+03    0.867466E+01
    0.114928E+03    0.856193E+01
    0.115799E+03    0.844618E+01
    0.116685E+03    0.832750E+01
    0.117586E+03    0.820594E+01
    0.118501E+03    0.808161E+01
    0.119429E+03    0.795457E+01
    0.120369E+03    0.782493E+01
    0.121320E+03    0.769280E+01
    0.122281E+03    0.755829E+01
    0.123251E+03    0.742153E+01
    0.124230E+03    0.728264E+01
    0.125215E+03    0.714175E+01
    0.126208E+03    0.699901E+01
    0.127206E+03    0.685455E+01
    0.128208E+03    0.670855E+01
    0.129213E+03    0.656120E+01
    0.130221E+03    0.641269E+01
    0.131231E+03    0.626321E+01
    0.132241E+03    0.611298E+01
    0.133250E+03    0.596220E+01
    0.134258E+03    0.581113E+01
    0.135264E+03    0.566000E+01
    0.136266E+03    0.550900E+01
    0.137264E+03    0.535850E+01
    0.138256E+03    0.520876E+01
    0.139242E+03    0.506009E+01
    0.140221E+03    0.491275E+01
    0.141191E+03    0.476711E+01
    0.142152E+03    0.462344E+01
    0.143103E+03    0.448215E+01
    0.144043E+03    0.434356E+01
    0.144971E+03    0.420796E+01
    0.145885E+03    0.407573E+01
    0.146786E+03    0.394726E+01
    0.147673E+03    0.382287E+01
    0.148543E+03    0.370285E+01
    0.149398E+03    0.358746E+01
    0.150235E+03    0.347694E+01
    0.151054E+03    0.337155E+01
    0.151854E+03    0.327155E+01
    0.152634E+03    0.317711E+01
    0.153394E+03    0.308832E+01
    0.154133E+03    0.300524E+01
    0.154850E+03    0.292799E+01
    0.155545E+03    0.285673E+01
    0.156216E+03    0.279135E+01
    0.156863E+03    0.273140E+01
    0.157486E+03    0.267640E+01
    0.158083E+03    0.262661E+01
    0.158655E+03    0.258285E+01
    0.159200E+03    0.254555E+01
    0.159719E+03    0.251287E+01
    0.160210E+03    0.248183E+01
    0.160674E+03    0.245059E+01
    0.161109E+03    0.242359E+01
    0.161515E+03    0.240828E+01
    0.161893E+03    0.240909E+01
    0.162241E+03    0.241994E+01
    0.162559E+03    0.242259E+01
    0.162847E+03    0.240575E+01
    0.163104E+03    0.236591E+01
    0.163331E+03    0.231788E+01
    0.163527E+03    0.228425E+01
    0.163692E+03    0.227320E+01
    0.163826E+03    0.228238E+01
    0.163929E+03    0.230361E+01
    0.164000E+03    0.232679E+01
    0.164039E+03    0.234292E+01
    0.164049E+03    0.234722E+01
    0.164051E+03    0.234813E+01
    0.164055E+03    0.234978E+01
    0.164060E+03    0.235219E+01
    0.164067E+03    0.235539E+01
    0.164075E+03    0.235941E+01
    0.164085E+03    0.236428E+01
    0.164097E+03    0.237006E+01
    0.164110E+03    0.237677E+01
    0.164125E+03    0.238446E+01
    0.164141E+03    0.239316E+01
    0.164159E+03    0.240289E+01
    0.164178E+03    0.241366E+01
    0.164199E+03    0.242546E+01
    0.164221E+03    0.243827E+01
    0.164245E+03    0.245204E+01
    0.164270E+03    0.246668E+01
    0.164297E+03    0.248211E+01
    0.164325E+03    0.249816E+01
    0.164354E+03    0.251466E+01
    0.164385E+03    0.253139E+01
    0.164417E+03    0.254808E+01
    0.164450E+03    0.256443E+01
    0.164484E+03    0.258007E+01
    0.164520E+03    0.259458E+01
    0.164557E+03    0.260752E+01
    0.164595E+03    0.261836E+01
    0.164634E+03    0.262653E+01
    0.164674E+03    0.263142E+01
    0.164715E+03    0.263234E+01
    0.164757E+03    0.262858E+01
    0.164800E+03    0.261938E+01
    0.164844E+03    0.260463E+01
    0.164888E+03    0.258495E+01
    0.164934E+03    0.256115E+01
    0.164980E+03    0.253414E+01
    0.165027E+03    0.250495E+01
    0.165074E+03    0.247472E+01
    0.165123E+03    0.244470E+01
    0.165171E+03    0.241622E+01
    0.165221E+03    0.239070E+01
    0.165270E+03    0.236965E+01
    0.165321E+03    0.235462E+01
    0.165371E+03    0.234679E+01
    0.165422E+03    0.234503E+01
    0.165473E+03    0.234731E+01
    0.165525E+03    0.235149E+01
    0.165576E+03    0.235542E+01
    0.165628E+03    0.235684E+01
    0.165680E+03    0.235407E+01
    0.165731E+03    0.234821E+01
    0.165783E+03    0.234126E+01
    0.165835E+03    0.233479E+01
    0.165886E+03    0.232908E+01
    0.165938E+03    0.232420E+01
    0.165989E+03    0.232019E+01
    0.166040E+03    0.231711E+01
    0.166090E+03    0.231500E+01
    0.166141E+03    0.231386E+01
    0.166190E+03    0.231359E+01
    0.166240E+03    0.231407E+01
    0.166288E+03    0.231518E+01
    0.166337E+03    0.231681E+01
    0.166384E+03    0.231884E+01
    0.166431E+03    0.232118E+01
    0.166477E+03    0.232373E+01
    0.166523E+03    0.232640E+01
    0.166567E+03    0.232909E+01
    0.166611E+03    0.233175E+01
    0.166654E+03    0.233429E+01
    0.166696E+03    0.233670E+01
    0.166737E+03    0.233897E+01
    0.166777E+03    0.234112E+01
    0.166816E+03    0.234315E+01
    0.166854E+03    0.234506E+01
    0.166891E+03    0.234687E+01
    0.166926E+03    0.234857E+01
    0.166961E+03    0.235017E+01
    0.166994E+03    0.235167E+01
    0.167026E+03    0.235308E+01
    0.167057E+03    0.235441E+01
    0.167086E+03    0.235565E+01
    0.167114E+03    0.235681E+01
    0.167140E+03    0.235790E+01
    0.167166E+03    0.235891E+01
    0.167189E+03    0.235985E+01
    0.167212E+03    0.236071E+01
    0.167233E+03    0.236151E+01
    0.167252E+03    0.236224E+01
    0.167270E+03    0.236291E+01
    0.167286E+03    0.236352E+01
    0.167301E+03    0.236406E+01
    0.167314E+03    0.236454E+01
    0.167326E+03    0.236496E+01
    0.167336E+03    0.236533E+01
    0.167344E+03    0.236563E+01
    0.167351E+03    0.236587E+01
    0.167356E+03    0.236606E+01
    0.167360E+03    0.236619E+01
    0.167362E+03    0.236626E+01
    0.167402E+03    0.236767E+01
    0.167572E+03    0.237334E+01
    0.167875E+03    0.238284E+01
    0.168313E+03    0.239661E+01
    0.168882E+03    0.241829E+01
    0.169580E+03    0.245282E+01
    0.170404E+03    0.250507E+01
    0.171351E+03    0.257639E+01
    0.172417E+03    0.266766E+01
    0.173597E+03    0.278350E+01
    0.174886E+03    0.292757E+01
    0.176280E+03    0.310224E+01
    0.177771E+03    0.330876E+01
    0.179355E+03    0.354759E+01
    0.181023E+03    0.381902E+01
    0.182770E+03    0.412196E+01
    0.184588E+03    0.445447E+01
    0.186469E+03    0.481391E+01
    0.188406E+03    0.519753E+01
    0.190390E+03    0.560236E+01
    0.192412E+03    0.602530E+01
    0.194466E+03    0.646343E+01
    0.196541E+03    0.691365E+01
    0.198629E+03    0.737379E+01
    0.200721E+03    0.784063E+01
    0.202810E+03    0.831222E+01
    0.204885E+03    0.878594E+01
    0.206938E+03    0.925940E+01
    0.208960E+03    0.973035E+01
    0.210944E+03    0.101965E+02
    0.212881E+03    0.106556E+02
    0.214762E+03    0.111053E+02
    0.216580E+03    0.115433E+02
    0.218327E+03    0.119676E+02
    0.219995E+03    0.123758E+02
    0.221579E+03    0.127660E+02
    0.223070E+03    0.131359E+02
    0.224464E+03    0.134837E+02
    0.225753E+03    0.138073E+02
    0.226934E+03    0.141051E+02
    0.227999E+03    0.143752E+02
    0.228946E+03    0.146163E+02
    0.229771E+03    0.148269E+02
    0.230469E+03    0.150058E+02
    0.231037E+03    0.151520E+02
    0.231475E+03    0.152646E+02
    0.231779E+03    0.153430E+02
    0.231948E+03    0.153867E+02
    0.232426E+03    0.155104E+02
    0.234291E+03    0.159948E+02
    0.237613E+03    0.168672E+02
    0.242339E+03    0.181288E+02
    0.248392E+03    0.197801E+02
    0.255672E+03    0.218194E+02
    0.264060E+03    0.242403E+02
    0.273417E+03    0.270325E+02
    0.283591E+03    0.301780E+02
    0.294413E+03    0.336496E+02
    0.305707E+03    0.374105E+02
    0.317288E+03    0.414128E+02
    0.328964E+03    0.455980E+02
    0.340544E+03    0.498970E+02
    0.351838E+03    0.542317E+02
    0.362661E+03    0.585167E+02
    0.372834E+03    0.626613E+02
    0.382192E+03    0.665728E+02
    0.390579E+03    0.701597E+02
    0.397859E+03    0.733350E+02
    0.403912E+03    0.760187E+02
    0.408638E+03    0.781418E+02
    0.411960E+03    0.796486E+02
    0.413825E+03    0.804995E+02
    0.415260E+03    0.811571E+02
    0.419498E+03    0.831114E+02
    0.427049E+03    0.866414E+02
    0.437791E+03    0.917690E+02
    0.451547E+03    0.985165E+02
    0.468092E+03    0.106901E+03
    0.487155E+03    0.116922E+03
    0.508421E+03    0.128560E+03
    0.531543E+03    0.141757E+03
    0.556140E+03    0.156419E+03
    0.581809E+03    0.172402E+03
    0.608127E+03    0.189512E+03
    0.634664E+03    0.207503E+03
    0.660982E+03    0.226081E+03
    0.686651E+03    0.244904E+03
    0.711248E+03    0.263594E+03
    0.734370E+03    0.281745E+03
    0.755636E+03    0.298937E+03
    0.774699E+03    0.314751E+03
    0.791244E+03    0.328785E+03
    0.805000E+03    0.340673E+03
    0.815742E+03    0.350096E+03
    0.823293E+03    0.356794E+03
    0.827530E+03    0.360580E+03
    0.842804E+03    0.374387E+03
    0.903500E+03    0.431728E+03
    0.101177E+04    0.543305E+03
    0.116635E+04    0.727348E+03
    0.136604E+04    0.995211E+03
    0.161029E+04    0.138291E+04
    0.189981E+04    0.192489E+04
    0.223733E+04    0.266958E+04
    0.262831E+04    0.368416E+04
    0.308204E+04    0.506595E+04
    0.361301E+04    0.696185E+04
    0.424325E+04    0.960245E+04
    0.500588E+04    0.133643E+05
    0.595137E+04    0.188894E+05
    0.715843E+04    0.273288E+05
    0.875420E+04    0.408712E+05
    0.109538E+05    0.639905E+05
    0.141438E+05    0.106689E+06
    0.190751E+05    0.194053E+06
    0.273662E+05    0.399407E+06
    0.430531E+05    0.988538E+06
    0.786740E+05    0.330102E+07
    0.191090E+06    0.194743E+08
    0.100000E+07    0.533317E+09
