
#   rho [fm-3]      T [MeV]      kf [fm-1]       k [MeV]       av Gap(k) [MeV]       Xi (k)       SigmaHF(k)       Momdis n(k)       Gap_L1       Gap_L2
    5.836100E-02    1.000000E-01    1.200000E+00    0.000000E+00    2.026804E+00
    5.836100E-02    1.000000E-01    1.200000E+00    1.010101E-01    2.020392E+00
    5.836100E-02    1.000000E-01    1.200000E+00    2.020202E-01    2.001171E+00
    5.836100E-02    1.000000E-01    1.200000E+00    3.030303E-01    1.969332E+00
    5.836100E-02    1.000000E-01    1.200000E+00    4.040404E-01    1.924720E+00
    5.836100E-02    1.000000E-01    1.200000E+00    5.050505E-01    1.867628E+00
    5.836100E-02    1.000000E-01    1.200000E+00    6.060606E-01    1.797919E+00
    5.836100E-02    1.000000E-01    1.200000E+00    7.070707E-01    1.715608E+00
    5.836100E-02    1.000000E-01    1.200000E+00    8.080808E-01    1.620577E+00
    5.836100E-02    1.000000E-01    1.200000E+00    9.090909E-01    1.512657E+00
    5.836100E-02    1.000000E-01    1.200000E+00    1.010101E+00    1.391712E+00
    5.836100E-02    1.000000E-01    1.200000E+00    1.111111E+00    1.257692E+00
    5.836100E-02    1.000000E-01    1.200000E+00    1.212121E+00    1.110763E+00
    5.836100E-02    1.000000E-01    1.200000E+00    1.313131E+00    9.513577E-01
    5.836100E-02    1.000000E-01    1.200000E+00    1.414141E+00    7.801691E-01
    5.836100E-02    1.000000E-01    1.200000E+00    1.515152E+00    5.980846E-01
    5.836100E-02    1.000000E-01    1.200000E+00    1.616162E+00    4.061071E-01
    5.836100E-02    1.000000E-01    1.200000E+00    1.717172E+00    2.056477E-01
    5.836100E-02    1.000000E-01    1.200000E+00    1.818182E+00   -1.111926E-03
    5.836100E-02    1.000000E-01    1.200000E+00    1.919192E+00   -2.104748E-01
    5.836100E-02    1.000000E-01    1.200000E+00    2.020202E+00   -4.171994E-01
    5.836100E-02    1.000000E-01    1.200000E+00    2.121212E+00   -6.152790E-01
    5.836100E-02    1.000000E-01    1.200000E+00    2.222222E+00   -7.954763E-01
    5.836100E-02    1.000000E-01    1.200000E+00    2.323232E+00   -9.479102E-01
    5.836100E-02    1.000000E-01    1.200000E+00    2.424242E+00   -1.067315E+00
    5.836100E-02    1.000000E-01    1.200000E+00    2.525253E+00   -1.149744E+00
    5.836100E-02    1.000000E-01    1.200000E+00    2.626263E+00   -1.195020E+00
    5.836100E-02    1.000000E-01    1.200000E+00    2.727273E+00   -1.199841E+00
    5.836100E-02    1.000000E-01    1.200000E+00    2.828283E+00   -1.175651E+00
    5.836100E-02    1.000000E-01    1.200000E+00    2.929293E+00   -1.119039E+00
    5.836100E-02    1.000000E-01    1.200000E+00    3.030303E+00   -1.032245E+00
    5.836100E-02    1.000000E-01    1.200000E+00    3.131313E+00   -9.156407E-01
    5.836100E-02    1.000000E-01    1.200000E+00    3.232323E+00   -7.793365E-01
    5.836100E-02    1.000000E-01    1.200000E+00    3.333333E+00   -6.352973E-01
    5.836100E-02    1.000000E-01    1.200000E+00    3.434343E+00   -4.963429E-01
    5.836100E-02    1.000000E-01    1.200000E+00    3.535354E+00   -3.676654E-01
    5.836100E-02    1.000000E-01    1.200000E+00    3.636364E+00   -2.664975E-01
    5.836100E-02    1.000000E-01    1.200000E+00    3.737374E+00   -1.844396E-01
    5.836100E-02    1.000000E-01    1.200000E+00    3.838384E+00   -1.180481E-01
    5.836100E-02    1.000000E-01    1.200000E+00    3.939394E+00   -7.826162E-02
    5.836100E-02    1.000000E-01    1.200000E+00    4.040404E+00   -4.426511E-02
    5.836100E-02    1.000000E-01    1.200000E+00    4.141414E+00   -2.767043E-02
    5.836100E-02    1.000000E-01    1.200000E+00    4.242424E+00   -1.410116E-02
    5.836100E-02    1.000000E-01    1.200000E+00    4.343434E+00   -8.007218E-03
    5.836100E-02    1.000000E-01    1.200000E+00    4.444444E+00   -3.641179E-03
    5.836100E-02    1.000000E-01    1.200000E+00    4.545455E+00   -1.853599E-03
    5.836100E-02    1.000000E-01    1.200000E+00    4.646465E+00   -7.492084E-04
    5.836100E-02    1.000000E-01    1.200000E+00    4.747475E+00   -3.314180E-04
    5.836100E-02    1.000000E-01    1.200000E+00    4.848485E+00   -1.211650E-04
    5.836100E-02    1.000000E-01    1.200000E+00    4.949495E+00   -4.255177E-05
    5.836100E-02    1.000000E-01    1.200000E+00    5.050505E+00   -1.517079E-05
    5.836100E-02    1.000000E-01    1.200000E+00    5.151515E+00   -3.039993E-06
    5.836100E-02    1.000000E-01    1.200000E+00    5.252525E+00   -1.404447E-06
    5.836100E-02    1.000000E-01    1.200000E+00    5.353535E+00   -2.720338E-07
    5.836100E-02    1.000000E-01    1.200000E+00    5.454545E+00   -7.199577E-08
    5.836100E-02    1.000000E-01    1.200000E+00    5.555556E+00   -1.726958E-08
    5.836100E-02    1.000000E-01    1.200000E+00    5.656566E+00   -2.821081E-09
    5.836100E-02    1.000000E-01    1.200000E+00    5.757576E+00   -4.313298E-10
    5.836100E-02    1.000000E-01    1.200000E+00    5.858586E+00   -6.680630E-11
    5.836100E-02    1.000000E-01    1.200000E+00    5.959596E+00   -8.071494E-12
    5.836100E-02    1.000000E-01    1.200000E+00    6.060606E+00   -1.260412E-12
    5.836100E-02    1.000000E-01    1.200000E+00    6.161616E+00   -5.561405E-13
    5.836100E-02    1.000000E-01    1.200000E+00    6.262626E+00   -2.990154E-13
    5.836100E-02    1.000000E-01    1.200000E+00    6.363636E+00   -4.189025E-14
    5.836100E-02    1.000000E-01    1.200000E+00    6.464646E+00   -6.128473E-16
    5.836100E-02    1.000000E-01    1.200000E+00    6.565657E+00   -4.793301E-16
    5.836100E-02    1.000000E-01    1.200000E+00    6.666667E+00   -3.458130E-16
    5.836100E-02    1.000000E-01    1.200000E+00    6.767677E+00   -2.122959E-16
    5.836100E-02    1.000000E-01    1.200000E+00    6.868687E+00   -7.877878E-17
    5.836100E-02    1.000000E-01    1.200000E+00    6.969697E+00   -1.494607E-22
    5.836100E-02    1.000000E-01    1.200000E+00    7.070707E+00   -1.291060E-22
    5.836100E-02    1.000000E-01    1.200000E+00    7.171717E+00   -1.087513E-22
    5.836100E-02    1.000000E-01    1.200000E+00    7.272727E+00   -8.839655E-23
    5.836100E-02    1.000000E-01    1.200000E+00    7.373737E+00   -6.804183E-23
    5.836100E-02    1.000000E-01    1.200000E+00    7.474747E+00   -4.768711E-23
    5.836100E-02    1.000000E-01    1.200000E+00    7.575758E+00   -2.733239E-23
    5.836100E-02    1.000000E-01    1.200000E+00    7.676768E+00   -6.977673E-24
    5.836100E-02    1.000000E-01    1.200000E+00    7.777778E+00   -5.882908E-33
    5.836100E-02    1.000000E-01    1.200000E+00    7.878788E+00   -6.316106E-33
    5.836100E-02    1.000000E-01    1.200000E+00    7.979798E+00   -6.749305E-33
    5.836100E-02    1.000000E-01    1.200000E+00    8.080808E+00   -7.182503E-33
    5.836100E-02    1.000000E-01    1.200000E+00    8.181818E+00   -7.615702E-33
    5.836100E-02    1.000000E-01    1.200000E+00    8.282828E+00   -8.048900E-33
    5.836100E-02    1.000000E-01    1.200000E+00    8.383838E+00   -8.482099E-33
    5.836100E-02    1.000000E-01    1.200000E+00    8.484848E+00   -8.915297E-33
    5.836100E-02    1.000000E-01    1.200000E+00    8.585859E+00   -9.348496E-33
    5.836100E-02    1.000000E-01    1.200000E+00    8.686869E+00   -9.781694E-33
    5.836100E-02    1.000000E-01    1.200000E+00    8.787879E+00   -1.036411E-32
    5.836100E-02    1.000000E-01    1.200000E+00    8.888889E+00   -1.102971E-32
    5.836100E-02    1.000000E-01    1.200000E+00    8.989899E+00   -1.169531E-32
    5.836100E-02    1.000000E-01    1.200000E+00    9.090909E+00   -1.236091E-32
    5.836100E-02    1.000000E-01    1.200000E+00    9.191919E+00   -1.302651E-32
    5.836100E-02    1.000000E-01    1.200000E+00    9.292929E+00   -1.369211E-32
    5.836100E-02    1.000000E-01    1.200000E+00    9.393939E+00   -1.435771E-32
    5.836100E-02    1.000000E-01    1.200000E+00    9.494949E+00   -1.502331E-32
    5.836100E-02    1.000000E-01    1.200000E+00    9.595960E+00   -1.568891E-32
    5.836100E-02    1.000000E-01    1.200000E+00    9.696970E+00   -1.635451E-32
    5.836100E-02    1.000000E-01    1.200000E+00    9.797980E+00   -1.702011E-32
    5.836100E-02    1.000000E-01    1.200000E+00    9.898990E+00   -1.768571E-32
    5.836100E-02    1.000000E-01    1.200000E+00    1.000000E+01   -1.849527E-32

    5.836100E-02    2.000000E-01    1.200000E+00    0.000000E+00    2.019306E+00
    5.836100E-02    2.000000E-01    1.200000E+00    1.010101E-01    2.012918E+00
    5.836100E-02    2.000000E-01    1.200000E+00    2.020202E-01    1.993767E+00
    5.836100E-02    2.000000E-01    1.200000E+00    3.030303E-01    1.962046E+00
    5.836100E-02    2.000000E-01    1.200000E+00    4.040404E-01    1.917598E+00
    5.836100E-02    2.000000E-01    1.200000E+00    5.050505E-01    1.860717E+00
    5.836100E-02    2.000000E-01    1.200000E+00    6.060606E-01    1.791265E+00
    5.836100E-02    2.000000E-01    1.200000E+00    7.070707E-01    1.709258E+00
    5.836100E-02    2.000000E-01    1.200000E+00    8.080808E-01    1.614577E+00
    5.836100E-02    2.000000E-01    1.200000E+00    9.090909E-01    1.507055E+00
    5.836100E-02    2.000000E-01    1.200000E+00    1.010101E+00    1.386557E+00
    5.836100E-02    2.000000E-01    1.200000E+00    1.111111E+00    1.253032E+00
    5.836100E-02    2.000000E-01    1.200000E+00    1.212121E+00    1.106646E+00
    5.836100E-02    2.000000E-01    1.200000E+00    1.313131E+00    9.478303E-01
    5.836100E-02    2.000000E-01    1.200000E+00    1.414141E+00    7.772754E-01
    5.836100E-02    2.000000E-01    1.200000E+00    1.515152E+00    5.958655E-01
    5.836100E-02    2.000000E-01    1.200000E+00    1.616162E+00    4.045996E-01
    5.836100E-02    2.000000E-01    1.200000E+00    1.717172E+00    2.048837E-01
    5.836100E-02    2.000000E-01    1.200000E+00    1.818182E+00   -1.108704E-03
    5.836100E-02    2.000000E-01    1.200000E+00    1.919192E+00   -2.096944E-01
    5.836100E-02    2.000000E-01    1.200000E+00    2.020202E+00   -4.156514E-01
    5.836100E-02    2.000000E-01    1.200000E+00    2.121212E+00   -6.129952E-01
    5.836100E-02    2.000000E-01    1.200000E+00    2.222222E+00   -7.925230E-01
    5.836100E-02    2.000000E-01    1.200000E+00    2.323232E+00   -9.443903E-01
    5.836100E-02    2.000000E-01    1.200000E+00    2.424242E+00   -1.063351E+00
    5.836100E-02    2.000000E-01    1.200000E+00    2.525253E+00   -1.145473E+00
    5.836100E-02    2.000000E-01    1.200000E+00    2.626263E+00   -1.190581E+00
    5.836100E-02    2.000000E-01    1.200000E+00    2.727273E+00   -1.195384E+00
    5.836100E-02    2.000000E-01    1.200000E+00    2.828283E+00   -1.171283E+00
    5.836100E-02    2.000000E-01    1.200000E+00    2.929293E+00   -1.114881E+00
    5.836100E-02    2.000000E-01    1.200000E+00    3.030303E+00   -1.028409E+00
    5.836100E-02    2.000000E-01    1.200000E+00    3.131313E+00   -9.122384E-01
    5.836100E-02    2.000000E-01    1.200000E+00    3.232323E+00   -7.764406E-01
    5.836100E-02    2.000000E-01    1.200000E+00    3.333333E+00   -6.329366E-01
    5.836100E-02    2.000000E-01    1.200000E+00    3.434343E+00   -4.944985E-01
    5.836100E-02    2.000000E-01    1.200000E+00    3.535354E+00   -3.662991E-01
    5.836100E-02    2.000000E-01    1.200000E+00    3.636364E+00   -2.655072E-01
    5.836100E-02    2.000000E-01    1.200000E+00    3.737374E+00   -1.837542E-01
    5.836100E-02    2.000000E-01    1.200000E+00    3.838384E+00   -1.176094E-01
    5.836100E-02    2.000000E-01    1.200000E+00    3.939394E+00   -7.797077E-02
    5.836100E-02    2.000000E-01    1.200000E+00    4.040404E+00   -4.410061E-02
    5.836100E-02    2.000000E-01    1.200000E+00    4.141414E+00   -2.756759E-02
    5.836100E-02    2.000000E-01    1.200000E+00    4.242424E+00   -1.404876E-02
    5.836100E-02    2.000000E-01    1.200000E+00    4.343434E+00   -7.977461E-03
    5.836100E-02    2.000000E-01    1.200000E+00    4.444444E+00   -3.627647E-03
    5.836100E-02    2.000000E-01    1.200000E+00    4.545455E+00   -1.846710E-03
    5.836100E-02    2.000000E-01    1.200000E+00    4.646465E+00   -7.464241E-04
    5.836100E-02    2.000000E-01    1.200000E+00    4.747475E+00   -3.301863E-04
    5.836100E-02    2.000000E-01    1.200000E+00    4.848485E+00   -1.207147E-04
    5.836100E-02    2.000000E-01    1.200000E+00    4.949495E+00   -4.239364E-05
    5.836100E-02    2.000000E-01    1.200000E+00    5.050505E+00   -1.511441E-05
    5.836100E-02    2.000000E-01    1.200000E+00    5.151515E+00   -3.028696E-06
    5.836100E-02    2.000000E-01    1.200000E+00    5.252525E+00   -1.399228E-06
    5.836100E-02    2.000000E-01    1.200000E+00    5.353535E+00   -2.710228E-07
    5.836100E-02    2.000000E-01    1.200000E+00    5.454545E+00   -7.172822E-08
    5.836100E-02    2.000000E-01    1.200000E+00    5.555556E+00   -1.720540E-08
    5.836100E-02    2.000000E-01    1.200000E+00    5.656566E+00   -2.810598E-09
    5.836100E-02    2.000000E-01    1.200000E+00    5.757576E+00   -4.297270E-10
    5.836100E-02    2.000000E-01    1.200000E+00    5.858586E+00   -6.655805E-11
    5.836100E-02    2.000000E-01    1.200000E+00    5.959596E+00   -8.041500E-12
    5.836100E-02    2.000000E-01    1.200000E+00    6.060606E+00   -1.255728E-12
    5.836100E-02    2.000000E-01    1.200000E+00    6.161616E+00   -5.540739E-13
    5.836100E-02    2.000000E-01    1.200000E+00    6.262626E+00   -2.979042E-13
    5.836100E-02    2.000000E-01    1.200000E+00    6.363636E+00   -4.173459E-14
    5.836100E-02    2.000000E-01    1.200000E+00    6.464646E+00   -6.105700E-16
    5.836100E-02    2.000000E-01    1.200000E+00    6.565657E+00   -4.775490E-16
    5.836100E-02    2.000000E-01    1.200000E+00    6.666667E+00   -3.445280E-16
    5.836100E-02    2.000000E-01    1.200000E+00    6.767677E+00   -2.115071E-16
    5.836100E-02    2.000000E-01    1.200000E+00    6.868687E+00   -7.848606E-17
    5.836100E-02    2.000000E-01    1.200000E+00    6.969697E+00   -1.489054E-22
    5.836100E-02    2.000000E-01    1.200000E+00    7.070707E+00   -1.286263E-22
    5.836100E-02    2.000000E-01    1.200000E+00    7.171717E+00   -1.083472E-22
    5.836100E-02    2.000000E-01    1.200000E+00    7.272727E+00   -8.806810E-23
    5.836100E-02    2.000000E-01    1.200000E+00    7.373737E+00   -6.778901E-23
    5.836100E-02    2.000000E-01    1.200000E+00    7.474747E+00   -4.750992E-23
    5.836100E-02    2.000000E-01    1.200000E+00    7.575758E+00   -2.723083E-23
    5.836100E-02    2.000000E-01    1.200000E+00    7.676768E+00   -6.951746E-24
    5.836100E-02    2.000000E-01    1.200000E+00    7.777778E+00   -5.861045E-33
    5.836100E-02    2.000000E-01    1.200000E+00    7.878788E+00   -6.292634E-33
    5.836100E-02    2.000000E-01    1.200000E+00    7.979798E+00   -6.724222E-33
    5.836100E-02    2.000000E-01    1.200000E+00    8.080808E+00   -7.155811E-33
    5.836100E-02    2.000000E-01    1.200000E+00    8.181818E+00   -7.587400E-33
    5.836100E-02    2.000000E-01    1.200000E+00    8.282828E+00   -8.018989E-33
    5.836100E-02    2.000000E-01    1.200000E+00    8.383838E+00   -8.450578E-33
    5.836100E-02    2.000000E-01    1.200000E+00    8.484848E+00   -8.882166E-33
    5.836100E-02    2.000000E-01    1.200000E+00    8.585859E+00   -9.313755E-33
    5.836100E-02    2.000000E-01    1.200000E+00    8.686869E+00   -9.745344E-33
    5.836100E-02    2.000000E-01    1.200000E+00    8.787879E+00   -1.032560E-32
    5.836100E-02    2.000000E-01    1.200000E+00    8.888889E+00   -1.098872E-32
    5.836100E-02    2.000000E-01    1.200000E+00    8.989899E+00   -1.165185E-32
    5.836100E-02    2.000000E-01    1.200000E+00    9.090909E+00   -1.231498E-32
    5.836100E-02    2.000000E-01    1.200000E+00    9.191919E+00   -1.297810E-32
    5.836100E-02    2.000000E-01    1.200000E+00    9.292929E+00   -1.364123E-32
    5.836100E-02    2.000000E-01    1.200000E+00    9.393939E+00   -1.430436E-32
    5.836100E-02    2.000000E-01    1.200000E+00    9.494949E+00   -1.496748E-32
    5.836100E-02    2.000000E-01    1.200000E+00    9.595960E+00   -1.563061E-32
    5.836100E-02    2.000000E-01    1.200000E+00    9.696970E+00   -1.629374E-32
    5.836100E-02    2.000000E-01    1.200000E+00    9.797980E+00   -1.695686E-32
    5.836100E-02    2.000000E-01    1.200000E+00    9.898990E+00   -1.761999E-32
    5.836100E-02    2.000000E-01    1.200000E+00    1.000000E+01   -1.842654E-32

    5.836100E-02    3.000000E-01    1.200000E+00    0.000000E+00    1.961954E+00
    5.836100E-02    3.000000E-01    1.200000E+00    1.010101E-01    1.955747E+00
    5.836100E-02    3.000000E-01    1.200000E+00    2.020202E-01    1.937138E+00
    5.836100E-02    3.000000E-01    1.200000E+00    3.030303E-01    1.906316E+00
    5.836100E-02    3.000000E-01    1.200000E+00    4.040404E-01    1.863126E+00
    5.836100E-02    3.000000E-01    1.200000E+00    5.050505E-01    1.807855E+00
    5.836100E-02    3.000000E-01    1.200000E+00    6.060606E-01    1.740369E+00
    5.836100E-02    3.000000E-01    1.200000E+00    7.070707E-01    1.660684E+00
    5.836100E-02    3.000000E-01    1.200000E+00    8.080808E-01    1.568685E+00
    5.836100E-02    3.000000E-01    1.200000E+00    9.090909E-01    1.464210E+00
    5.836100E-02    3.000000E-01    1.200000E+00    1.010101E+00    1.347127E+00
    5.836100E-02    3.000000E-01    1.200000E+00    1.111111E+00    1.217389E+00
    5.836100E-02    3.000000E-01    1.200000E+00    1.212121E+00    1.075157E+00
    5.836100E-02    3.000000E-01    1.200000E+00    1.313131E+00    9.208522E-01
    5.836100E-02    3.000000E-01    1.200000E+00    1.414141E+00    7.551447E-01
    5.836100E-02    3.000000E-01    1.200000E+00    1.515152E+00    5.788941E-01
    5.836100E-02    3.000000E-01    1.200000E+00    1.616162E+00    3.930709E-01
    5.836100E-02    3.000000E-01    1.200000E+00    1.717172E+00    1.990412E-01
    5.836100E-02    3.000000E-01    1.200000E+00    1.818182E+00   -1.083670E-03
    5.836100E-02    3.000000E-01    1.200000E+00    1.919192E+00   -2.037257E-01
    5.836100E-02    3.000000E-01    1.200000E+00    2.020202E+00   -4.038120E-01
    5.836100E-02    3.000000E-01    1.200000E+00    2.121212E+00   -5.955290E-01
    5.836100E-02    3.000000E-01    1.200000E+00    2.222222E+00   -7.699366E-01
    5.836100E-02    3.000000E-01    1.200000E+00    2.323232E+00   -9.174713E-01
    5.836100E-02    3.000000E-01    1.200000E+00    2.424242E+00   -1.033037E+00
    5.836100E-02    3.000000E-01    1.200000E+00    2.525253E+00   -1.112815E+00
    5.836100E-02    3.000000E-01    1.200000E+00    2.626263E+00   -1.156633E+00
    5.836100E-02    3.000000E-01    1.200000E+00    2.727273E+00   -1.161296E+00
    5.836100E-02    3.000000E-01    1.200000E+00    2.828283E+00   -1.137880E+00
    5.836100E-02    3.000000E-01    1.200000E+00    2.929293E+00   -1.083085E+00
    5.836100E-02    3.000000E-01    1.200000E+00    3.030303E+00   -9.990777E-01
    5.836100E-02    3.000000E-01    1.200000E+00    3.131313E+00   -8.862192E-01
    5.836100E-02    3.000000E-01    1.200000E+00    3.232323E+00   -7.542940E-01
    5.836100E-02    3.000000E-01    1.200000E+00    3.333333E+00   -6.148827E-01
    5.836100E-02    3.000000E-01    1.200000E+00    3.434343E+00   -4.803931E-01
    5.836100E-02    3.000000E-01    1.200000E+00    3.535354E+00   -3.558502E-01
    5.836100E-02    3.000000E-01    1.200000E+00    3.636364E+00   -2.579334E-01
    5.836100E-02    3.000000E-01    1.200000E+00    3.737374E+00   -1.785124E-01
    5.836100E-02    3.000000E-01    1.200000E+00    3.838384E+00   -1.142544E-01
    5.836100E-02    3.000000E-01    1.200000E+00    3.939394E+00   -7.574653E-02
    5.836100E-02    3.000000E-01    1.200000E+00    4.040404E+00   -4.284255E-02
    5.836100E-02    3.000000E-01    1.200000E+00    4.141414E+00   -2.678117E-02
    5.836100E-02    3.000000E-01    1.200000E+00    4.242424E+00   -1.364799E-02
    5.836100E-02    3.000000E-01    1.200000E+00    4.343434E+00   -7.749888E-03
    5.836100E-02    3.000000E-01    1.200000E+00    4.444444E+00   -3.524162E-03
    5.836100E-02    3.000000E-01    1.200000E+00    4.545455E+00   -1.794029E-03
    5.836100E-02    3.000000E-01    1.200000E+00    4.646465E+00   -7.251311E-04
    5.836100E-02    3.000000E-01    1.200000E+00    4.747475E+00   -3.207673E-04
    5.836100E-02    3.000000E-01    1.200000E+00    4.848485E+00   -1.172711E-04
    5.836100E-02    3.000000E-01    1.200000E+00    4.949495E+00   -4.118431E-05
    5.836100E-02    3.000000E-01    1.200000E+00    5.050505E+00   -1.468326E-05
    5.836100E-02    3.000000E-01    1.200000E+00    5.151515E+00   -2.942300E-06
    5.836100E-02    3.000000E-01    1.200000E+00    5.252525E+00   -1.359314E-06
    5.836100E-02    3.000000E-01    1.200000E+00    5.353535E+00   -2.632919E-07
    5.836100E-02    3.000000E-01    1.200000E+00    5.454545E+00   -6.968217E-08
    5.836100E-02    3.000000E-01    1.200000E+00    5.555556E+00   -1.671462E-08
    5.836100E-02    3.000000E-01    1.200000E+00    5.656566E+00   -2.730427E-09
    5.836100E-02    3.000000E-01    1.200000E+00    5.757576E+00   -4.174694E-10
    5.836100E-02    3.000000E-01    1.200000E+00    5.858586E+00   -6.465955E-11
    5.836100E-02    3.000000E-01    1.200000E+00    5.959596E+00   -7.812127E-12
    5.836100E-02    3.000000E-01    1.200000E+00    6.060606E+00   -1.219911E-12
    5.836100E-02    3.000000E-01    1.200000E+00    6.161616E+00   -5.382698E-13
    5.836100E-02    3.000000E-01    1.200000E+00    6.262626E+00   -2.894070E-13
    5.836100E-02    3.000000E-01    1.200000E+00    6.363636E+00   -4.054418E-14
    5.836100E-02    3.000000E-01    1.200000E+00    6.464646E+00   -5.931550E-16
    5.836100E-02    3.000000E-01    1.200000E+00    6.565657E+00   -4.639281E-16
    5.836100E-02    3.000000E-01    1.200000E+00    6.666667E+00   -3.347012E-16
    5.836100E-02    3.000000E-01    1.200000E+00    6.767677E+00   -2.054743E-16
    5.836100E-02    3.000000E-01    1.200000E+00    6.868687E+00   -7.624742E-17
    5.836100E-02    3.000000E-01    1.200000E+00    6.969697E+00   -1.446584E-22
    5.836100E-02    3.000000E-01    1.200000E+00    7.070707E+00   -1.249577E-22
    5.836100E-02    3.000000E-01    1.200000E+00    7.171717E+00   -1.052570E-22
    5.836100E-02    3.000000E-01    1.200000E+00    7.272727E+00   -8.555626E-23
    5.836100E-02    3.000000E-01    1.200000E+00    7.373737E+00   -6.585557E-23
    5.836100E-02    3.000000E-01    1.200000E+00    7.474747E+00   -4.615487E-23
    5.836100E-02    3.000000E-01    1.200000E+00    7.575758E+00   -2.645417E-23
    5.836100E-02    3.000000E-01    1.200000E+00    7.676768E+00   -6.753472E-24
    5.836100E-02    3.000000E-01    1.200000E+00    7.777778E+00   -5.693849E-33
    5.836100E-02    3.000000E-01    1.200000E+00    7.878788E+00   -6.113128E-33
    5.836100E-02    3.000000E-01    1.200000E+00    7.979798E+00   -6.532407E-33
    5.836100E-02    3.000000E-01    1.200000E+00    8.080808E+00   -6.951686E-33
    5.836100E-02    3.000000E-01    1.200000E+00    8.181818E+00   -7.370964E-33
    5.836100E-02    3.000000E-01    1.200000E+00    8.282828E+00   -7.790243E-33
    5.836100E-02    3.000000E-01    1.200000E+00    8.383838E+00   -8.209522E-33
    5.836100E-02    3.000000E-01    1.200000E+00    8.484848E+00   -8.628801E-33
    5.836100E-02    3.000000E-01    1.200000E+00    8.585859E+00   -9.048079E-33
    5.836100E-02    3.000000E-01    1.200000E+00    8.686869E+00   -9.467358E-33
    5.836100E-02    3.000000E-01    1.200000E+00    8.787879E+00   -1.003106E-32
    5.836100E-02    3.000000E-01    1.200000E+00    8.888889E+00   -1.067527E-32
    5.836100E-02    3.000000E-01    1.200000E+00    8.989899E+00   -1.131949E-32
    5.836100E-02    3.000000E-01    1.200000E+00    9.090909E+00   -1.196370E-32
    5.836100E-02    3.000000E-01    1.200000E+00    9.191919E+00   -1.260791E-32
    5.836100E-02    3.000000E-01    1.200000E+00    9.292929E+00   -1.325213E-32
    5.836100E-02    3.000000E-01    1.200000E+00    9.393939E+00   -1.389634E-32
    5.836100E-02    3.000000E-01    1.200000E+00    9.494949E+00   -1.454055E-32
    5.836100E-02    3.000000E-01    1.200000E+00    9.595960E+00   -1.518477E-32
    5.836100E-02    3.000000E-01    1.200000E+00    9.696970E+00   -1.582898E-32
    5.836100E-02    3.000000E-01    1.200000E+00    9.797980E+00   -1.647319E-32
    5.836100E-02    3.000000E-01    1.200000E+00    9.898990E+00   -1.711741E-32
    5.836100E-02    3.000000E-01    1.200000E+00    1.000000E+01   -1.790095E-32

    5.836100E-02    4.000000E-01    1.200000E+00    0.000000E+00    1.807054E+00
    5.836100E-02    4.000000E-01    1.200000E+00    1.010101E-01    1.801336E+00
    5.836100E-02    4.000000E-01    1.200000E+00    2.020202E-01    1.784192E+00
    5.836100E-02    4.000000E-01    1.200000E+00    3.030303E-01    1.755796E+00
    5.836100E-02    4.000000E-01    1.200000E+00    4.040404E-01    1.716006E+00
    5.836100E-02    4.000000E-01    1.200000E+00    5.050505E-01    1.665087E+00
    5.836100E-02    4.000000E-01    1.200000E+00    6.060606E-01    1.602914E+00
    5.836100E-02    4.000000E-01    1.200000E+00    7.070707E-01    1.529505E+00
    5.836100E-02    4.000000E-01    1.200000E+00    8.080808E-01    1.444751E+00
    5.836100E-02    4.000000E-01    1.200000E+00    9.090909E-01    1.348507E+00
    5.836100E-02    4.000000E-01    1.200000E+00    1.010101E+00    1.240652E+00
    5.836100E-02    4.000000E-01    1.200000E+00    1.111111E+00    1.121144E+00
    5.836100E-02    4.000000E-01    1.200000E+00    1.212121E+00    9.901348E-01
    5.836100E-02    4.000000E-01    1.200000E+00    1.313131E+00    8.480120E-01
    5.836100E-02    4.000000E-01    1.200000E+00    1.414141E+00    6.953953E-01
    5.836100E-02    4.000000E-01    1.200000E+00    1.515152E+00    5.330763E-01
    5.836100E-02    4.000000E-01    1.200000E+00    1.616162E+00    3.619491E-01
    5.836100E-02    4.000000E-01    1.200000E+00    1.717172E+00    1.832712E-01
    5.836100E-02    4.000000E-01    1.200000E+00    1.818182E+00   -1.013171E-03
    5.836100E-02    4.000000E-01    1.200000E+00    1.919192E+00   -1.876103E-01
    5.836100E-02    4.000000E-01    1.200000E+00    2.020202E+00   -3.718491E-01
    5.836100E-02    4.000000E-01    1.200000E+00    2.121212E+00   -5.483779E-01
    5.836100E-02    4.000000E-01    1.200000E+00    2.222222E+00   -7.089651E-01
    5.836100E-02    4.000000E-01    1.200000E+00    2.323232E+00   -8.448060E-01
    5.836100E-02    4.000000E-01    1.200000E+00    2.424242E+00   -9.512090E-01
    5.836100E-02    4.000000E-01    1.200000E+00    2.525253E+00   -1.024659E+00
    5.836100E-02    4.000000E-01    1.200000E+00    2.626263E+00   -1.064999E+00
    5.836100E-02    4.000000E-01    1.200000E+00    2.727273E+00   -1.069286E+00
    5.836100E-02    4.000000E-01    1.200000E+00    2.828283E+00   -1.047720E+00
    5.836100E-02    4.000000E-01    1.200000E+00    2.929293E+00   -9.972613E-01
    5.836100E-02    4.000000E-01    1.200000E+00    3.030303E+00   -9.199076E-01
    5.836100E-02    4.000000E-01    1.200000E+00    3.131313E+00   -8.159900E-01
    5.836100E-02    4.000000E-01    1.200000E+00    3.232323E+00   -6.945175E-01
    5.836100E-02    4.000000E-01    1.200000E+00    3.333333E+00   -5.661531E-01
    5.836100E-02    4.000000E-01    1.200000E+00    3.434343E+00   -4.423210E-01
    5.836100E-02    4.000000E-01    1.200000E+00    3.535354E+00   -3.276479E-01
    5.836100E-02    4.000000E-01    1.200000E+00    3.636364E+00   -2.374910E-01
    5.836100E-02    4.000000E-01    1.200000E+00    3.737374E+00   -1.643643E-01
    5.836100E-02    4.000000E-01    1.200000E+00    3.838384E+00   -1.051990E-01
    5.836100E-02    4.000000E-01    1.200000E+00    3.939394E+00   -6.974311E-02
    5.836100E-02    4.000000E-01    1.200000E+00    4.040404E+00   -3.944697E-02
    5.836100E-02    4.000000E-01    1.200000E+00    4.141414E+00   -2.465857E-02
    5.836100E-02    4.000000E-01    1.200000E+00    4.242424E+00   -1.256629E-02
    5.836100E-02    4.000000E-01    1.200000E+00    4.343434E+00   -7.135652E-03
    5.836100E-02    4.000000E-01    1.200000E+00    4.444444E+00   -3.244847E-03
    5.836100E-02    4.000000E-01    1.200000E+00    4.545455E+00   -1.651840E-03
    5.836100E-02    4.000000E-01    1.200000E+00    4.646465E+00   -6.676597E-04
    5.836100E-02    4.000000E-01    1.200000E+00    4.747475E+00   -2.953444E-04
    5.836100E-02    4.000000E-01    1.200000E+00    4.848485E+00   -1.079767E-04
    5.836100E-02    4.000000E-01    1.200000E+00    4.949495E+00   -3.792023E-05
    5.836100E-02    4.000000E-01    1.200000E+00    5.050505E+00   -1.351954E-05
    5.836100E-02    4.000000E-01    1.200000E+00    5.151515E+00   -2.709112E-06
    5.836100E-02    4.000000E-01    1.200000E+00    5.252525E+00   -1.251583E-06
    5.836100E-02    4.000000E-01    1.200000E+00    5.353535E+00   -2.424252E-07
    5.836100E-02    4.000000E-01    1.200000E+00    5.454545E+00   -6.415968E-08
    5.836100E-02    4.000000E-01    1.200000E+00    5.555556E+00   -1.538996E-08
    5.836100E-02    4.000000E-01    1.200000E+00    5.656566E+00   -2.514038E-09
    5.836100E-02    4.000000E-01    1.200000E+00    5.757576E+00   -3.843847E-10
    5.836100E-02    4.000000E-01    1.200000E+00    5.858586E+00   -5.953529E-11
    5.836100E-02    4.000000E-01    1.200000E+00    5.959596E+00   -7.193023E-12
    5.836100E-02    4.000000E-01    1.200000E+00    6.060606E+00   -1.123234E-12
    5.836100E-02    4.000000E-01    1.200000E+00    6.161616E+00   -4.956128E-13
    5.836100E-02    4.000000E-01    1.200000E+00    6.262626E+00   -2.664719E-13
    5.836100E-02    4.000000E-01    1.200000E+00    6.363636E+00   -3.733112E-14
    5.836100E-02    4.000000E-01    1.200000E+00    6.464646E+00   -5.461494E-16
    5.836100E-02    4.000000E-01    1.200000E+00    6.565657E+00   -4.271633E-16
    5.836100E-02    4.000000E-01    1.200000E+00    6.666667E+00   -3.081772E-16
    5.836100E-02    4.000000E-01    1.200000E+00    6.767677E+00   -1.891911E-16
    5.836100E-02    4.000000E-01    1.200000E+00    6.868687E+00   -7.020506E-17
    5.836100E-02    4.000000E-01    1.200000E+00    6.969697E+00   -1.331951E-22
    5.836100E-02    4.000000E-01    1.200000E+00    7.070707E+00   -1.150555E-22
    5.836100E-02    4.000000E-01    1.200000E+00    7.171717E+00   -9.691599E-23
    5.836100E-02    4.000000E-01    1.200000E+00    7.272727E+00   -7.877645E-23
    5.836100E-02    4.000000E-01    1.200000E+00    7.373737E+00   -6.063691E-23
    5.836100E-02    4.000000E-01    1.200000E+00    7.474747E+00   -4.249737E-23
    5.836100E-02    4.000000E-01    1.200000E+00    7.575758E+00   -2.435784E-23
    5.836100E-02    4.000000E-01    1.200000E+00    7.676768E+00   -6.218300E-24
    5.836100E-02    4.000000E-01    1.200000E+00    7.777778E+00   -5.242576E-33
    5.836100E-02    4.000000E-01    1.200000E+00    7.878788E+00   -5.628629E-33
    5.836100E-02    4.000000E-01    1.200000E+00    7.979798E+00   -6.014681E-33
    5.836100E-02    4.000000E-01    1.200000E+00    8.080808E+00   -6.400733E-33
    5.836100E-02    4.000000E-01    1.200000E+00    8.181818E+00   -6.786786E-33
    5.836100E-02    4.000000E-01    1.200000E+00    8.282828E+00   -7.172838E-33
    5.836100E-02    4.000000E-01    1.200000E+00    8.383838E+00   -7.558890E-33
    5.836100E-02    4.000000E-01    1.200000E+00    8.484848E+00   -7.944943E-33
    5.836100E-02    4.000000E-01    1.200000E+00    8.585859E+00   -8.330995E-33
    5.836100E-02    4.000000E-01    1.200000E+00    8.686869E+00   -8.717047E-33
    5.836100E-02    4.000000E-01    1.200000E+00    8.787879E+00   -9.236079E-33
    5.836100E-02    4.000000E-01    1.200000E+00    8.888889E+00   -9.829242E-33
    5.836100E-02    4.000000E-01    1.200000E+00    8.989899E+00   -1.042241E-32
    5.836100E-02    4.000000E-01    1.200000E+00    9.090909E+00   -1.101557E-32
    5.836100E-02    4.000000E-01    1.200000E+00    9.191919E+00   -1.160873E-32
    5.836100E-02    4.000000E-01    1.200000E+00    9.292929E+00   -1.220189E-32
    5.836100E-02    4.000000E-01    1.200000E+00    9.393939E+00   -1.279506E-32
    5.836100E-02    4.000000E-01    1.200000E+00    9.494949E+00   -1.338822E-32
    5.836100E-02    4.000000E-01    1.200000E+00    9.595960E+00   -1.398138E-32
    5.836100E-02    4.000000E-01    1.200000E+00    9.696970E+00   -1.457455E-32
    5.836100E-02    4.000000E-01    1.200000E+00    9.797980E+00   -1.516771E-32
    5.836100E-02    4.000000E-01    1.200000E+00    9.898990E+00   -1.576087E-32
    5.836100E-02    4.000000E-01    1.200000E+00    1.000000E+01   -1.648233E-32

    5.836100E-02    5.000000E-01    1.200000E+00    0.000000E+00    1.501626E+00
    5.836100E-02    5.000000E-01    1.200000E+00    1.010101E-01    1.496872E+00
    5.836100E-02    5.000000E-01    1.200000E+00    2.020202E-01    1.482620E+00
    5.836100E-02    5.000000E-01    1.200000E+00    3.030303E-01    1.459013E+00
    5.836100E-02    5.000000E-01    1.200000E+00    4.040404E-01    1.425934E+00
    5.836100E-02    5.000000E-01    1.200000E+00    5.050505E-01    1.383604E+00
    5.836100E-02    5.000000E-01    1.200000E+00    6.060606E-01    1.331919E+00
    5.836100E-02    5.000000E-01    1.200000E+00    7.070707E-01    1.270894E+00
    5.836100E-02    5.000000E-01    1.200000E+00    8.080808E-01    1.200440E+00
    5.836100E-02    5.000000E-01    1.200000E+00    9.090909E-01    1.120438E+00
    5.836100E-02    5.000000E-01    1.200000E+00    1.010101E+00    1.030789E+00
    5.836100E-02    5.000000E-01    1.200000E+00    1.111111E+00    9.314621E-01
    5.836100E-02    5.000000E-01    1.200000E+00    1.212121E+00    8.225850E-01
    5.836100E-02    5.000000E-01    1.200000E+00    1.313131E+00    7.044834E-01
    5.836100E-02    5.000000E-01    1.200000E+00    1.414141E+00    5.776732E-01
    5.836100E-02    5.000000E-01    1.200000E+00    1.515152E+00    4.428130E-01
    5.836100E-02    5.000000E-01    1.200000E+00    1.616162E+00    3.006455E-01
    5.836100E-02    5.000000E-01    1.200000E+00    1.717172E+00    1.522152E-01
    5.836100E-02    5.000000E-01    1.200000E+00    1.818182E+00   -8.633994E-04
    5.836100E-02    5.000000E-01    1.200000E+00    1.919192E+00   -1.558556E-01
    5.836100E-02    5.000000E-01    1.200000E+00    2.020202E+00   -3.088817E-01
    5.836100E-02    5.000000E-01    1.200000E+00    2.121212E+00   -4.554987E-01
    5.836100E-02    5.000000E-01    1.200000E+00    2.222222E+00   -5.888706E-01
    5.836100E-02    5.000000E-01    1.200000E+00    2.323232E+00   -7.016856E-01
    5.836100E-02    5.000000E-01    1.200000E+00    2.424242E+00   -7.900489E-01
    5.836100E-02    5.000000E-01    1.200000E+00    2.525253E+00   -8.510423E-01
    5.836100E-02    5.000000E-01    1.200000E+00    2.626263E+00   -8.845359E-01
    5.836100E-02    5.000000E-01    1.200000E+00    2.727273E+00   -8.880874E-01
    5.836100E-02    5.000000E-01    1.200000E+00    2.828283E+00   -8.701674E-01
    5.836100E-02    5.000000E-01    1.200000E+00    2.929293E+00   -8.282538E-01
    5.836100E-02    5.000000E-01    1.200000E+00    3.030303E+00   -7.640043E-01
    5.836100E-02    5.000000E-01    1.200000E+00    3.131313E+00   -6.776948E-01
    5.836100E-02    5.000000E-01    1.200000E+00    3.232323E+00   -5.768072E-01
    5.836100E-02    5.000000E-01    1.200000E+00    3.333333E+00   -4.701970E-01
    5.836100E-02    5.000000E-01    1.200000E+00    3.434343E+00   -3.673518E-01
    5.836100E-02    5.000000E-01    1.200000E+00    3.535354E+00   -2.721138E-01
    5.836100E-02    5.000000E-01    1.200000E+00    3.636364E+00   -1.972376E-01
    5.836100E-02    5.000000E-01    1.200000E+00    3.737374E+00   -1.365052E-01
    5.836100E-02    5.000000E-01    1.200000E+00    3.838384E+00   -8.736807E-02
    5.836100E-02    5.000000E-01    1.200000E+00    3.939394E+00   -5.792179E-02
    5.836100E-02    5.000000E-01    1.200000E+00    4.040404E+00   -3.276075E-02
    5.836100E-02    5.000000E-01    1.200000E+00    4.141414E+00   -2.047897E-02
    5.836100E-02    5.000000E-01    1.200000E+00    4.242424E+00   -1.043631E-02
    5.836100E-02    5.000000E-01    1.200000E+00    4.343434E+00   -5.926165E-03
    5.836100E-02    5.000000E-01    1.200000E+00    4.444444E+00   -2.694849E-03
    5.836100E-02    5.000000E-01    1.200000E+00    4.545455E+00   -1.371855E-03
    5.836100E-02    5.000000E-01    1.200000E+00    4.646465E+00   -5.544927E-04
    5.836100E-02    5.000000E-01    1.200000E+00    4.747475E+00   -2.452843E-04
    5.836100E-02    5.000000E-01    1.200000E+00    4.848485E+00   -8.967502E-05
    5.836100E-02    5.000000E-01    1.200000E+00    4.949495E+00   -3.149290E-05
    5.836100E-02    5.000000E-01    1.200000E+00    5.050505E+00   -1.122804E-05
    5.836100E-02    5.000000E-01    1.200000E+00    5.151515E+00   -2.249934E-06
    5.836100E-02    5.000000E-01    1.200000E+00    5.252525E+00   -1.039448E-06
    5.836100E-02    5.000000E-01    1.200000E+00    5.353535E+00   -2.013360E-07
    5.836100E-02    5.000000E-01    1.200000E+00    5.454545E+00   -5.328515E-08
    5.836100E-02    5.000000E-01    1.200000E+00    5.555556E+00   -1.278150E-08
    5.836100E-02    5.000000E-01    1.200000E+00    5.656566E+00   -2.087935E-09
    5.836100E-02    5.000000E-01    1.200000E+00    5.757576E+00   -3.192360E-10
    5.836100E-02    5.000000E-01    1.200000E+00    5.858586E+00   -4.944481E-11
    5.836100E-02    5.000000E-01    1.200000E+00    5.959596E+00   -5.973904E-12
    5.836100E-02    5.000000E-01    1.200000E+00    6.060606E+00   -9.328623E-13
    5.836100E-02    5.000000E-01    1.200000E+00    6.161616E+00   -4.116137E-13
    5.836100E-02    5.000000E-01    1.200000E+00    6.262626E+00   -2.213089E-13
    5.836100E-02    5.000000E-01    1.200000E+00    6.363636E+00   -3.100404E-14
    5.836100E-02    5.000000E-01    1.200000E+00    6.464646E+00   -4.535866E-16
    5.836100E-02    5.000000E-01    1.200000E+00    6.565657E+00   -3.547666E-16
    5.836100E-02    5.000000E-01    1.200000E+00    6.666667E+00   -2.559465E-16
    5.836100E-02    5.000000E-01    1.200000E+00    6.767677E+00   -1.571265E-16
    5.836100E-02    5.000000E-01    1.200000E+00    6.868687E+00   -5.830653E-17
    5.836100E-02    5.000000E-01    1.200000E+00    6.969697E+00   -1.106214E-22
    5.836100E-02    5.000000E-01    1.200000E+00    7.070707E+00   -9.555612E-23
    5.836100E-02    5.000000E-01    1.200000E+00    7.171717E+00   -8.049084E-23
    5.836100E-02    5.000000E-01    1.200000E+00    7.272727E+00   -6.542556E-23
    5.836100E-02    5.000000E-01    1.200000E+00    7.373737E+00   -5.036028E-23
    5.836100E-02    5.000000E-01    1.200000E+00    7.474747E+00   -3.529500E-23
    5.836100E-02    5.000000E-01    1.200000E+00    7.575758E+00   -2.022972E-23
    5.836100E-02    5.000000E-01    1.200000E+00    7.676768E+00   -5.164434E-24
    5.836100E-02    5.000000E-01    1.200000E+00    7.777778E+00   -4.353972E-33
    5.836100E-02    5.000000E-01    1.200000E+00    7.878788E+00   -4.674596E-33
    5.836100E-02    5.000000E-01    1.200000E+00    7.979798E+00   -4.995219E-33
    5.836100E-02    5.000000E-01    1.200000E+00    8.080808E+00   -5.315842E-33
    5.836100E-02    5.000000E-01    1.200000E+00    8.181818E+00   -5.636466E-33
    5.836100E-02    5.000000E-01    1.200000E+00    8.282828E+00   -5.957089E-33
    5.836100E-02    5.000000E-01    1.200000E+00    8.383838E+00   -6.277712E-33
    5.836100E-02    5.000000E-01    1.200000E+00    8.484848E+00   -6.598335E-33
    5.836100E-02    5.000000E-01    1.200000E+00    8.585859E+00   -6.918959E-33
    5.836100E-02    5.000000E-01    1.200000E+00    8.686869E+00   -7.239582E-33
    5.836100E-02    5.000000E-01    1.200000E+00    8.787879E+00   -7.670648E-33
    5.836100E-02    5.000000E-01    1.200000E+00    8.888889E+00   -8.163283E-33
    5.836100E-02    5.000000E-01    1.200000E+00    8.989899E+00   -8.655918E-33
    5.836100E-02    5.000000E-01    1.200000E+00    9.090909E+00   -9.148553E-33
    5.836100E-02    5.000000E-01    1.200000E+00    9.191919E+00   -9.641188E-33
    5.836100E-02    5.000000E-01    1.200000E+00    9.292929E+00   -1.013382E-32
    5.836100E-02    5.000000E-01    1.200000E+00    9.393939E+00   -1.062646E-32
    5.836100E-02    5.000000E-01    1.200000E+00    9.494949E+00   -1.111909E-32
    5.836100E-02    5.000000E-01    1.200000E+00    9.595960E+00   -1.161173E-32
    5.836100E-02    5.000000E-01    1.200000E+00    9.696970E+00   -1.210436E-32
    5.836100E-02    5.000000E-01    1.200000E+00    9.797980E+00   -1.259700E-32
    5.836100E-02    5.000000E-01    1.200000E+00    9.898990E+00   -1.308963E-32
    5.836100E-02    5.000000E-01    1.200000E+00    1.000000E+01   -1.368882E-32

    5.836100E-02    6.000000E-01    1.200000E+00    0.000000E+00    8.871559E-01
    5.836100E-02    6.000000E-01    1.200000E+00    1.010101E-01    8.843453E-01
    5.836100E-02    6.000000E-01    1.200000E+00    2.020202E-01    8.759199E-01
    5.836100E-02    6.000000E-01    1.200000E+00    3.030303E-01    8.619643E-01
    5.836100E-02    6.000000E-01    1.200000E+00    4.040404E-01    8.424096E-01
    5.836100E-02    6.000000E-01    1.200000E+00    5.050505E-01    8.173858E-01
    5.836100E-02    6.000000E-01    1.200000E+00    6.060606E-01    7.868325E-01
    5.836100E-02    6.000000E-01    1.200000E+00    7.070707E-01    7.507587E-01
    5.836100E-02    6.000000E-01    1.200000E+00    8.080808E-01    7.091133E-01
    5.836100E-02    6.000000E-01    1.200000E+00    9.090909E-01    6.618264E-01
    5.836100E-02    6.000000E-01    1.200000E+00    1.010101E+00    6.088423E-01
    5.836100E-02    6.000000E-01    1.200000E+00    1.111111E+00    5.501446E-01
    5.836100E-02    6.000000E-01    1.200000E+00    1.212121E+00    4.858112E-01
    5.836100E-02    6.000000E-01    1.200000E+00    1.313131E+00    4.160367E-01
    5.836100E-02    6.000000E-01    1.200000E+00    1.414141E+00    3.411274E-01
    5.836100E-02    6.000000E-01    1.200000E+00    1.515152E+00    2.614727E-01
    5.836100E-02    6.000000E-01    1.200000E+00    1.616162E+00    1.775113E-01
    5.836100E-02    6.000000E-01    1.200000E+00    1.717172E+00    8.985998E-02
    5.836100E-02    6.000000E-01    1.200000E+00    1.818182E+00   -5.283810E-04
    5.836100E-02    6.000000E-01    1.200000E+00    1.919192E+00   -9.204017E-02
    5.836100E-02    6.000000E-01    1.200000E+00    2.020202E+00   -1.823851E-01
    5.836100E-02    6.000000E-01    1.200000E+00    2.121212E+00   -2.689416E-01
    5.836100E-02    6.000000E-01    1.200000E+00    2.222222E+00   -3.476744E-01
    5.836100E-02    6.000000E-01    1.200000E+00    2.323232E+00   -4.142684E-01
    5.836100E-02    6.000000E-01    1.200000E+00    2.424242E+00   -4.664255E-01
    5.836100E-02    6.000000E-01    1.200000E+00    2.525253E+00   -5.024239E-01
    5.836100E-02    6.000000E-01    1.200000E+00    2.626263E+00   -5.221878E-01
    5.836100E-02    6.000000E-01    1.200000E+00    2.727273E+00   -5.242764E-01
    5.836100E-02    6.000000E-01    1.200000E+00    2.828283E+00   -5.136906E-01
    5.836100E-02    6.000000E-01    1.200000E+00    2.929293E+00   -4.889420E-01
    5.836100E-02    6.000000E-01    1.200000E+00    3.030303E+00   -4.510095E-01
    5.836100E-02    6.000000E-01    1.200000E+00    3.131313E+00   -4.000559E-01
    5.836100E-02    6.000000E-01    1.200000E+00    3.232323E+00   -3.404979E-01
    5.836100E-02    6.000000E-01    1.200000E+00    3.333333E+00   -2.775628E-01
    5.836100E-02    6.000000E-01    1.200000E+00    3.434343E+00   -2.168511E-01
    5.836100E-02    6.000000E-01    1.200000E+00    3.535354E+00   -1.606306E-01
    5.836100E-02    6.000000E-01    1.200000E+00    3.636364E+00   -1.164303E-01
    5.836100E-02    6.000000E-01    1.200000E+00    3.737374E+00   -8.057949E-02
    5.836100E-02    6.000000E-01    1.200000E+00    3.838384E+00   -5.157355E-02
    5.836100E-02    6.000000E-01    1.200000E+00    3.939394E+00   -3.419131E-02
    5.836100E-02    6.000000E-01    1.200000E+00    4.040404E+00   -1.933869E-02
    5.836100E-02    6.000000E-01    1.200000E+00    4.141414E+00   -1.208874E-02
    5.836100E-02    6.000000E-01    1.200000E+00    4.242424E+00   -6.160555E-03
    5.836100E-02    6.000000E-01    1.200000E+00    4.343434E+00   -3.498217E-03
    5.836100E-02    6.000000E-01    1.200000E+00    4.444444E+00   -1.590771E-03
    5.836100E-02    6.000000E-01    1.200000E+00    4.545455E+00   -8.098074E-04
    5.836100E-02    6.000000E-01    1.200000E+00    4.646465E+00   -3.273178E-04
    5.836100E-02    6.000000E-01    1.200000E+00    4.747475E+00   -1.447918E-04
    5.836100E-02    6.000000E-01    1.200000E+00    4.848485E+00   -5.293542E-05
    5.836100E-02    6.000000E-01    1.200000E+00    4.949495E+00   -1.859037E-05
    5.836100E-02    6.000000E-01    1.200000E+00    5.050505E+00   -6.627962E-06
    5.836100E-02    6.000000E-01    1.200000E+00    5.151515E+00   -1.328149E-06
    5.836100E-02    6.000000E-01    1.200000E+00    5.252525E+00   -6.135924E-07
    5.836100E-02    6.000000E-01    1.200000E+00    5.353535E+00   -1.188501E-07
    5.836100E-02    6.000000E-01    1.200000E+00    5.454545E+00   -3.145466E-08
    5.836100E-02    6.000000E-01    1.200000E+00    5.555556E+00   -7.545037E-09
    5.836100E-02    6.000000E-01    1.200000E+00    5.656566E+00   -1.232530E-09
    5.836100E-02    6.000000E-01    1.200000E+00    5.757576E+00   -1.884487E-10
    5.836100E-02    6.000000E-01    1.200000E+00    5.858586E+00   -2.918789E-11
    5.836100E-02    6.000000E-01    1.200000E+00    5.959596E+00   -3.526477E-12
    5.836100E-02    6.000000E-01    1.200000E+00    6.060606E+00   -5.506820E-13
    5.836100E-02    6.000000E-01    1.200000E+00    6.161616E+00   -2.429816E-13
    5.836100E-02    6.000000E-01    1.200000E+00    6.262626E+00   -1.306419E-13
    5.836100E-02    6.000000E-01    1.200000E+00    6.363636E+00   -1.830215E-14
    5.836100E-02    6.000000E-01    1.200000E+00    6.464646E+00   -2.677601E-16
    5.836100E-02    6.000000E-01    1.200000E+00    6.565657E+00   -2.094249E-16
    5.836100E-02    6.000000E-01    1.200000E+00    6.666667E+00   -1.510897E-16
    5.836100E-02    6.000000E-01    1.200000E+00    6.767677E+00   -9.275455E-17
    5.836100E-02    6.000000E-01    1.200000E+00    6.868687E+00   -3.441937E-17
    5.836100E-02    6.000000E-01    1.200000E+00    6.969697E+00   -6.530226E-23
    5.836100E-02    6.000000E-01    1.200000E+00    7.070707E+00   -5.640889E-23
    5.836100E-02    6.000000E-01    1.200000E+00    7.171717E+00   -4.751552E-23
    5.836100E-02    6.000000E-01    1.200000E+00    7.272727E+00   -3.862215E-23
    5.836100E-02    6.000000E-01    1.200000E+00    7.373737E+00   -2.972879E-23
    5.836100E-02    6.000000E-01    1.200000E+00    7.474747E+00   -2.083542E-23
    5.836100E-02    6.000000E-01    1.200000E+00    7.575758E+00   -1.194205E-23
    5.836100E-02    6.000000E-01    1.200000E+00    7.676768E+00   -3.048679E-24
    5.836100E-02    6.000000E-01    1.200000E+00    7.777778E+00   -2.570159E-33
    5.836100E-02    6.000000E-01    1.200000E+00    7.878788E+00   -2.759428E-33
    5.836100E-02    6.000000E-01    1.200000E+00    7.979798E+00   -2.948698E-33
    5.836100E-02    6.000000E-01    1.200000E+00    8.080808E+00   -3.137967E-33
    5.836100E-02    6.000000E-01    1.200000E+00    8.181818E+00   -3.327237E-33
    5.836100E-02    6.000000E-01    1.200000E+00    8.282828E+00   -3.516507E-33
    5.836100E-02    6.000000E-01    1.200000E+00    8.383838E+00   -3.705776E-33
    5.836100E-02    6.000000E-01    1.200000E+00    8.484848E+00   -3.895046E-33
    5.836100E-02    6.000000E-01    1.200000E+00    8.585859E+00   -4.084315E-33
    5.836100E-02    6.000000E-01    1.200000E+00    8.686869E+00   -4.273585E-33
    5.836100E-02    6.000000E-01    1.200000E+00    8.787879E+00   -4.528052E-33
    5.836100E-02    6.000000E-01    1.200000E+00    8.888889E+00   -4.818866E-33
    5.836100E-02    6.000000E-01    1.200000E+00    8.989899E+00   -5.109679E-33
    5.836100E-02    6.000000E-01    1.200000E+00    9.090909E+00   -5.400492E-33
    5.836100E-02    6.000000E-01    1.200000E+00    9.191919E+00   -5.691305E-33
    5.836100E-02    6.000000E-01    1.200000E+00    9.292929E+00   -5.982119E-33
    5.836100E-02    6.000000E-01    1.200000E+00    9.393939E+00   -6.272932E-33
    5.836100E-02    6.000000E-01    1.200000E+00    9.494949E+00   -6.563745E-33
    5.836100E-02    6.000000E-01    1.200000E+00    9.595960E+00   -6.854558E-33
    5.836100E-02    6.000000E-01    1.200000E+00    9.696970E+00   -7.145371E-33
    5.836100E-02    6.000000E-01    1.200000E+00    9.797980E+00   -7.436185E-33
    5.836100E-02    6.000000E-01    1.200000E+00    9.898990E+00   -7.726998E-33
    5.836100E-02    6.000000E-01    1.200000E+00    1.000000E+01   -8.080712E-33

    5.836100E-02    7.000000E-01    1.200000E+00    0.000000E+00    5.947618E-06
    5.836100E-02    7.000000E-01    1.200000E+00    1.010101E-01    5.928774E-06
    5.836100E-02    7.000000E-01    1.200000E+00    2.020202E-01    5.872287E-06
    5.836100E-02    7.000000E-01    1.200000E+00    3.030303E-01    5.778728E-06
    5.836100E-02    7.000000E-01    1.200000E+00    4.040404E-01    5.647641E-06
    5.836100E-02    7.000000E-01    1.200000E+00    5.050505E-01    5.479910E-06
    5.836100E-02    7.000000E-01    1.200000E+00    6.060606E-01    5.275147E-06
    5.836100E-02    7.000000E-01    1.200000E+00    7.070707E-01    5.033437E-06
    5.836100E-02    7.000000E-01    1.200000E+00    8.080808E-01    4.754474E-06
    5.836100E-02    7.000000E-01    1.200000E+00    9.090909E-01    4.437833E-06
    5.836100E-02    7.000000E-01    1.200000E+00    1.010101E+00    4.083191E-06
    5.836100E-02    7.000000E-01    1.200000E+00    1.111111E+00    3.690488E-06
    5.836100E-02    7.000000E-01    1.200000E+00    1.212121E+00    3.260277E-06
    5.836100E-02    7.000000E-01    1.200000E+00    1.313131E+00    2.793877E-06
    5.836100E-02    7.000000E-01    1.200000E+00    1.414141E+00    2.293326E-06
    5.836100E-02    7.000000E-01    1.200000E+00    1.515152E+00    1.761211E-06
    5.836100E-02    7.000000E-01    1.200000E+00    1.616162E+00    1.200442E-06
    5.836100E-02    7.000000E-01    1.200000E+00    1.717172E+00    6.151203E-07
    5.836100E-02    7.000000E-01    1.200000E+00    1.818182E+00    1.159382E-08
    5.836100E-02    7.000000E-01    1.200000E+00    1.919192E+00   -5.993873E-07
    5.836100E-02    7.000000E-01    1.200000E+00    2.020202E+00   -1.202556E-06
    5.836100E-02    7.000000E-01    1.200000E+00    2.121212E+00   -1.780446E-06
    5.836100E-02    7.000000E-01    1.200000E+00    2.222222E+00   -2.306161E-06
    5.836100E-02    7.000000E-01    1.200000E+00    2.323232E+00   -2.750944E-06
    5.836100E-02    7.000000E-01    1.200000E+00    2.424242E+00   -3.099488E-06
    5.836100E-02    7.000000E-01    1.200000E+00    2.525253E+00   -3.340325E-06
    5.836100E-02    7.000000E-01    1.200000E+00    2.626263E+00   -3.472959E-06
    5.836100E-02    7.000000E-01    1.200000E+00    2.727273E+00   -3.487796E-06
    5.836100E-02    7.000000E-01    1.200000E+00    2.828283E+00   -3.418162E-06
    5.836100E-02    7.000000E-01    1.200000E+00    2.929293E+00   -3.254120E-06
    5.836100E-02    7.000000E-01    1.200000E+00    3.030303E+00   -3.002166E-06
    5.836100E-02    7.000000E-01    1.200000E+00    3.131313E+00   -2.663342E-06
    5.836100E-02    7.000000E-01    1.200000E+00    3.232323E+00   -2.267072E-06
    5.836100E-02    7.000000E-01    1.200000E+00    3.333333E+00   -1.848183E-06
    5.836100E-02    7.000000E-01    1.200000E+00    3.434343E+00   -1.444012E-06
    5.836100E-02    7.000000E-01    1.200000E+00    3.535354E+00   -1.069692E-06
    5.836100E-02    7.000000E-01    1.200000E+00    3.636364E+00   -7.753715E-07
    5.836100E-02    7.000000E-01    1.200000E+00    3.737374E+00   -5.366394E-07
    5.836100E-02    7.000000E-01    1.200000E+00    3.838384E+00   -3.434792E-07
    5.836100E-02    7.000000E-01    1.200000E+00    3.939394E+00   -2.277189E-07
    5.836100E-02    7.000000E-01    1.200000E+00    4.040404E+00   -1.288034E-07
    5.836100E-02    7.000000E-01    1.200000E+00    4.141414E+00   -8.051730E-08
    5.836100E-02    7.000000E-01    1.200000E+00    4.242424E+00   -4.103407E-08
    5.836100E-02    7.000000E-01    1.200000E+00    4.343434E+00   -2.330125E-08
    5.836100E-02    7.000000E-01    1.200000E+00    4.444444E+00   -1.059635E-08
    5.836100E-02    7.000000E-01    1.200000E+00    4.545455E+00   -5.394337E-09
    5.836100E-02    7.000000E-01    1.200000E+00    4.646465E+00   -2.180427E-09
    5.836100E-02    7.000000E-01    1.200000E+00    4.747475E+00   -9.645470E-10
    5.836100E-02    7.000000E-01    1.200000E+00    4.848485E+00   -3.526470E-10
    5.836100E-02    7.000000E-01    1.200000E+00    4.949495E+00   -1.238485E-10
    5.836100E-02    7.000000E-01    1.200000E+00    5.050505E+00   -4.415647E-11
    5.836100E-02    7.000000E-01    1.200000E+00    5.151515E+00   -8.848664E-12
    5.836100E-02    7.000000E-01    1.200000E+00    5.252525E+00   -4.088022E-12
    5.836100E-02    7.000000E-01    1.200000E+00    5.353535E+00   -7.918579E-13
    5.836100E-02    7.000000E-01    1.200000E+00    5.454545E+00   -2.095745E-13
    5.836100E-02    7.000000E-01    1.200000E+00    5.555556E+00   -5.027179E-14
    5.836100E-02    7.000000E-01    1.200000E+00    5.656566E+00   -8.212422E-15
    5.836100E-02    7.000000E-01    1.200000E+00    5.757576E+00   -1.255673E-15
    5.836100E-02    7.000000E-01    1.200000E+00    5.858586E+00   -1.944887E-16
    5.836100E-02    7.000000E-01    1.200000E+00    5.959596E+00   -2.349858E-17
    5.836100E-02    7.000000E-01    1.200000E+00    6.060606E+00   -3.669503E-18
    5.836100E-02    7.000000E-01    1.200000E+00    6.161616E+00   -1.619133E-18
    5.836100E-02    7.000000E-01    1.200000E+00    6.262626E+00   -8.705457E-19
    5.836100E-02    7.000000E-01    1.200000E+00    6.363636E+00   -1.219583E-19
    5.836100E-02    7.000000E-01    1.200000E+00    6.464646E+00   -1.784332E-21
    5.836100E-02    7.000000E-01    1.200000E+00    6.565657E+00   -1.395591E-21
    5.836100E-02    7.000000E-01    1.200000E+00    6.666667E+00   -1.006850E-21
    5.836100E-02    7.000000E-01    1.200000E+00    6.767677E+00   -6.181090E-22
    5.836100E-02    7.000000E-01    1.200000E+00    6.868687E+00   -2.293679E-22
    5.836100E-02    7.000000E-01    1.200000E+00    6.969697E+00   -4.352007E-28
    5.836100E-02    7.000000E-01    1.200000E+00    7.070707E+00   -3.759317E-28
    5.836100E-02    7.000000E-01    1.200000E+00    7.171717E+00   -3.166627E-28
    5.836100E-02    7.000000E-01    1.200000E+00    7.272727E+00   -2.573937E-28
    5.836100E-02    7.000000E-01    1.200000E+00    7.373737E+00   -1.981247E-28
    5.836100E-02    7.000000E-01    1.200000E+00    7.474747E+00   -1.388557E-28
    5.836100E-02    7.000000E-01    1.200000E+00    7.575758E+00   -7.958665E-29
    5.836100E-02    7.000000E-01    1.200000E+00    7.676768E+00   -2.031764E-29
    5.836100E-02    7.000000E-01    1.200000E+00    7.777778E+00   -1.698004E-38
    5.836100E-02    7.000000E-01    1.200000E+00    7.878788E+00   -1.823308E-38
    5.836100E-02    7.000000E-01    1.200000E+00    7.979798E+00   -1.948612E-38
    5.836100E-02    7.000000E-01    1.200000E+00    8.080808E+00   -2.073916E-38
    5.836100E-02    7.000000E-01    1.200000E+00    8.181818E+00   -2.199220E-38
    5.836100E-02    7.000000E-01    1.200000E+00    8.282828E+00   -2.324524E-38
    5.836100E-02    7.000000E-01    1.200000E+00    8.383838E+00   -2.449828E-38
    5.836100E-02    7.000000E-01    1.200000E+00    8.484848E+00   -2.575132E-38
    5.836100E-02    7.000000E-01    1.200000E+00    8.585859E+00   -2.700436E-38
    5.836100E-02    7.000000E-01    1.200000E+00    8.686869E+00   -2.825740E-38
    5.836100E-02    7.000000E-01    1.200000E+00    8.787879E+00   -2.994261E-38
    5.836100E-02    7.000000E-01    1.200000E+00    8.888889E+00   -3.186875E-38
    5.836100E-02    7.000000E-01    1.200000E+00    8.989899E+00   -3.379488E-38
    5.836100E-02    7.000000E-01    1.200000E+00    9.090909E+00   -3.572102E-38
    5.836100E-02    7.000000E-01    1.200000E+00    9.191919E+00   -3.764716E-38
    5.836100E-02    7.000000E-01    1.200000E+00    9.292929E+00   -3.957329E-38
    5.836100E-02    7.000000E-01    1.200000E+00    9.393939E+00   -4.149943E-38
    5.836100E-02    7.000000E-01    1.200000E+00    9.494949E+00   -4.342556E-38
    5.836100E-02    7.000000E-01    1.200000E+00    9.595960E+00   -4.535170E-38
    5.836100E-02    7.000000E-01    1.200000E+00    9.696970E+00   -4.727783E-38
    5.836100E-02    7.000000E-01    1.200000E+00    9.797980E+00   -4.920397E-38
    5.836100E-02    7.000000E-01    1.200000E+00    9.898990E+00   -5.113011E-38
    5.836100E-02    7.000000E-01    1.200000E+00    1.000000E+01   -5.347325E-38

