
#   rho [fm-3]      T [MeV]      kf [fm-1]       k [fm-1]       Gap(k) [MeV]       auxgap
    1.500000E-02    0.000000E+00    7.629641E-01    0.000000E+00    2.763244E+00
    1.500000E-02    0.000000E+00    7.629641E-01    1.010101E-01    2.750563E+00
    1.500000E-02    0.000000E+00    7.629641E-01    2.020202E-01    2.712789E+00
    1.500000E-02    0.000000E+00    7.629641E-01    3.030303E-01    2.650386E+00
    1.500000E-02    0.000000E+00    7.629641E-01    4.040404E-01    2.564225E+00
    1.500000E-02    0.000000E+00    7.629641E-01    5.050505E-01    2.455472E+00
    1.500000E-02    0.000000E+00    7.629641E-01    6.060606E-01    2.325960E+00
    1.500000E-02    0.000000E+00    7.629641E-01    7.070707E-01    2.178080E+00
    1.500000E-02    0.000000E+00    7.629641E-01    8.080808E-01    2.014810E+00
    1.500000E-02    0.000000E+00    7.629641E-01    9.090909E-01    1.839625E+00
    1.500000E-02    0.000000E+00    7.629641E-01    1.010101E+00    1.656227E+00
    1.500000E-02    0.000000E+00    7.629641E-01    1.111111E+00    1.468213E+00
    1.500000E-02    0.000000E+00    7.629641E-01    1.212121E+00    1.278910E+00
    1.500000E-02    0.000000E+00    7.629641E-01    1.313131E+00    1.091196E+00
    1.500000E-02    0.000000E+00    7.629641E-01    1.414141E+00    9.073761E-01
    1.500000E-02    0.000000E+00    7.629641E-01    1.515152E+00    7.293093E-01
    1.500000E-02    0.000000E+00    7.629641E-01    1.616162E+00    5.588096E-01
    1.500000E-02    0.000000E+00    7.629641E-01    1.717172E+00    3.968231E-01
    1.500000E-02    0.000000E+00    7.629641E-01    1.818182E+00    2.446240E-01
    1.500000E-02    0.000000E+00    7.629641E-01    1.919192E+00    1.025069E-01
    1.500000E-02    0.000000E+00    7.629641E-01    2.020202E+00   -2.863537E-02
    1.500000E-02    0.000000E+00    7.629641E-01    2.121212E+00   -1.481420E-01
    1.500000E-02    0.000000E+00    7.629641E-01    2.222222E+00   -2.571021E-01
    1.500000E-02    0.000000E+00    7.629641E-01    2.323232E+00   -3.548377E-01
    1.500000E-02    0.000000E+00    7.629641E-01    2.424242E+00   -4.412839E-01
    1.500000E-02    0.000000E+00    7.629641E-01    2.525253E+00   -5.168151E-01
    1.500000E-02    0.000000E+00    7.629641E-01    2.626263E+00   -5.820420E-01
    1.500000E-02    0.000000E+00    7.629641E-01    2.727273E+00   -6.376257E-01
    1.500000E-02    0.000000E+00    7.629641E-01    2.828283E+00   -6.841525E-01
    1.500000E-02    0.000000E+00    7.629641E-01    2.929293E+00   -7.220877E-01
    1.500000E-02    0.000000E+00    7.629641E-01    3.030303E+00   -7.506244E-01
    1.500000E-02    0.000000E+00    7.629641E-01    3.131313E+00   -7.712526E-01
    1.500000E-02    0.000000E+00    7.629641E-01    3.232323E+00   -7.851288E-01
    1.500000E-02    0.000000E+00    7.629641E-01    3.333333E+00   -7.926785E-01
    1.500000E-02    0.000000E+00    7.629641E-01    3.434343E+00   -7.943795E-01
    1.500000E-02    0.000000E+00    7.629641E-01    3.535354E+00   -7.908061E-01
    1.500000E-02    0.000000E+00    7.629641E-01    3.636364E+00   -7.826412E-01
    1.500000E-02    0.000000E+00    7.629641E-01    3.737374E+00   -7.700196E-01
    1.500000E-02    0.000000E+00    7.629641E-01    3.838384E+00   -7.536957E-01
    1.500000E-02    0.000000E+00    7.629641E-01    3.939394E+00   -7.330720E-01
    1.500000E-02    0.000000E+00    7.629641E-01    4.040404E+00   -7.101373E-01
    1.500000E-02    0.000000E+00    7.629641E-01    4.141414E+00   -6.872027E-01
    1.500000E-02    0.000000E+00    7.629641E-01    4.242424E+00   -6.616520E-01
    1.500000E-02    0.000000E+00    7.629641E-01    4.343434E+00   -6.331698E-01
    1.500000E-02    0.000000E+00    7.629641E-01    4.444444E+00   -6.046876E-01
    1.500000E-02    0.000000E+00    7.629641E-01    4.545455E+00   -5.762054E-01
    1.500000E-02    0.000000E+00    7.629641E-01    4.646465E+00   -5.477231E-01
    1.500000E-02    0.000000E+00    7.629641E-01    4.747475E+00   -5.192693E-01
    1.500000E-02    0.000000E+00    7.629641E-01    4.848485E+00   -4.915098E-01
    1.500000E-02    0.000000E+00    7.629641E-01    4.949495E+00   -4.637503E-01
    1.500000E-02    0.000000E+00    7.629641E-01    5.050505E+00   -4.359908E-01
    1.500000E-02    0.000000E+00    7.629641E-01    5.151515E+00   -4.082313E-01
    1.500000E-02    0.000000E+00    7.629641E-01    5.252525E+00   -3.804718E-01
    1.500000E-02    0.000000E+00    7.629641E-01    5.353535E+00   -3.527122E-01
    1.500000E-02    0.000000E+00    7.629641E-01    5.454545E+00   -3.249527E-01
    1.500000E-02    0.000000E+00    7.629641E-01    5.555556E+00   -2.996065E-01
    1.500000E-02    0.000000E+00    7.629641E-01    5.656566E+00   -2.803694E-01
    1.500000E-02    0.000000E+00    7.629641E-01    5.757576E+00   -2.611324E-01
    1.500000E-02    0.000000E+00    7.629641E-01    5.858586E+00   -2.418954E-01
    1.500000E-02    0.000000E+00    7.629641E-01    5.959596E+00   -2.226584E-01
    1.500000E-02    0.000000E+00    7.629641E-01    6.060606E+00   -2.034213E-01
    1.500000E-02    0.000000E+00    7.629641E-01    6.161616E+00   -1.841843E-01
    1.500000E-02    0.000000E+00    7.629641E-01    6.262626E+00   -1.649473E-01
    1.500000E-02    0.000000E+00    7.629641E-01    6.363636E+00   -1.457102E-01
    1.500000E-02    0.000000E+00    7.629641E-01    6.464646E+00   -1.264732E-01
    1.500000E-02    0.000000E+00    7.629641E-01    6.565657E+00   -1.100554E-01
    1.500000E-02    0.000000E+00    7.629641E-01    6.666667E+00   -1.015091E-01
    1.500000E-02    0.000000E+00    7.629641E-01    6.767677E+00   -9.296273E-02
    1.500000E-02    0.000000E+00    7.629641E-01    6.868687E+00   -8.441639E-02
    1.500000E-02    0.000000E+00    7.629641E-01    6.969697E+00   -7.587006E-02
    1.500000E-02    0.000000E+00    7.629641E-01    7.070707E+00   -6.732372E-02
    1.500000E-02    0.000000E+00    7.629641E-01    7.171717E+00   -5.877738E-02
    1.500000E-02    0.000000E+00    7.629641E-01    7.272727E+00   -5.023104E-02
    1.500000E-02    0.000000E+00    7.629641E-01    7.373737E+00   -4.168470E-02
    1.500000E-02    0.000000E+00    7.629641E-01    7.474747E+00   -3.313837E-02
    1.500000E-02    0.000000E+00    7.629641E-01    7.575758E+00   -2.459203E-02
    1.500000E-02    0.000000E+00    7.629641E-01    7.676768E+00   -1.604569E-02
    1.500000E-02    0.000000E+00    7.629641E-01    7.777778E+00   -7.561103E-03
    1.500000E-02    0.000000E+00    7.629641E-01    7.878788E+00   -5.913295E-03
    1.500000E-02    0.000000E+00    7.629641E-01    7.979798E+00   -4.265487E-03
    1.500000E-02    0.000000E+00    7.629641E-01    8.080808E+00   -2.617678E-03
    1.500000E-02    0.000000E+00    7.629641E-01    8.181818E+00   -9.698703E-04
    1.500000E-02    0.000000E+00    7.629641E-01    8.282828E+00    6.779379E-04
    1.500000E-02    0.000000E+00    7.629641E-01    8.383838E+00    2.325746E-03
    1.500000E-02    0.000000E+00    7.629641E-01    8.484848E+00    3.973554E-03
    1.500000E-02    0.000000E+00    7.629641E-01    8.585859E+00    5.621362E-03
    1.500000E-02    0.000000E+00    7.629641E-01    8.686869E+00    7.269171E-03
    1.500000E-02    0.000000E+00    7.629641E-01    8.787879E+00    8.916979E-03
    1.500000E-02    0.000000E+00    7.629641E-01    8.888889E+00    1.056479E-02
    1.500000E-02    0.000000E+00    7.629641E-01    8.989899E+00    1.221260E-02
    1.500000E-02    0.000000E+00    7.629641E-01    9.090909E+00    1.386040E-02
    1.500000E-02    0.000000E+00    7.629641E-01    9.191919E+00    1.550821E-02
    1.500000E-02    0.000000E+00    7.629641E-01    9.292929E+00    1.609735E-02
    1.500000E-02    0.000000E+00    7.629641E-01    9.393939E+00    1.554998E-02
    1.500000E-02    0.000000E+00    7.629641E-01    9.494949E+00    1.500261E-02
    1.500000E-02    0.000000E+00    7.629641E-01    9.595960E+00    1.445524E-02
    1.500000E-02    0.000000E+00    7.629641E-01    9.696970E+00    1.390787E-02
    1.500000E-02    0.000000E+00    7.629641E-01    9.797980E+00    1.336050E-02
    1.500000E-02    0.000000E+00    7.629641E-01    9.898990E+00    1.281313E-02
    1.500000E-02    0.000000E+00    7.629641E-01    1.000000E+01    1.226576E-02

    1.500000E-02    4.000000E-01    7.629641E-01    0.000000E+00    2.663852E+00
    1.500000E-02    4.000000E-01    7.629641E-01    1.010101E-01    2.651638E+00
    1.500000E-02    4.000000E-01    7.629641E-01    2.020202E-01    2.615255E+00
    1.500000E-02    4.000000E-01    7.629641E-01    3.030303E-01    2.555152E+00
    1.500000E-02    4.000000E-01    7.629641E-01    4.040404E-01    2.472171E+00
    1.500000E-02    4.000000E-01    7.629641E-01    5.050505E-01    2.367437E+00
    1.500000E-02    4.000000E-01    7.629641E-01    6.060606E-01    2.242712E+00
    1.500000E-02    4.000000E-01    7.629641E-01    7.070707E-01    2.100292E+00
    1.500000E-02    4.000000E-01    7.629641E-01    8.080808E-01    1.943028E+00
    1.500000E-02    4.000000E-01    7.629641E-01    9.090909E-01    1.774247E+00
    1.500000E-02    4.000000E-01    7.629641E-01    1.010101E+00    1.597499E+00
    1.500000E-02    4.000000E-01    7.629641E-01    1.111111E+00    1.416246E+00
    1.500000E-02    4.000000E-01    7.629641E-01    1.212121E+00    1.233694E+00
    1.500000E-02    4.000000E-01    7.629641E-01    1.313131E+00    1.052628E+00
    1.500000E-02    4.000000E-01    7.629641E-01    1.414141E+00    8.752834E-01
    1.500000E-02    4.000000E-01    7.629641E-01    1.515152E+00    7.034614E-01
    1.500000E-02    4.000000E-01    7.629641E-01    1.616162E+00    5.389195E-01
    1.500000E-02    4.000000E-01    7.629641E-01    1.717172E+00    3.825773E-01
    1.500000E-02    4.000000E-01    7.629641E-01    1.818182E+00    2.356683E-01
    1.500000E-02    4.000000E-01    7.629641E-01    1.919192E+00    9.848070E-02
    1.500000E-02    4.000000E-01    7.629641E-01    2.020202E+00   -2.812164E-02
    1.500000E-02    4.000000E-01    7.629641E-01    2.121212E+00   -1.434986E-01
    1.500000E-02    4.000000E-01    7.629641E-01    2.222222E+00   -2.486991E-01
    1.500000E-02    4.000000E-01    7.629641E-01    2.323232E+00   -3.430674E-01
    1.500000E-02    4.000000E-01    7.629641E-01    2.424242E+00   -4.265394E-01
    1.500000E-02    4.000000E-01    7.629641E-01    2.525253E+00   -4.994753E-01
    1.500000E-02    4.000000E-01    7.629641E-01    2.626263E+00   -5.624635E-01
    1.500000E-02    4.000000E-01    7.629641E-01    2.727273E+00   -6.161414E-01
    1.500000E-02    4.000000E-01    7.629641E-01    2.828283E+00   -6.610745E-01
    1.500000E-02    4.000000E-01    7.629641E-01    2.929293E+00   -6.977113E-01
    1.500000E-02    4.000000E-01    7.629641E-01    3.030303E+00   -7.252721E-01
    1.500000E-02    4.000000E-01    7.629641E-01    3.131313E+00   -7.451952E-01
    1.500000E-02    4.000000E-01    7.629641E-01    3.232323E+00   -7.585971E-01
    1.500000E-02    4.000000E-01    7.629641E-01    3.333333E+00   -7.658886E-01
    1.500000E-02    4.000000E-01    7.629641E-01    3.434343E+00   -7.675307E-01
    1.500000E-02    4.000000E-01    7.629641E-01    3.535354E+00   -7.640779E-01
    1.500000E-02    4.000000E-01    7.629641E-01    3.636364E+00   -7.561898E-01
    1.500000E-02    4.000000E-01    7.629641E-01    3.737374E+00   -7.439963E-01
    1.500000E-02    4.000000E-01    7.629641E-01    3.838384E+00   -7.282262E-01
    1.500000E-02    4.000000E-01    7.629641E-01    3.939394E+00   -7.083018E-01
    1.500000E-02    4.000000E-01    7.629641E-01    4.040404E+00   -6.861447E-01
    1.500000E-02    4.000000E-01    7.629641E-01    4.141414E+00   -6.639876E-01
    1.500000E-02    4.000000E-01    7.629641E-01    4.242424E+00   -6.393026E-01
    1.500000E-02    4.000000E-01    7.629641E-01    4.343434E+00   -6.117848E-01
    1.500000E-02    4.000000E-01    7.629641E-01    4.444444E+00   -5.842671E-01
    1.500000E-02    4.000000E-01    7.629641E-01    4.545455E+00   -5.567493E-01
    1.500000E-02    4.000000E-01    7.629641E-01    4.646465E+00   -5.292316E-01
    1.500000E-02    4.000000E-01    7.629641E-01    4.747475E+00   -5.017412E-01
    1.500000E-02    4.000000E-01    7.629641E-01    4.848485E+00   -4.749202E-01
    1.500000E-02    4.000000E-01    7.629641E-01    4.949495E+00   -4.480992E-01
    1.500000E-02    4.000000E-01    7.629641E-01    5.050505E+00   -4.212783E-01
    1.500000E-02    4.000000E-01    7.629641E-01    5.151515E+00   -3.944573E-01
    1.500000E-02    4.000000E-01    7.629641E-01    5.252525E+00   -3.676364E-01
    1.500000E-02    4.000000E-01    7.629641E-01    5.353535E+00   -3.408154E-01
    1.500000E-02    4.000000E-01    7.629641E-01    5.454545E+00   -3.139944E-01
    1.500000E-02    4.000000E-01    7.629641E-01    5.555556E+00   -2.895048E-01
    1.500000E-02    4.000000E-01    7.629641E-01    5.656566E+00   -2.709172E-01
    1.500000E-02    4.000000E-01    7.629641E-01    5.757576E+00   -2.523295E-01
    1.500000E-02    4.000000E-01    7.629641E-01    5.858586E+00   -2.337419E-01
    1.500000E-02    4.000000E-01    7.629641E-01    5.959596E+00   -2.151542E-01
    1.500000E-02    4.000000E-01    7.629641E-01    6.060606E+00   -1.965666E-01
    1.500000E-02    4.000000E-01    7.629641E-01    6.161616E+00   -1.779790E-01
    1.500000E-02    4.000000E-01    7.629641E-01    6.262626E+00   -1.593913E-01
    1.500000E-02    4.000000E-01    7.629641E-01    6.363636E+00   -1.408037E-01
    1.500000E-02    4.000000E-01    7.629641E-01    6.464646E+00   -1.222160E-01
    1.500000E-02    4.000000E-01    7.629641E-01    6.565657E+00   -1.063523E-01
    1.500000E-02    4.000000E-01    7.629641E-01    6.666667E+00   -9.809394E-02
    1.500000E-02    4.000000E-01    7.629641E-01    6.767677E+00   -8.983558E-02
    1.500000E-02    4.000000E-01    7.629641E-01    6.868687E+00   -8.157722E-02
    1.500000E-02    4.000000E-01    7.629641E-01    6.969697E+00   -7.331887E-02
    1.500000E-02    4.000000E-01    7.629641E-01    7.070707E+00   -6.506051E-02
    1.500000E-02    4.000000E-01    7.629641E-01    7.171717E+00   -5.680216E-02
    1.500000E-02    4.000000E-01    7.629641E-01    7.272727E+00   -4.854380E-02
    1.500000E-02    4.000000E-01    7.629641E-01    7.373737E+00   -4.028545E-02
    1.500000E-02    4.000000E-01    7.629641E-01    7.474747E+00   -3.202709E-02
    1.500000E-02    4.000000E-01    7.629641E-01    7.575758E+00   -2.376874E-02
    1.500000E-02    4.000000E-01    7.629641E-01    7.676768E+00   -1.551038E-02
    1.500000E-02    4.000000E-01    7.629641E-01    7.777778E+00   -7.311694E-03
    1.500000E-02    4.000000E-01    7.629641E-01    7.878788E+00   -5.719160E-03
    1.500000E-02    4.000000E-01    7.629641E-01    7.979798E+00   -4.126625E-03
    1.500000E-02    4.000000E-01    7.629641E-01    8.080808E+00   -2.534091E-03
    1.500000E-02    4.000000E-01    7.629641E-01    8.181818E+00   -9.415561E-04
    1.500000E-02    4.000000E-01    7.629641E-01    8.282828E+00    6.509784E-04
    1.500000E-02    4.000000E-01    7.629641E-01    8.383838E+00    2.243513E-03
    1.500000E-02    4.000000E-01    7.629641E-01    8.484848E+00    3.836047E-03
    1.500000E-02    4.000000E-01    7.629641E-01    8.585859E+00    5.428582E-03
    1.500000E-02    4.000000E-01    7.629641E-01    8.686869E+00    7.021116E-03
    1.500000E-02    4.000000E-01    7.629641E-01    8.787879E+00    8.613651E-03
    1.500000E-02    4.000000E-01    7.629641E-01    8.888889E+00    1.020619E-02
    1.500000E-02    4.000000E-01    7.629641E-01    8.989899E+00    1.179872E-02
    1.500000E-02    4.000000E-01    7.629641E-01    9.090909E+00    1.339125E-02
    1.500000E-02    4.000000E-01    7.629641E-01    9.191919E+00    1.498379E-02
    1.500000E-02    4.000000E-01    7.629641E-01    9.292929E+00    1.555327E-02
    1.500000E-02    4.000000E-01    7.629641E-01    9.393939E+00    1.502449E-02
    1.500000E-02    4.000000E-01    7.629641E-01    9.494949E+00    1.449571E-02
    1.500000E-02    4.000000E-01    7.629641E-01    9.595960E+00    1.396693E-02
    1.500000E-02    4.000000E-01    7.629641E-01    9.696970E+00    1.343815E-02
    1.500000E-02    4.000000E-01    7.629641E-01    9.797980E+00    1.290937E-02
    1.500000E-02    4.000000E-01    7.629641E-01    9.898990E+00    1.238059E-02
    1.500000E-02    4.000000E-01    7.629641E-01    1.000000E+01    1.185181E-02

    1.500000E-02    6.000000E-01    7.629641E-01    0.000000E+00    2.198986E+00
    1.500000E-02    6.000000E-01    7.629641E-01    1.010101E-01    2.188892E+00
    1.500000E-02    6.000000E-01    7.629641E-01    2.020202E-01    2.158826E+00
    1.500000E-02    6.000000E-01    7.629641E-01    3.030303E-01    2.109161E+00
    1.500000E-02    6.000000E-01    7.629641E-01    4.040404E-01    2.040597E+00
    1.500000E-02    6.000000E-01    7.629641E-01    5.050505E-01    1.954070E+00
    1.500000E-02    6.000000E-01    7.629641E-01    6.060606E-01    1.851045E+00
    1.500000E-02    6.000000E-01    7.629641E-01    7.070707E-01    1.733426E+00
    1.500000E-02    6.000000E-01    7.629641E-01    8.080808E-01    1.603572E+00
    1.500000E-02    6.000000E-01    7.629641E-01    9.090909E-01    1.464233E+00
    1.500000E-02    6.000000E-01    7.629641E-01    1.010101E+00    1.318338E+00
    1.500000E-02    6.000000E-01    7.629641E-01    1.111111E+00    1.168739E+00
    1.500000E-02    6.000000E-01    7.629641E-01    1.212121E+00    1.018081E+00
    1.500000E-02    6.000000E-01    7.629641E-01    1.313131E+00    8.686561E-01
    1.500000E-02    6.000000E-01    7.629641E-01    1.414141E+00    7.223080E-01
    1.500000E-02    6.000000E-01    7.629641E-01    1.515152E+00    5.805214E-01
    1.500000E-02    6.000000E-01    7.629641E-01    1.616162E+00    4.447456E-01
    1.500000E-02    6.000000E-01    7.629641E-01    1.717172E+00    3.157385E-01
    1.500000E-02    6.000000E-01    7.629641E-01    1.818182E+00    1.945175E-01
    1.500000E-02    6.000000E-01    7.629641E-01    1.919192E+00    8.131979E-02
    1.500000E-02    6.000000E-01    7.629641E-01    2.020202E+00   -2.314217E-02
    1.500000E-02    6.000000E-01    7.629641E-01    2.121212E+00   -1.183405E-01
    1.500000E-02    6.000000E-01    7.629641E-01    2.222222E+00   -2.051413E-01
    1.500000E-02    6.000000E-01    7.629641E-01    2.323232E+00   -2.830036E-01
    1.500000E-02    6.000000E-01    7.629641E-01    2.424242E+00   -3.518747E-01
    1.500000E-02    6.000000E-01    7.629641E-01    2.525253E+00   -4.120521E-01
    1.500000E-02    6.000000E-01    7.629641E-01    2.626263E+00   -4.640215E-01
    1.500000E-02    6.000000E-01    7.629641E-01    2.727273E+00   -5.083091E-01
    1.500000E-02    6.000000E-01    7.629641E-01    2.828283E+00   -5.453813E-01
    1.500000E-02    6.000000E-01    7.629641E-01    2.929293E+00   -5.756085E-01
    1.500000E-02    6.000000E-01    7.629641E-01    3.030303E+00   -5.983474E-01
    1.500000E-02    6.000000E-01    7.629641E-01    3.131313E+00   -6.147848E-01
    1.500000E-02    6.000000E-01    7.629641E-01    3.232323E+00   -6.258419E-01
    1.500000E-02    6.000000E-01    7.629641E-01    3.333333E+00   -6.318577E-01
    1.500000E-02    6.000000E-01    7.629641E-01    3.434343E+00   -6.332126E-01
    1.500000E-02    6.000000E-01    7.629641E-01    3.535354E+00   -6.303641E-01
    1.500000E-02    6.000000E-01    7.629641E-01    3.636364E+00   -6.238564E-01
    1.500000E-02    6.000000E-01    7.629641E-01    3.737374E+00   -6.137967E-01
    1.500000E-02    6.000000E-01    7.629641E-01    3.838384E+00   -6.007862E-01
    1.500000E-02    6.000000E-01    7.629641E-01    3.939394E+00   -5.843485E-01
    1.500000E-02    6.000000E-01    7.629641E-01    4.040404E+00   -5.660688E-01
    1.500000E-02    6.000000E-01    7.629641E-01    4.141414E+00   -5.477891E-01
    1.500000E-02    6.000000E-01    7.629641E-01    4.242424E+00   -5.274240E-01
    1.500000E-02    6.000000E-01    7.629641E-01    4.343434E+00   -5.047218E-01
    1.500000E-02    6.000000E-01    7.629641E-01    4.444444E+00   -4.820197E-01
    1.500000E-02    6.000000E-01    7.629641E-01    4.545455E+00   -4.593176E-01
    1.500000E-02    6.000000E-01    7.629641E-01    4.646465E+00   -4.366154E-01
    1.500000E-02    6.000000E-01    7.629641E-01    4.747475E+00   -4.139359E-01
    1.500000E-02    6.000000E-01    7.629641E-01    4.848485E+00   -3.918087E-01
    1.500000E-02    6.000000E-01    7.629641E-01    4.949495E+00   -3.696816E-01
    1.500000E-02    6.000000E-01    7.629641E-01    5.050505E+00   -3.475544E-01
    1.500000E-02    6.000000E-01    7.629641E-01    5.151515E+00   -3.254272E-01
    1.500000E-02    6.000000E-01    7.629641E-01    5.252525E+00   -3.033001E-01
    1.500000E-02    6.000000E-01    7.629641E-01    5.353535E+00   -2.811729E-01
    1.500000E-02    6.000000E-01    7.629641E-01    5.454545E+00   -2.590458E-01
    1.500000E-02    6.000000E-01    7.629641E-01    5.555556E+00   -2.388420E-01
    1.500000E-02    6.000000E-01    7.629641E-01    5.656566E+00   -2.235073E-01
    1.500000E-02    6.000000E-01    7.629641E-01    5.757576E+00   -2.081726E-01
    1.500000E-02    6.000000E-01    7.629641E-01    5.858586E+00   -1.928379E-01
    1.500000E-02    6.000000E-01    7.629641E-01    5.959596E+00   -1.775032E-01
    1.500000E-02    6.000000E-01    7.629641E-01    6.060606E+00   -1.621685E-01
    1.500000E-02    6.000000E-01    7.629641E-01    6.161616E+00   -1.468338E-01
    1.500000E-02    6.000000E-01    7.629641E-01    6.262626E+00   -1.314991E-01
    1.500000E-02    6.000000E-01    7.629641E-01    6.363636E+00   -1.161644E-01
    1.500000E-02    6.000000E-01    7.629641E-01    6.464646E+00   -1.008297E-01
    1.500000E-02    6.000000E-01    7.629641E-01    6.565657E+00   -8.774225E-02
    1.500000E-02    6.000000E-01    7.629641E-01    6.666667E+00   -8.092912E-02
    1.500000E-02    6.000000E-01    7.629641E-01    6.767677E+00   -7.411598E-02
    1.500000E-02    6.000000E-01    7.629641E-01    6.868687E+00   -6.730285E-02
    1.500000E-02    6.000000E-01    7.629641E-01    6.969697E+00   -6.048972E-02
    1.500000E-02    6.000000E-01    7.629641E-01    7.070707E+00   -5.367659E-02
    1.500000E-02    6.000000E-01    7.629641E-01    7.171717E+00   -4.686346E-02
    1.500000E-02    6.000000E-01    7.629641E-01    7.272727E+00   -4.005033E-02
    1.500000E-02    6.000000E-01    7.629641E-01    7.373737E+00   -3.323720E-02
    1.500000E-02    6.000000E-01    7.629641E-01    7.474747E+00   -2.642406E-02
    1.500000E-02    6.000000E-01    7.629641E-01    7.575758E+00   -1.961093E-02
    1.500000E-02    6.000000E-01    7.629641E-01    7.676768E+00   -1.279780E-02
    1.500000E-02    6.000000E-01    7.629641E-01    7.777778E+00   -6.033894E-03
    1.500000E-02    6.000000E-01    7.629641E-01    7.878788E+00   -4.720004E-03
    1.500000E-02    6.000000E-01    7.629641E-01    7.979798E+00   -3.406113E-03
    1.500000E-02    6.000000E-01    7.629641E-01    8.080808E+00   -2.092222E-03
    1.500000E-02    6.000000E-01    7.629641E-01    8.181818E+00   -7.783319E-04
    1.500000E-02    6.000000E-01    7.629641E-01    8.282828E+00    5.355586E-04
    1.500000E-02    6.000000E-01    7.629641E-01    8.383838E+00    1.849449E-03
    1.500000E-02    6.000000E-01    7.629641E-01    8.484848E+00    3.163340E-03
    1.500000E-02    6.000000E-01    7.629641E-01    8.585859E+00    4.477230E-03
    1.500000E-02    6.000000E-01    7.629641E-01    8.686869E+00    5.791121E-03
    1.500000E-02    6.000000E-01    7.629641E-01    8.787879E+00    7.105011E-03
    1.500000E-02    6.000000E-01    7.629641E-01    8.888889E+00    8.418902E-03
    1.500000E-02    6.000000E-01    7.629641E-01    8.989899E+00    9.732792E-03
    1.500000E-02    6.000000E-01    7.629641E-01    9.090909E+00    1.104668E-02
    1.500000E-02    6.000000E-01    7.629641E-01    9.191919E+00    1.236057E-02
    1.500000E-02    6.000000E-01    7.629641E-01    9.292929E+00    1.283044E-02
    1.500000E-02    6.000000E-01    7.629641E-01    9.393939E+00    1.239424E-02
    1.500000E-02    6.000000E-01    7.629641E-01    9.494949E+00    1.195803E-02
    1.500000E-02    6.000000E-01    7.629641E-01    9.595960E+00    1.152183E-02
    1.500000E-02    6.000000E-01    7.629641E-01    9.696970E+00    1.108562E-02
    1.500000E-02    6.000000E-01    7.629641E-01    9.797980E+00    1.064942E-02
    1.500000E-02    6.000000E-01    7.629641E-01    9.898990E+00    1.021321E-02
    1.500000E-02    6.000000E-01    7.629641E-01    1.000000E+01    9.777009E-03

    1.500000E-02    8.000000E-01    7.629641E-01    0.000000E+00    1.302784E+00
    1.500000E-02    8.000000E-01    7.629641E-01    1.010101E-01    1.296795E+00
    1.500000E-02    8.000000E-01    7.629641E-01    2.020202E-01    1.278957E+00
    1.500000E-02    8.000000E-01    7.629641E-01    3.030303E-01    1.249492E+00
    1.500000E-02    8.000000E-01    7.629641E-01    4.040404E-01    1.208820E+00
    1.500000E-02    8.000000E-01    7.629641E-01    5.050505E-01    1.157501E+00
    1.500000E-02    8.000000E-01    7.629641E-01    6.060606E-01    1.096410E+00
    1.500000E-02    8.000000E-01    7.629641E-01    7.070707E-01    1.026682E+00
    1.500000E-02    8.000000E-01    7.629641E-01    8.080808E-01    9.497220E-01
    1.500000E-02    8.000000E-01    7.629641E-01    9.090909E-01    8.671605E-01
    1.500000E-02    8.000000E-01    7.629641E-01    1.010101E+00    7.807310E-01
    1.500000E-02    8.000000E-01    7.629641E-01    1.111111E+00    6.921212E-01
    1.500000E-02    8.000000E-01    7.629641E-01    1.212121E+00    6.028931E-01
    1.500000E-02    8.000000E-01    7.629641E-01    1.313131E+00    5.144028E-01
    1.500000E-02    8.000000E-01    7.629641E-01    1.414141E+00    4.277394E-01
    1.500000E-02    8.000000E-01    7.629641E-01    1.515152E+00    3.437808E-01
    1.500000E-02    8.000000E-01    7.629641E-01    1.616162E+00    2.633845E-01
    1.500000E-02    8.000000E-01    7.629641E-01    1.717172E+00    1.869983E-01
    1.500000E-02    8.000000E-01    7.629641E-01    1.818182E+00    1.152242E-01
    1.500000E-02    8.000000E-01    7.629641E-01    1.919192E+00    4.820219E-02
    1.500000E-02    8.000000E-01    7.629641E-01    2.020202E+00   -1.364623E-02
    1.500000E-02    8.000000E-01    7.629641E-01    2.121212E+00   -7.000883E-02
    1.500000E-02    8.000000E-01    7.629641E-01    2.222222E+00   -1.213987E-01
    1.500000E-02    8.000000E-01    7.629641E-01    2.323232E+00   -1.674959E-01
    1.500000E-02    8.000000E-01    7.629641E-01    2.424242E+00   -2.082694E-01
    1.500000E-02    8.000000E-01    7.629641E-01    2.525253E+00   -2.438955E-01
    1.500000E-02    8.000000E-01    7.629641E-01    2.626263E+00   -2.746619E-01
    1.500000E-02    8.000000E-01    7.629641E-01    2.727273E+00   -3.008803E-01
    1.500000E-02    8.000000E-01    7.629641E-01    2.828283E+00   -3.228270E-01
    1.500000E-02    8.000000E-01    7.629641E-01    2.929293E+00   -3.407213E-01
    1.500000E-02    8.000000E-01    7.629641E-01    3.030303E+00   -3.541825E-01
    1.500000E-02    8.000000E-01    7.629641E-01    3.131313E+00   -3.639132E-01
    1.500000E-02    8.000000E-01    7.629641E-01    3.232323E+00   -3.704588E-01
    1.500000E-02    8.000000E-01    7.629641E-01    3.333333E+00   -3.740201E-01
    1.500000E-02    8.000000E-01    7.629641E-01    3.434343E+00   -3.748223E-01
    1.500000E-02    8.000000E-01    7.629641E-01    3.535354E+00   -3.731362E-01
    1.500000E-02    8.000000E-01    7.629641E-01    3.636364E+00   -3.692840E-01
    1.500000E-02    8.000000E-01    7.629641E-01    3.737374E+00   -3.633292E-01
    1.500000E-02    8.000000E-01    7.629641E-01    3.838384E+00   -3.556277E-01
    1.500000E-02    8.000000E-01    7.629641E-01    3.939394E+00   -3.458975E-01
    1.500000E-02    8.000000E-01    7.629641E-01    4.040404E+00   -3.350769E-01
    1.500000E-02    8.000000E-01    7.629641E-01    4.141414E+00   -3.242564E-01
    1.500000E-02    8.000000E-01    7.629641E-01    4.242424E+00   -3.122014E-01
    1.500000E-02    8.000000E-01    7.629641E-01    4.343434E+00   -2.987632E-01
    1.500000E-02    8.000000E-01    7.629641E-01    4.444444E+00   -2.853249E-01
    1.500000E-02    8.000000E-01    7.629641E-01    4.545455E+00   -2.718866E-01
    1.500000E-02    8.000000E-01    7.629641E-01    4.646465E+00   -2.584484E-01
    1.500000E-02    8.000000E-01    7.629641E-01    4.747475E+00   -2.450235E-01
    1.500000E-02    8.000000E-01    7.629641E-01    4.848485E+00   -2.319257E-01
    1.500000E-02    8.000000E-01    7.629641E-01    4.949495E+00   -2.188279E-01
    1.500000E-02    8.000000E-01    7.629641E-01    5.050505E+00   -2.057301E-01
    1.500000E-02    8.000000E-01    7.629641E-01    5.151515E+00   -1.926323E-01
    1.500000E-02    8.000000E-01    7.629641E-01    5.252525E+00   -1.795345E-01
    1.500000E-02    8.000000E-01    7.629641E-01    5.353535E+00   -1.664367E-01
    1.500000E-02    8.000000E-01    7.629641E-01    5.454545E+00   -1.533389E-01
    1.500000E-02    8.000000E-01    7.629641E-01    5.555556E+00   -1.413796E-01
    1.500000E-02    8.000000E-01    7.629641E-01    5.656566E+00   -1.323025E-01
    1.500000E-02    8.000000E-01    7.629641E-01    5.757576E+00   -1.232254E-01
    1.500000E-02    8.000000E-01    7.629641E-01    5.858586E+00   -1.141483E-01
    1.500000E-02    8.000000E-01    7.629641E-01    5.959596E+00   -1.050712E-01
    1.500000E-02    8.000000E-01    7.629641E-01    6.060606E+00   -9.599416E-02
    1.500000E-02    8.000000E-01    7.629641E-01    6.161616E+00   -8.691708E-02
    1.500000E-02    8.000000E-01    7.629641E-01    6.262626E+00   -7.784000E-02
    1.500000E-02    8.000000E-01    7.629641E-01    6.363636E+00   -6.876292E-02
    1.500000E-02    8.000000E-01    7.629641E-01    6.464646E+00   -5.968584E-02
    1.500000E-02    8.000000E-01    7.629641E-01    6.565657E+00   -5.193895E-02
    1.500000E-02    8.000000E-01    7.629641E-01    6.666667E+00   -4.790602E-02
    1.500000E-02    8.000000E-01    7.629641E-01    6.767677E+00   -4.387309E-02
    1.500000E-02    8.000000E-01    7.629641E-01    6.868687E+00   -3.984017E-02
    1.500000E-02    8.000000E-01    7.629641E-01    6.969697E+00   -3.580724E-02
    1.500000E-02    8.000000E-01    7.629641E-01    7.070707E+00   -3.177431E-02
    1.500000E-02    8.000000E-01    7.629641E-01    7.171717E+00   -2.774138E-02
    1.500000E-02    8.000000E-01    7.629641E-01    7.272727E+00   -2.370846E-02
    1.500000E-02    8.000000E-01    7.629641E-01    7.373737E+00   -1.967553E-02
    1.500000E-02    8.000000E-01    7.629641E-01    7.474747E+00   -1.564260E-02
    1.500000E-02    8.000000E-01    7.629641E-01    7.575758E+00   -1.160967E-02
    1.500000E-02    8.000000E-01    7.629641E-01    7.676768E+00   -7.576744E-03
    1.500000E-02    8.000000E-01    7.629641E-01    7.777778E+00   -3.572954E-03
    1.500000E-02    8.000000E-01    7.629641E-01    7.878788E+00   -2.795180E-03
    1.500000E-02    8.000000E-01    7.629641E-01    7.979798E+00   -2.017407E-03
    1.500000E-02    8.000000E-01    7.629641E-01    8.080808E+00   -1.239633E-03
    1.500000E-02    8.000000E-01    7.629641E-01    8.181818E+00   -4.618593E-04
    1.500000E-02    8.000000E-01    7.629641E-01    8.282828E+00    3.159143E-04
    1.500000E-02    8.000000E-01    7.629641E-01    8.383838E+00    1.093688E-03
    1.500000E-02    8.000000E-01    7.629641E-01    8.484848E+00    1.871462E-03
    1.500000E-02    8.000000E-01    7.629641E-01    8.585859E+00    2.649235E-03
    1.500000E-02    8.000000E-01    7.629641E-01    8.686869E+00    3.427009E-03
    1.500000E-02    8.000000E-01    7.629641E-01    8.787879E+00    4.204782E-03
    1.500000E-02    8.000000E-01    7.629641E-01    8.888889E+00    4.982556E-03
    1.500000E-02    8.000000E-01    7.629641E-01    8.989899E+00    5.760330E-03
    1.500000E-02    8.000000E-01    7.629641E-01    9.090909E+00    6.538103E-03
    1.500000E-02    8.000000E-01    7.629641E-01    9.191919E+00    7.315877E-03
    1.500000E-02    8.000000E-01    7.629641E-01    9.292929E+00    7.594041E-03
    1.500000E-02    8.000000E-01    7.629641E-01    9.393939E+00    7.335864E-03
    1.500000E-02    8.000000E-01    7.629641E-01    9.494949E+00    7.077686E-03
    1.500000E-02    8.000000E-01    7.629641E-01    9.595960E+00    6.819509E-03
    1.500000E-02    8.000000E-01    7.629641E-01    9.696970E+00    6.561331E-03
    1.500000E-02    8.000000E-01    7.629641E-01    9.797980E+00    6.303154E-03
    1.500000E-02    8.000000E-01    7.629641E-01    9.898990E+00    6.044977E-03
    1.500000E-02    8.000000E-01    7.629641E-01    1.000000E+01    5.786799E-03

    1.500000E-02    9.000000E-01    7.629641E-01    0.000000E+00    2.825483E-05
    1.500000E-02    9.000000E-01    7.629641E-01    1.010101E-01    2.812487E-05
    1.500000E-02    9.000000E-01    7.629641E-01    2.020202E-01    2.773779E-05
    1.500000E-02    9.000000E-01    7.629641E-01    3.030303E-01    2.709847E-05
    1.500000E-02    9.000000E-01    7.629641E-01    4.040404E-01    2.621607E-05
    1.500000E-02    9.000000E-01    7.629641E-01    5.050505E-01    2.510282E-05
    1.500000E-02    9.000000E-01    7.629641E-01    6.060606E-01    2.377781E-05
    1.500000E-02    9.000000E-01    7.629641E-01    7.070707E-01    2.226575E-05
    1.500000E-02    9.000000E-01    7.629641E-01    8.080808E-01    2.059714E-05
    1.500000E-02    9.000000E-01    7.629641E-01    9.090909E-01    1.880732E-05
    1.500000E-02    9.000000E-01    7.629641E-01    1.010101E+00    1.693383E-05
    1.500000E-02    9.000000E-01    7.629641E-01    1.111111E+00    1.501319E-05
    1.500000E-02    9.000000E-01    7.629641E-01    1.212121E+00    1.307920E-05
    1.500000E-02    9.000000E-01    7.629641E-01    1.313131E+00    1.116120E-05
    1.500000E-02    9.000000E-01    7.629641E-01    1.414141E+00    9.282776E-06
    1.500000E-02    9.000000E-01    7.629641E-01    1.515152E+00    7.462962E-06
    1.500000E-02    9.000000E-01    7.629641E-01    1.616162E+00    5.720335E-06
    1.500000E-02    9.000000E-01    7.629641E-01    1.717172E+00    4.064610E-06
    1.500000E-02    9.000000E-01    7.629641E-01    1.818182E+00    2.508840E-06
    1.500000E-02    9.000000E-01    7.629641E-01    1.919192E+00    1.056063E-06
    1.500000E-02    9.000000E-01    7.629641E-01    2.020202E+00   -2.845785E-07
    1.500000E-02    9.000000E-01    7.629641E-01    2.121212E+00   -1.506315E-06
    1.500000E-02    9.000000E-01    7.629641E-01    2.222222E+00   -2.620264E-06
    1.500000E-02    9.000000E-01    7.629641E-01    2.323232E+00   -3.619489E-06
    1.500000E-02    9.000000E-01    7.629641E-01    2.424242E+00   -4.503316E-06
    1.500000E-02    9.000000E-01    7.629641E-01    2.525253E+00   -5.275564E-06
    1.500000E-02    9.000000E-01    7.629641E-01    2.626263E+00   -5.942471E-06
    1.500000E-02    9.000000E-01    7.629641E-01    2.727273E+00   -6.510791E-06
    1.500000E-02    9.000000E-01    7.629641E-01    2.828283E+00   -6.986513E-06
    1.500000E-02    9.000000E-01    7.629641E-01    2.929293E+00   -7.374393E-06
    1.500000E-02    9.000000E-01    7.629641E-01    3.030303E+00   -7.666177E-06
    1.500000E-02    9.000000E-01    7.629641E-01    3.131313E+00   -7.877096E-06
    1.500000E-02    9.000000E-01    7.629641E-01    3.232323E+00   -8.018976E-06
    1.500000E-02    9.000000E-01    7.629641E-01    3.333333E+00   -8.096167E-06
    1.500000E-02    9.000000E-01    7.629641E-01    3.434343E+00   -8.113553E-06
    1.500000E-02    9.000000E-01    7.629641E-01    3.535354E+00   -8.077006E-06
    1.500000E-02    9.000000E-01    7.629641E-01    3.636364E+00   -7.993510E-06
    1.500000E-02    9.000000E-01    7.629641E-01    3.737374E+00   -7.864444E-06
    1.500000E-02    9.000000E-01    7.629641E-01    3.838384E+00   -7.697524E-06
    1.500000E-02    9.000000E-01    7.629641E-01    3.939394E+00   -7.486644E-06
    1.500000E-02    9.000000E-01    7.629641E-01    4.040404E+00   -7.252138E-06
    1.500000E-02    9.000000E-01    7.629641E-01    4.141414E+00   -7.017632E-06
    1.500000E-02    9.000000E-01    7.629641E-01    4.242424E+00   -6.756393E-06
    1.500000E-02    9.000000E-01    7.629641E-01    4.343434E+00   -6.465196E-06
    1.500000E-02    9.000000E-01    7.629641E-01    4.444444E+00   -6.173999E-06
    1.500000E-02    9.000000E-01    7.629641E-01    4.545455E+00   -5.882802E-06
    1.500000E-02    9.000000E-01    7.629641E-01    4.646465E+00   -5.591605E-06
    1.500000E-02    9.000000E-01    7.629641E-01    4.747475E+00   -5.300701E-06
    1.500000E-02    9.000000E-01    7.629641E-01    4.848485E+00   -5.016968E-06
    1.500000E-02    9.000000E-01    7.629641E-01    4.949495E+00   -4.733236E-06
    1.500000E-02    9.000000E-01    7.629641E-01    5.050505E+00   -4.449503E-06
    1.500000E-02    9.000000E-01    7.629641E-01    5.151515E+00   -4.165770E-06
    1.500000E-02    9.000000E-01    7.629641E-01    5.252525E+00   -3.882038E-06
    1.500000E-02    9.000000E-01    7.629641E-01    5.353535E+00   -3.598305E-06
    1.500000E-02    9.000000E-01    7.629641E-01    5.454545E+00   -3.314572E-06
    1.500000E-02    9.000000E-01    7.629641E-01    5.555556E+00   -3.055539E-06
    1.500000E-02    9.000000E-01    7.629641E-01    5.656566E+00   -2.859034E-06
    1.500000E-02    9.000000E-01    7.629641E-01    5.757576E+00   -2.662529E-06
    1.500000E-02    9.000000E-01    7.629641E-01    5.858586E+00   -2.466024E-06
    1.500000E-02    9.000000E-01    7.629641E-01    5.959596E+00   -2.269520E-06
    1.500000E-02    9.000000E-01    7.629641E-01    6.060606E+00   -2.073015E-06
    1.500000E-02    9.000000E-01    7.629641E-01    6.161616E+00   -1.876510E-06
    1.500000E-02    9.000000E-01    7.629641E-01    6.262626E+00   -1.680005E-06
    1.500000E-02    9.000000E-01    7.629641E-01    6.363636E+00   -1.483500E-06
    1.500000E-02    9.000000E-01    7.629641E-01    6.464646E+00   -1.286995E-06
    1.500000E-02    9.000000E-01    7.629641E-01    6.565657E+00   -1.119322E-06
    1.500000E-02    9.000000E-01    7.629641E-01    6.666667E+00   -1.032152E-06
    1.500000E-02    9.000000E-01    7.629641E-01    6.767677E+00   -9.449818E-07
    1.500000E-02    9.000000E-01    7.629641E-01    6.868687E+00   -8.578115E-07
    1.500000E-02    9.000000E-01    7.629641E-01    6.969697E+00   -7.706412E-07
    1.500000E-02    9.000000E-01    7.629641E-01    7.070707E+00   -6.834709E-07
    1.500000E-02    9.000000E-01    7.629641E-01    7.171717E+00   -5.963007E-07
    1.500000E-02    9.000000E-01    7.629641E-01    7.272727E+00   -5.091304E-07
    1.500000E-02    9.000000E-01    7.629641E-01    7.373737E+00   -4.219601E-07
    1.500000E-02    9.000000E-01    7.629641E-01    7.474747E+00   -3.347899E-07
    1.500000E-02    9.000000E-01    7.629641E-01    7.575758E+00   -2.476196E-07
    1.500000E-02    9.000000E-01    7.629641E-01    7.676768E+00   -1.604493E-07
    1.500000E-02    9.000000E-01    7.629641E-01    7.777778E+00   -7.390988E-08
    1.500000E-02    9.000000E-01    7.629641E-01    7.878788E+00   -5.721286E-08
    1.500000E-02    9.000000E-01    7.629641E-01    7.979798E+00   -4.051584E-08
    1.500000E-02    9.000000E-01    7.629641E-01    8.080808E+00   -2.381882E-08
    1.500000E-02    9.000000E-01    7.629641E-01    8.181818E+00   -7.121805E-09
    1.500000E-02    9.000000E-01    7.629641E-01    8.282828E+00    9.575214E-09
    1.500000E-02    9.000000E-01    7.629641E-01    8.383838E+00    2.627223E-08
    1.500000E-02    9.000000E-01    7.629641E-01    8.484848E+00    4.296925E-08
    1.500000E-02    9.000000E-01    7.629641E-01    8.585859E+00    5.966627E-08
    1.500000E-02    9.000000E-01    7.629641E-01    8.686869E+00    7.636329E-08
    1.500000E-02    9.000000E-01    7.629641E-01    8.787879E+00    9.306031E-08
    1.500000E-02    9.000000E-01    7.629641E-01    8.888889E+00    1.097573E-07
    1.500000E-02    9.000000E-01    7.629641E-01    8.989899E+00    1.264543E-07
    1.500000E-02    9.000000E-01    7.629641E-01    9.090909E+00    1.431514E-07
    1.500000E-02    9.000000E-01    7.629641E-01    9.191919E+00    1.598484E-07
    1.500000E-02    9.000000E-01    7.629641E-01    9.292929E+00    1.657640E-07
    1.500000E-02    9.000000E-01    7.629641E-01    9.393939E+00    1.601055E-07
    1.500000E-02    9.000000E-01    7.629641E-01    9.494949E+00    1.544469E-07
    1.500000E-02    9.000000E-01    7.629641E-01    9.595960E+00    1.487884E-07
    1.500000E-02    9.000000E-01    7.629641E-01    9.696970E+00    1.431299E-07
    1.500000E-02    9.000000E-01    7.629641E-01    9.797980E+00    1.374714E-07
    1.500000E-02    9.000000E-01    7.629641E-01    9.898990E+00    1.318129E-07
    1.500000E-02    9.000000E-01    7.629641E-01    1.000000E+01    1.261544E-07

    1.500000E-02    1.000000E+00    7.629641E-01    0.000000E+00    3.616522E-06
    1.500000E-02    1.000000E+00    7.629641E-01    1.010101E-01    3.599918E-06
    1.500000E-02    1.000000E+00    7.629641E-01    2.020202E-01    3.550466E-06
    1.500000E-02    1.000000E+00    7.629641E-01    3.030303E-01    3.468803E-06
    1.500000E-02    1.000000E+00    7.629641E-01    4.040404E-01    3.356117E-06
    1.500000E-02    1.000000E+00    7.629641E-01    5.050505E-01    3.213997E-06
    1.500000E-02    1.000000E+00    7.629641E-01    6.060606E-01    3.044897E-06
    1.500000E-02    1.000000E+00    7.629641E-01    7.070707E-01    2.851982E-06
    1.500000E-02    1.000000E+00    7.629641E-01    8.080808E-01    2.639136E-06
    1.500000E-02    1.000000E+00    7.629641E-01    9.090909E-01    2.410846E-06
    1.500000E-02    1.000000E+00    7.629641E-01    1.010101E+00    2.171868E-06
    1.500000E-02    1.000000E+00    7.629641E-01    1.111111E+00    1.926832E-06
    1.500000E-02    1.000000E+00    7.629641E-01    1.212121E+00    1.680029E-06
    1.500000E-02    1.000000E+00    7.629641E-01    1.313131E+00    1.435200E-06
    1.500000E-02    1.000000E+00    7.629641E-01    1.414141E+00    1.195359E-06
    1.500000E-02    1.000000E+00    7.629641E-01    1.515152E+00    9.629417E-07
    1.500000E-02    1.000000E+00    7.629641E-01    1.616162E+00    7.403310E-07
    1.500000E-02    1.000000E+00    7.629641E-01    1.717172E+00    5.287805E-07
    1.500000E-02    1.000000E+00    7.629641E-01    1.818182E+00    3.299664E-07
    1.500000E-02    1.000000E+00    7.629641E-01    1.919192E+00    1.442871E-07
    1.500000E-02    1.000000E+00    7.629641E-01    2.020202E+00   -2.708237E-08
    1.500000E-02    1.000000E+00    7.629641E-01    2.121212E+00   -1.832702E-07
    1.500000E-02    1.000000E+00    7.629641E-01    2.222222E+00   -3.256906E-07
    1.500000E-02    1.000000E+00    7.629641E-01    2.323232E+00   -4.534533E-07
    1.500000E-02    1.000000E+00    7.629641E-01    2.424242E+00   -5.664681E-07
    1.500000E-02    1.000000E+00    7.629641E-01    2.525253E+00   -6.652204E-07
    1.500000E-02    1.000000E+00    7.629641E-01    2.626263E+00   -7.505049E-07
    1.500000E-02    1.000000E+00    7.629641E-01    2.727273E+00   -8.231836E-07
    1.500000E-02    1.000000E+00    7.629641E-01    2.828283E+00   -8.840213E-07
    1.500000E-02    1.000000E+00    7.629641E-01    2.929293E+00   -9.336249E-07
    1.500000E-02    1.000000E+00    7.629641E-01    3.030303E+00   -9.709386E-07
    1.500000E-02    1.000000E+00    7.629641E-01    3.131313E+00   -9.979100E-07
    1.500000E-02    1.000000E+00    7.629641E-01    3.232323E+00   -1.016052E-06
    1.500000E-02    1.000000E+00    7.629641E-01    3.333333E+00   -1.025921E-06
    1.500000E-02    1.000000E+00    7.629641E-01    3.434343E+00   -1.028142E-06
    1.500000E-02    1.000000E+00    7.629641E-01    3.535354E+00   -1.023468E-06
    1.500000E-02    1.000000E+00    7.629641E-01    3.636364E+00   -1.012793E-06
    1.500000E-02    1.000000E+00    7.629641E-01    3.737374E+00   -9.962935E-07
    1.500000E-02    1.000000E+00    7.629641E-01    3.838384E+00   -9.749584E-07
    1.500000E-02    1.000000E+00    7.629641E-01    3.939394E+00   -9.480119E-07
    1.500000E-02    1.000000E+00    7.629641E-01    4.040404E+00   -9.180508E-07
    1.500000E-02    1.000000E+00    7.629641E-01    4.141414E+00   -8.880897E-07
    1.500000E-02    1.000000E+00    7.629641E-01    4.242424E+00   -8.547294E-07
    1.500000E-02    1.000000E+00    7.629641E-01    4.343434E+00   -8.175600E-07
    1.500000E-02    1.000000E+00    7.629641E-01    4.444444E+00   -7.803906E-07
    1.500000E-02    1.000000E+00    7.629641E-01    4.545455E+00   -7.432212E-07
    1.500000E-02    1.000000E+00    7.629641E-01    4.646465E+00   -7.060518E-07
    1.500000E-02    1.000000E+00    7.629641E-01    4.747475E+00   -6.689227E-07
    1.500000E-02    1.000000E+00    7.629641E-01    4.848485E+00   -6.327815E-07
    1.500000E-02    1.000000E+00    7.629641E-01    4.949495E+00   -5.966403E-07
    1.500000E-02    1.000000E+00    7.629641E-01    5.050505E+00   -5.604990E-07
    1.500000E-02    1.000000E+00    7.629641E-01    5.151515E+00   -5.243578E-07
    1.500000E-02    1.000000E+00    7.629641E-01    5.252525E+00   -4.882166E-07
    1.500000E-02    1.000000E+00    7.629641E-01    5.353535E+00   -4.520754E-07
    1.500000E-02    1.000000E+00    7.629641E-01    5.454545E+00   -4.159341E-07
    1.500000E-02    1.000000E+00    7.629641E-01    5.555556E+00   -3.829710E-07
    1.500000E-02    1.000000E+00    7.629641E-01    5.656566E+00   -3.580535E-07
    1.500000E-02    1.000000E+00    7.629641E-01    5.757576E+00   -3.331360E-07
    1.500000E-02    1.000000E+00    7.629641E-01    5.858586E+00   -3.082184E-07
    1.500000E-02    1.000000E+00    7.629641E-01    5.959596E+00   -2.833009E-07
    1.500000E-02    1.000000E+00    7.629641E-01    6.060606E+00   -2.583834E-07
    1.500000E-02    1.000000E+00    7.629641E-01    6.161616E+00   -2.334659E-07
    1.500000E-02    1.000000E+00    7.629641E-01    6.262626E+00   -2.085483E-07
    1.500000E-02    1.000000E+00    7.629641E-01    6.363636E+00   -1.836308E-07
    1.500000E-02    1.000000E+00    7.629641E-01    6.464646E+00   -1.587133E-07
    1.500000E-02    1.000000E+00    7.629641E-01    6.565657E+00   -1.374836E-07
    1.500000E-02    1.000000E+00    7.629641E-01    6.666667E+00   -1.265505E-07
    1.500000E-02    1.000000E+00    7.629641E-01    6.767677E+00   -1.156174E-07
    1.500000E-02    1.000000E+00    7.629641E-01    6.868687E+00   -1.046844E-07
    1.500000E-02    1.000000E+00    7.629641E-01    6.969697E+00   -9.375131E-08
    1.500000E-02    1.000000E+00    7.629641E-01    7.070707E+00   -8.281824E-08
    1.500000E-02    1.000000E+00    7.629641E-01    7.171717E+00   -7.188517E-08
    1.500000E-02    1.000000E+00    7.629641E-01    7.272727E+00   -6.095211E-08
    1.500000E-02    1.000000E+00    7.629641E-01    7.373737E+00   -5.001904E-08
    1.500000E-02    1.000000E+00    7.629641E-01    7.474747E+00   -3.908597E-08
    1.500000E-02    1.000000E+00    7.629641E-01    7.575758E+00   -2.815291E-08
    1.500000E-02    1.000000E+00    7.629641E-01    7.676768E+00   -1.721984E-08
    1.500000E-02    1.000000E+00    7.629641E-01    7.777778E+00   -6.366792E-09
    1.500000E-02    1.000000E+00    7.629641E-01    7.878788E+00   -4.373311E-09
    1.500000E-02    1.000000E+00    7.629641E-01    7.979798E+00   -2.379829E-09
    1.500000E-02    1.000000E+00    7.629641E-01    8.080808E+00   -3.863475E-10
    1.500000E-02    1.000000E+00    7.629641E-01    8.181818E+00    1.607134E-09
    1.500000E-02    1.000000E+00    7.629641E-01    8.282828E+00    3.600616E-09
    1.500000E-02    1.000000E+00    7.629641E-01    8.383838E+00    5.594097E-09
    1.500000E-02    1.000000E+00    7.629641E-01    8.484848E+00    7.587579E-09
    1.500000E-02    1.000000E+00    7.629641E-01    8.585859E+00    9.581060E-09
    1.500000E-02    1.000000E+00    7.629641E-01    8.686869E+00    1.157454E-08
    1.500000E-02    1.000000E+00    7.629641E-01    8.787879E+00    1.356802E-08
    1.500000E-02    1.000000E+00    7.629641E-01    8.888889E+00    1.556151E-08
    1.500000E-02    1.000000E+00    7.629641E-01    8.989899E+00    1.755499E-08
    1.500000E-02    1.000000E+00    7.629641E-01    9.090909E+00    1.954847E-08
    1.500000E-02    1.000000E+00    7.629641E-01    9.191919E+00    2.154195E-08
    1.500000E-02    1.000000E+00    7.629641E-01    9.292929E+00    2.219878E-08
    1.500000E-02    1.000000E+00    7.629641E-01    9.393939E+00    2.142069E-08
    1.500000E-02    1.000000E+00    7.629641E-01    9.494949E+00    2.064259E-08
    1.500000E-02    1.000000E+00    7.629641E-01    9.595960E+00    1.986450E-08
    1.500000E-02    1.000000E+00    7.629641E-01    9.696970E+00    1.908641E-08
    1.500000E-02    1.000000E+00    7.629641E-01    9.797980E+00    1.830831E-08
    1.500000E-02    1.000000E+00    7.629641E-01    9.898990E+00    1.753022E-08
    1.500000E-02    1.000000E+00    7.629641E-01    1.000000E+01    1.675213E-08

