#     k [MeV]       Xi [MeV]       1/2/Xi [MeV-1]     e(k) [MeV]     Xi_qp [MeV]


# rho=   0.01500 temp=   1.10000
    0.638873E+00    0.136007E+02    0.367627E-01   -0.653529E+01    0.119331E+02
    0.334081E+01    0.135948E+02    0.367788E-01   -0.652852E+01    0.119263E+02
    0.809926E+01    0.135651E+02    0.368594E-01   -0.649370E+01    0.118915E+02
    0.147433E+02    0.134809E+02    0.370896E-01   -0.639636E+01    0.117942E+02
    0.230330E+02    0.133038E+02    0.375832E-01   -0.619263E+01    0.115906E+02
    0.326688E+02    0.129977E+02    0.384682E-01   -0.584210E+01    0.112402E+02
    0.433023E+02    0.125349E+02    0.398885E-01   -0.532067E+01    0.107192E+02
    0.545493E+02    0.119040E+02    0.420027E-01   -0.462958E+01    0.100291E+02
    0.660033E+02    0.111130E+02    0.449925E-01   -0.379615E+01    0.919777E+01
    0.772504E+02    0.101921E+02    0.490576E-01   -0.287233E+01    0.827863E+01
    0.878839E+02    0.919492E+01    0.543779E-01   -0.191881E+01    0.733506E+01
    0.975196E+02    0.819060E+01    0.610456E-01   -0.992403E+00    0.642818E+01
    0.105809E+03    0.725999E+01    0.688706E-01   -0.148047E+00    0.561753E+01
    0.112453E+03    0.648106E+01    0.771479E-01    0.562674E+00    0.495542E+01
    0.117212E+03    0.591411E+01    0.845435E-01    0.109143E+01    0.448119E+01
    0.119914E+03    0.559257E+01    0.894043E-01    0.139949E+01    0.421463E+01
    0.120625E+03    0.550853E+01    0.907683E-01    0.148154E+01    0.414506E+01
    0.120932E+03    0.547231E+01    0.913691E-01    0.151707E+01    0.411513E+01
    0.121479E+03    0.540775E+01    0.924600E-01    0.158059E+01    0.406194E+01
    0.122256E+03    0.531617E+01    0.940527E-01    0.167138E+01    0.398664E+01
    0.123253E+03    0.519991E+01    0.961555E-01    0.178838E+01    0.389090E+01
    0.124451E+03    0.506075E+01    0.987995E-01    0.193021E+01    0.377693E+01
    0.125831E+03    0.490266E+01    0.101985E+00    0.209516E+01    0.364748E+01
    0.127371E+03    0.472909E+01    0.105729E+00    0.228114E+01    0.350583E+01
    0.129046E+03    0.454442E+01    0.110025E+00    0.248575E+01    0.335574E+01
    0.130827E+03    0.435378E+01    0.114843E+00    0.270622E+01    0.320139E+01
    0.132686E+03    0.416292E+01    0.120108E+00    0.293940E+01    0.304723E+01
    0.134592E+03    0.397731E+01    0.125713E+00    0.318182E+01    0.289783E+01
    0.136514E+03    0.380241E+01    0.131495E+00    0.342971E+01    0.275751E+01
    0.138419E+03    0.364315E+01    0.137244E+00    0.367904E+01    0.263015E+01
    0.140278E+03    0.350342E+01    0.142718E+00    0.392560E+01    0.251878E+01
    0.142060E+03    0.338582E+01    0.147675E+00    0.416505E+01    0.242540E+01
    0.143734E+03    0.329118E+01    0.151921E+00    0.439305E+01    0.235073E+01
    0.145274E+03    0.321853E+01    0.155351E+00    0.460531E+01    0.229423E+01
    0.146655E+03    0.316735E+01    0.157861E+00    0.479772E+01    0.225420E+01
    0.147853E+03    0.313727E+01    0.159374E+00    0.496640E+01    0.222806E+01
    0.148849E+03    0.311509E+01    0.160509E+00    0.510786E+01    0.221268E+01
    0.149627E+03    0.311833E+01    0.160342E+00    0.521911E+01    0.220481E+01
    0.150174E+03    0.311984E+01    0.160265E+00    0.529773E+01    0.220150E+01
    0.150480E+03    0.313149E+01    0.159668E+00    0.534201E+01    0.220046E+01
    0.150625E+03    0.316038E+01    0.158209E+00    0.536287E+01    0.220018E+01
    0.150932E+03    0.278643E+01    0.179441E+00    0.540731E+01    0.220002E+01
    0.151479E+03    0.303907E+01    0.164524E+00    0.548676E+01    0.220121E+01
    0.152256E+03    0.307668E+01    0.162513E+00    0.560040E+01    0.220625E+01
    0.153253E+03    0.308888E+01    0.161871E+00    0.574698E+01    0.221849E+01
    0.154451E+03    0.311892E+01    0.160312E+00    0.592486E+01    0.224201E+01
    0.155831E+03    0.316439E+01    0.158008E+00    0.613197E+01    0.228118E+01
    0.157371E+03    0.323092E+01    0.154755E+00    0.636580E+01    0.234031E+01
    0.159046E+03    0.332449E+01    0.150399E+00    0.662337E+01    0.242318E+01
    0.160827E+03    0.344814E+01    0.145006E+00    0.690129E+01    0.253250E+01
    0.162686E+03    0.360290E+01    0.138777E+00    0.719571E+01    0.266951E+01
    0.164592E+03    0.378783E+01    0.132002E+00    0.750239E+01    0.283371E+01
    0.166514E+03    0.399979E+01    0.125007E+00    0.781666E+01    0.302270E+01
    0.168419E+03    0.423353E+01    0.118105E+00    0.813346E+01    0.323228E+01
    0.170278E+03    0.448254E+01    0.111544E+00    0.844738E+01    0.345666E+01
    0.172060E+03    0.473893E+01    0.105509E+00    0.875278E+01    0.368894E+01
    0.173734E+03    0.499442E+01    0.100112E+00    0.904396E+01    0.392160E+01
    0.175274E+03    0.524072E+01    0.954067E-01    0.931533E+01    0.414696E+01
    0.176655E+03    0.546999E+01    0.914079E-01    0.956151E+01    0.435759E+01
    0.177853E+03    0.567493E+01    0.881068E-01    0.977745E+01    0.454662E+01
    0.178849E+03    0.584922E+01    0.854815E-01    0.995863E+01    0.470793E+01
    0.179627E+03    0.598776E+01    0.835036E-01    0.101011E+02    0.483639E+01
    0.180174E+03    0.608623E+01    0.821527E-01    0.102019E+02    0.492795E+01
    0.180480E+03    0.614199E+01    0.814068E-01    0.102586E+02    0.497979E+01
    0.180848E+03    0.620914E+01    0.805264E-01    0.103267E+02    0.504229E+01
    0.182107E+03    0.644195E+01    0.776163E-01    0.105616E+02    0.525962E+01
    0.184362E+03    0.686978E+01    0.727825E-01    0.109885E+02    0.566095E+01
    0.187598E+03    0.750515E+01    0.666209E-01    0.116146E+02    0.626112E+01
    0.191793E+03    0.836007E+01    0.598081E-01    0.124505E+02    0.707634E+01
    0.196922E+03    0.944482E+01    0.529391E-01    0.135087E+02    0.812160E+01
    0.202956E+03    0.107675E+02    0.464361E-01    0.148035E+02    0.940978E+01
    0.209864E+03    0.123364E+02    0.405305E-01    0.163490E+02    0.109528E+02
    0.217615E+03    0.141620E+02    0.353058E-01    0.181612E+02    0.127642E+02
    0.226183E+03    0.162571E+02    0.307558E-01    0.202605E+02    0.148632E+02
    0.235543E+03    0.186381E+02    0.268267E-01    0.226771E+02    0.172798E+02
    0.245674E+03    0.213242E+02    0.234476E-01    0.254434E+02    0.200461E+02
    0.256562E+03    0.243366E+02    0.205452E-01    0.285690E+02    0.231717E+02
    0.268201E+03    0.277002E+02    0.180504E-01    0.320463E+02    0.266489E+02
    0.280593E+03    0.314444E+02    0.159011E-01    0.359082E+02    0.305109E+02
    0.293748E+03    0.356034E+02    0.140436E-01    0.401979E+02    0.348006E+02
    0.307689E+03    0.402171E+02    0.124325E-01    0.449072E+02    0.395099E+02
    0.322450E+03    0.453338E+02    0.110293E-01    0.500794E+02    0.446821E+02
    0.338078E+03    0.510101E+02    0.980198E-02    0.557877E+02    0.503904E+02
    0.354639E+03    0.573138E+02    0.872390E-02    0.620930E+02    0.566957E+02
    0.372217E+03    0.643281E+02    0.777266E-02    0.690827E+02    0.636854E+02
    0.390919E+03    0.721549E+02    0.692954E-02    0.768625E+02    0.714652E+02
    0.410883E+03    0.809215E+02    0.617883E-02    0.855588E+02    0.801615E+02
    0.432282E+03    0.907890E+02    0.550727E-02    0.953395E+02    0.899422E+02
    0.455340E+03    0.101964E+03    0.490368E-02    0.106416E+03    0.101018E+03
    0.480345E+03    0.114717E+03    0.435855E-02    0.119062E+03    0.113664E+03
    0.507672E+03    0.129408E+03    0.386374E-02    0.133633E+03    0.128236E+03
    0.537826E+03    0.146532E+03    0.341222E-02    0.150622E+03    0.145224E+03
    0.571499E+03    0.166787E+03    0.299783E-02    0.170714E+03    0.165317E+03
    0.609675E+03    0.191198E+03    0.261509E-02    0.194926E+03    0.189528E+03
    0.653814E+03    0.221343E+03    0.225894E-02    0.224827E+03    0.219429E+03
    0.706225E+03    0.259780E+03    0.192471E-02    0.263017E+03    0.257620E+03
    0.770861E+03    0.311033E+03    0.160754E-02    0.314304E+03    0.308906E+03
    0.855391E+03    0.384218E+03    0.130135E-02    0.387945E+03    0.382547E+03
    0.978023E+03    0.502876E+03    0.994281E-03    0.508766E+03    0.503369E+03
    0.120442E+04    0.765640E+03    0.653048E-03    0.772560E+03    0.767163E+03
