#     k [MeV]       Xi [MeV]       1/2/Xi [MeV-1]     e(k) [MeV]     Xi_qp [MeV]


# rho=   0.01500 temp=   0.40000
    0.638873E+00    0.137096E+02    0.364707E-01   -0.649179E+01    0.119939E+02
    0.334081E+01    0.137037E+02    0.364866E-01   -0.648495E+01    0.119871E+02
    0.809926E+01    0.136739E+02    0.365661E-01   -0.644976E+01    0.119519E+02
    0.147433E+02    0.135897E+02    0.367927E-01   -0.635146E+01    0.118536E+02
    0.230330E+02    0.134115E+02    0.372814E-01   -0.614525E+01    0.116474E+02
    0.326688E+02    0.131034E+02    0.381580E-01   -0.578984E+01    0.112920E+02
    0.433023E+02    0.126369E+02    0.395667E-01   -0.526147E+01    0.107636E+02
    0.545493E+02    0.120008E+02    0.416640E-01   -0.456325E+01    0.100654E+02
    0.660033E+02    0.112008E+02    0.446398E-01   -0.372512E+01    0.922726E+01
    0.772504E+02    0.102661E+02    0.487040E-01   -0.280090E+01    0.830303E+01
    0.878839E+02    0.924742E+01    0.540691E-01   -0.185130E+01    0.735343E+01
    0.975196E+02    0.820937E+01    0.609060E-01   -0.931245E+00    0.643338E+01
    0.105809E+03    0.722836E+01    0.691720E-01   -0.938947E-01    0.559604E+01
    0.112453E+03    0.638349E+01    0.783270E-01    0.610515E+00    0.489167E+01
    0.117212E+03    0.574711E+01    0.870003E-01    0.113443E+01    0.436787E+01
    0.119914E+03    0.537420E+01    0.930372E-01    0.143963E+01    0.406282E+01
    0.120625E+03    0.527482E+01    0.947900E-01    0.152092E+01    0.398160E+01
    0.120932E+03    0.523163E+01    0.955726E-01    0.155613E+01    0.394642E+01
    0.121479E+03    0.515437E+01    0.970051E-01    0.161906E+01    0.388355E+01
    0.122256E+03    0.504404E+01    0.991268E-01    0.170900E+01    0.379371E+01
    0.123253E+03    0.490173E+01    0.102005E+00    0.182493E+01    0.367796E+01
    0.124451E+03    0.472898E+01    0.105731E+00    0.196545E+01    0.353771E+01
    0.125831E+03    0.452793E+01    0.110426E+00    0.212887E+01    0.337473E+01
    0.127371E+03    0.430140E+01    0.116241E+00    0.231315E+01    0.319119E+01
    0.129046E+03    0.405238E+01    0.123384E+00    0.251589E+01    0.298966E+01
    0.130827E+03    0.378475E+01    0.132109E+00    0.273436E+01    0.277325E+01
    0.132686E+03    0.350328E+01    0.142724E+00    0.296544E+01    0.254565E+01
    0.134592E+03    0.321376E+01    0.155581E+00    0.320569E+01    0.231125E+01
    0.136514E+03    0.292282E+01    0.171068E+00    0.345136E+01    0.207527E+01
    0.138419E+03    0.263816E+01    0.189526E+00    0.369846E+01    0.184382E+01
    0.140278E+03    0.236849E+01    0.211105E+00    0.394284E+01    0.162385E+01
    0.142060E+03    0.212291E+01    0.235526E+00    0.418018E+01    0.142269E+01
    0.143734E+03    0.190951E+01    0.261848E+00    0.440618E+01    0.124727E+01
    0.145274E+03    0.173292E+01    0.288531E+00    0.461661E+01    0.110282E+01
    0.146655E+03    0.159612E+01    0.313259E+00    0.480737E+01    0.991687E+00
    0.147853E+03    0.150780E+01    0.331609E+00    0.497463E+01    0.912715E+00
    0.148849E+03    0.143708E+01    0.347928E+00    0.511492E+01    0.861518E+00
    0.149627E+03    0.141748E+01    0.352738E+00    0.522526E+01    0.831690E+00
    0.150174E+03    0.137900E+01    0.362581E+00    0.530324E+01    0.816416E+00
    0.150480E+03    0.136142E+01    0.367264E+00    0.534715E+01    0.809983E+00
    0.150625E+03    0.136071E+01    0.367455E+00    0.536785E+01    0.807499E+00
    0.150932E+03    0.138409E+01    0.361249E+00    0.541193E+01    0.803387E+00
    0.151479E+03    0.181024E+01    0.276207E+00    0.549075E+01    0.800054E+00
    0.152256E+03    0.139149E+01    0.359327E+00    0.560349E+01    0.804276E+00
    0.153253E+03    0.137603E+01    0.363365E+00    0.574894E+01    0.825219E+00
    0.154451E+03    0.144291E+01    0.346521E+00    0.592546E+01    0.873311E+00
    0.155831E+03    0.154383E+01    0.323869E+00    0.613104E+01    0.958385E+00
    0.157371E+03    0.169053E+01    0.295765E+00    0.636318E+01    0.108742E+01
    0.159046E+03    0.189127E+01    0.264373E+00    0.661894E+01    0.126266E+01
    0.160827E+03    0.214239E+01    0.233384E+00    0.689498E+01    0.148120E+01
    0.162686E+03    0.243533E+01    0.205311E+00    0.718750E+01    0.173598E+01
    0.164592E+03    0.275922E+01    0.181211E+00    0.749230E+01    0.201784E+01
    0.166514E+03    0.310263E+01    0.161154E+00    0.780477E+01    0.231724E+01
    0.168419E+03    0.345466E+01    0.144732E+00    0.811986E+01    0.262527E+01
    0.170278E+03    0.380612E+01    0.131367E+00    0.843220E+01    0.293393E+01
    0.172060E+03    0.414854E+01    0.120524E+00    0.873616E+01    0.323602E+01
    0.173734E+03    0.447444E+01    0.111746E+00    0.902605E+01    0.352497E+01
    0.175274E+03    0.477713E+01    0.104665E+00    0.929629E+01    0.379473E+01
    0.176655E+03    0.505059E+01    0.989983E-01    0.954150E+01    0.403969E+01
    0.177853E+03    0.528948E+01    0.945273E-01    0.975664E+01    0.425471E+01
    0.178849E+03    0.548914E+01    0.910889E-01    0.993718E+01    0.443518E+01
    0.179627E+03    0.564590E+01    0.885598E-01    0.100792E+02    0.457717E+01
    0.180174E+03    0.575627E+01    0.868618E-01    0.101796E+02    0.467755E+01
    0.180480E+03    0.581846E+01    0.859334E-01    0.102362E+02    0.473409E+01
    0.180848E+03    0.589309E+01    0.848452E-01    0.103041E+02    0.480201E+01
    0.182107E+03    0.614947E+01    0.813079E-01    0.105383E+02    0.503618E+01
    0.184362E+03    0.661283E+01    0.756106E-01    0.109640E+02    0.546185E+01
    0.187598E+03    0.728683E+01    0.686169E-01    0.115887E+02    0.608655E+01
    0.191793E+03    0.817556E+01    0.611579E-01    0.124230E+02    0.692082E+01
    0.196922E+03    0.928536E+01    0.538482E-01    0.134798E+02    0.797767E+01
    0.202956E+03    0.106251E+02    0.470583E-01    0.147734E+02    0.927123E+01
    0.209864E+03    0.122048E+02    0.409676E-01    0.163181E+02    0.108160E+02
    0.217615E+03    0.140374E+02    0.356193E-01    0.181299E+02    0.126277E+02
    0.226183E+03    0.161371E+02    0.309845E-01    0.202293E+02    0.147272E+02
    0.235543E+03    0.185214E+02    0.269959E-01    0.226472E+02    0.171451E+02
    0.245674E+03    0.212097E+02    0.235742E-01    0.254166E+02    0.199145E+02
    0.256562E+03    0.242237E+02    0.206410E-01    0.285475E+02    0.230454E+02
    0.268201E+03    0.275882E+02    0.181237E-01    0.320299E+02    0.265278E+02
    0.280593E+03    0.313331E+02    0.159576E-01    0.358955E+02    0.303934E+02
    0.293748E+03    0.354923E+02    0.140876E-01    0.401891E+02    0.346870E+02
    0.307689E+03    0.401061E+02    0.124669E-01    0.449017E+02    0.393996E+02
    0.322450E+03    0.452229E+02    0.110563E-01    0.500749E+02    0.445728E+02
    0.338078E+03    0.508994E+02    0.982331E-02    0.557846E+02    0.502825E+02
    0.354639E+03    0.572034E+02    0.874074E-02    0.620902E+02    0.565881E+02
    0.372217E+03    0.642180E+02    0.778598E-02    0.690804E+02    0.635782E+02
    0.390919E+03    0.720452E+02    0.694008E-02    0.768602E+02    0.713581E+02
    0.410883E+03    0.808123E+02    0.618718E-02    0.855566E+02    0.800544E+02
    0.432282E+03    0.906803E+02    0.551388E-02    0.953376E+02    0.898354E+02
    0.455340E+03    0.101856E+03    0.490889E-02    0.106414E+03    0.100912E+03
    0.480345E+03    0.114609E+03    0.436265E-02    0.119061E+03    0.113559E+03
    0.507672E+03    0.129301E+03    0.386694E-02    0.133634E+03    0.128132E+03
    0.537826E+03    0.146425E+03    0.341471E-02    0.150623E+03    0.145121E+03
    0.571499E+03    0.166680E+03    0.299975E-02    0.170716E+03    0.165214E+03
    0.609675E+03    0.191092E+03    0.261654E-02    0.194927E+03    0.189424E+03
    0.653814E+03    0.221237E+03    0.226002E-02    0.224827E+03    0.219325E+03
    0.706225E+03    0.259677E+03    0.192547E-02    0.263019E+03    0.257517E+03
    0.770861E+03    0.310934E+03    0.160806E-02    0.314307E+03    0.308805E+03
    0.855391E+03    0.384121E+03    0.130167E-02    0.387946E+03    0.382444E+03
    0.978023E+03    0.502771E+03    0.994489E-03    0.508770E+03    0.503268E+03
    0.120442E+04    0.765535E+03    0.653138E-03    0.772561E+03    0.767058E+03
