#     k [MeV]       Xi [MeV]       1/2/Xi [MeV-1]     e(k) [MeV]     Xi_qp [MeV]


# rho=   0.16000 temp=   0.09000
    0.159733E+01    0.732284E+02    0.682795E-02   -0.428431E+02    0.645269E+02
    0.835280E+01    0.731840E+02    0.683210E-02   -0.428009E+02    0.644847E+02
    0.202500E+02    0.729663E+02    0.685247E-02   -0.425732E+02    0.642570E+02
    0.368617E+02    0.723471E+02    0.691113E-02   -0.419381E+02    0.636219E+02
    0.575878E+02    0.710685E+02    0.703547E-02   -0.406270E+02    0.623107E+02
    0.816794E+02    0.688732E+02    0.725972E-02   -0.384176E+02    0.601013E+02
    0.108266E+03    0.655681E+02    0.762566E-02   -0.351902E+02    0.568739E+02
    0.136386E+03    0.610610E+02    0.818853E-02   -0.308914E+02    0.525751E+02
    0.165023E+03    0.554013E+02    0.902506E-02   -0.256067E+02    0.472904E+02
    0.193144E+03    0.487890E+02    0.102482E-01   -0.195710E+02    0.412548E+02
    0.219730E+03    0.415718E+02    0.120274E-01   -0.131419E+02    0.348257E+02
    0.243821E+03    0.342145E+02    0.146137E-01   -0.667859E+01    0.283624E+02
    0.264548E+03    0.272582E+02    0.183431E-01   -0.653117E+00    0.223369E+02
    0.281159E+03    0.212511E+02    0.235282E-01    0.443995E+01    0.172438E+02
    0.293056E+03    0.167069E+02    0.299278E-01    0.826228E+01    0.134215E+02
    0.299812E+03    0.140343E+02    0.356269E-01    0.105007E+02    0.111830E+02
    0.301481E+03    0.133630E+02    0.374168E-01    0.110621E+02    0.106216E+02
    0.301788E+03    0.132392E+02    0.377668E-01    0.111657E+02    0.105181E+02
    0.302335E+03    0.130182E+02    0.384078E-01    0.113506E+02    0.103332E+02
    0.303113E+03    0.127033E+02    0.393600E-01    0.116141E+02    0.100696E+02
    0.304109E+03    0.122984E+02    0.406556E-01    0.119528E+02    0.973095E+01
    0.305307E+03    0.118090E+02    0.423406E-01    0.123618E+02    0.932201E+01
    0.306688E+03    0.112430E+02    0.444723E-01    0.128351E+02    0.884870E+01
    0.308228E+03    0.106079E+02    0.471349E-01    0.133657E+02    0.831803E+01
    0.309902E+03    0.991258E+01    0.504409E-01    0.139458E+02    0.773802E+01
    0.311684E+03    0.916954E+01    0.545284E-01    0.145662E+02    0.711758E+01
    0.313542E+03    0.838670E+01    0.596182E-01    0.152173E+02    0.646644E+01
    0.315448E+03    0.757999E+01    0.659631E-01    0.158888E+02    0.579499E+01
    0.317370E+03    0.675510E+01    0.740181E-01    0.165696E+02    0.511415E+01
    0.319276E+03    0.593850E+01    0.841963E-01    0.172485E+02    0.443525E+01
    0.321135E+03    0.513796E+01    0.973148E-01    0.179140E+02    0.376973E+01
    0.322916E+03    0.436553E+01    0.114534E+00    0.185548E+02    0.312895E+01
    0.324591E+03    0.363735E+01    0.137463E+00    0.191599E+02    0.252390E+01
    0.326131E+03    0.296933E+01    0.168388E+00    0.197187E+02    0.196502E+01
    0.327511E+03    0.237871E+01    0.210198E+00    0.202217E+02    0.146206E+01
    0.328709E+03    0.188605E+01    0.265104E+00    0.206598E+02    0.102395E+01
    0.329705E+03    0.151693E+01    0.329614E+00    0.210253E+02    0.659355E+00
    0.330483E+03    0.129064E+01    0.387404E+00    0.213114E+02    0.384442E+00
    0.331030E+03    0.118834E+01    0.420754E+00    0.215129E+02    0.231051E+00
    0.331337E+03    0.114671E+01    0.436029E+00    0.216262E+02    0.186097E+00
    0.331481E+03    0.918732E+00    0.544228E+00    0.216795E+02    0.180033E+00
    0.331788E+03    0.118491E+01    0.421972E+00    0.217929E+02    0.201545E+00
    0.332335E+03    0.124989E+01    0.400037E+00    0.219953E+02    0.331704E+00
    0.333113E+03    0.145160E+01    0.344448E+00    0.222837E+02    0.601503E+00
    0.334109E+03    0.180896E+01    0.276402E+00    0.226542E+02    0.970463E+00
    0.335307E+03    0.230110E+01    0.217287E+00    0.231013E+02    0.141752E+01
    0.336688E+03    0.290017E+01    0.172403E+00    0.236185E+02    0.193472E+01
    0.338228E+03    0.358554E+01    0.139449E+00    0.241981E+02    0.251436E+01
    0.339902E+03    0.434090E+01    0.115184E+00    0.248315E+02    0.314771E+01
    0.341684E+03    0.515121E+01    0.970646E-01    0.255088E+02    0.382507E+01
    0.343542E+03    0.600066E+01    0.833241E-01    0.262197E+02    0.453590E+01
    0.345448E+03    0.687845E+01    0.726908E-01    0.269527E+02    0.526894E+01
    0.347370E+03    0.777346E+01    0.643214E-01    0.276962E+02    0.601240E+01
    0.349276E+03    0.866043E+01    0.577338E-01    0.284379E+02    0.675414E+01
    0.351135E+03    0.952953E+01    0.524685E-01    0.291657E+02    0.748189E+01
    0.352916E+03    0.103669E+02    0.482304E-01    0.298672E+02    0.818342E+01
    0.354591E+03    0.111559E+02    0.448193E-01    0.305305E+02    0.884671E+01
    0.356131E+03    0.118858E+02    0.420669E-01    0.311439E+02    0.946014E+01
    0.357511E+03    0.125411E+02    0.398688E-01    0.316965E+02    0.100127E+02
    0.358709E+03    0.131126E+02    0.381314E-01    0.321783E+02    0.104945E+02
    0.359705E+03    0.135887E+02    0.367954E-01    0.325804E+02    0.108966E+02
    0.360483E+03    0.139609E+02    0.358142E-01    0.328953E+02    0.112115E+02
    0.361030E+03    0.142233E+02    0.351536E-01    0.331172E+02    0.114334E+02
    0.361337E+03    0.143708E+02    0.347929E-01    0.332419E+02    0.115581E+02
    0.362070E+03    0.147233E+02    0.339597E-01    0.335403E+02    0.118565E+02
    0.364885E+03    0.160825E+02    0.310897E-01    0.346933E+02    0.130095E+02
    0.369929E+03    0.185398E+02    0.269691E-01    0.367854E+02    0.151016E+02
    0.377166E+03    0.221178E+02    0.226062E-01    0.398434E+02    0.181597E+02
    0.386549E+03    0.268482E+02    0.186232E-01    0.439084E+02    0.222246E+02
    0.398020E+03    0.327702E+02    0.152577E-01    0.490438E+02    0.273600E+02
    0.411514E+03    0.399327E+02    0.125211E-01    0.553117E+02    0.336280E+02
    0.426963E+03    0.483890E+02    0.103329E-01    0.628121E+02    0.411283E+02
    0.444300E+03    0.582015E+02    0.859084E-02    0.716500E+02    0.499662E+02
    0.463462E+03    0.694328E+02    0.720120E-02    0.819296E+02    0.602458E+02
    0.484394E+03    0.821531E+02    0.608620E-02    0.937384E+02    0.720546E+02
    0.507052E+03    0.964278E+02    0.518522E-02    0.107122E+03    0.854384E+02
    0.531403E+03    0.112324E+03    0.445141E-02    0.122105E+03    0.100421E+03
    0.557434E+03    0.129906E+03    0.384895E-02    0.138691E+03    0.117008E+03
    0.585148E+03    0.149234E+03    0.335044E-02    0.156916E+03    0.135232E+03
    0.614570E+03    0.170381E+03    0.293460E-02    0.176854E+03    0.155171E+03
    0.645748E+03    0.193425E+03    0.258498E-02    0.198662E+03    0.176978E+03
    0.678760E+03    0.218476E+03    0.228858E-02    0.222614E+03    0.200930E+03
    0.713712E+03    0.245696E+03    0.203504E-02    0.249117E+03    0.227434E+03
    0.750750E+03    0.275342E+03    0.181593E-02    0.278590E+03    0.256906E+03
    0.790063E+03    0.307773E+03    0.162457E-02    0.311625E+03    0.289942E+03
    0.831890E+03    0.343518E+03    0.145553E-02    0.348974E+03    0.327290E+03
    0.876538E+03    0.383301E+03    0.130446E-02    0.391090E+03    0.369406E+03
    0.924398E+03    0.428057E+03    0.116807E-02    0.439106E+03    0.417422E+03
    0.975968E+03    0.478995E+03    0.104385E-02    0.493926E+03    0.472242E+03
    0.103189E+04    0.537670E+03    0.929938E-03    0.557345E+03    0.535661E+03
    0.109301E+04    0.606091E+03    0.824959E-03    0.630285E+03    0.608602E+03
    0.116045E+04    0.687024E+03    0.727776E-03    0.714866E+03    0.693183E+03
    0.123576E+04    0.784156E+03    0.637629E-03    0.814901E+03    0.793217E+03
    0.132113E+04    0.902473E+03    0.554033E-03    0.931793E+03    0.910109E+03
    0.141985E+04    0.104887E+04    0.476702E-03    0.107566E+04    0.105398E+04
    0.153707E+04    0.123497E+04    0.404868E-03    0.125877E+04    0.123708E+04
    0.168162E+04    0.148309E+04    0.337134E-03    0.150511E+04    0.148343E+04
    0.187067E+04    0.184055E+04    0.271658E-03    0.186227E+04    0.184058E+04
    0.214494E+04    0.242664E+04    0.206046E-03    0.244833E+04    0.242664E+04
    0.265127E+04    0.371898E+04    0.134445E-03    0.374066E+04    0.371898E+04
