    0.881146E-01    0.340995E+02
    0.463865E+00    0.340984E+02
    0.113821E+01    0.340965E+02
    0.210848E+01    0.340937E+02
    0.337062E+01    0.340897E+02
    0.491934E+01    0.340833E+02
    0.674814E+01    0.340724E+02
    0.884936E+01    0.340547E+02
    0.112142E+02    0.340281E+02
    0.138327E+02    0.339905E+02
    0.166939E+02    0.339400E+02
    0.197858E+02    0.338744E+02
    0.230954E+02    0.337920E+02
    0.266089E+02    0.336910E+02
    0.303115E+02    0.335696E+02
    0.341877E+02    0.334257E+02
    0.382212E+02    0.332572E+02
    0.423952E+02    0.330621E+02
    0.466920E+02    0.328394E+02
    0.510937E+02    0.325888E+02
    0.555818E+02    0.323106E+02
    0.601375E+02    0.320053E+02
    0.647417E+02    0.316732E+02
    0.693750E+02    0.313143E+02
    0.740181E+02    0.309290E+02
    0.786515E+02    0.305185E+02
    0.832557E+02    0.300847E+02
    0.878114E+02    0.296308E+02
    0.922995E+02    0.291599E+02
    0.967012E+02    0.286757E+02
    0.100998E+03    0.281817E+02
    0.105172E+03    0.276815E+02
    0.109205E+03    0.271787E+02
    0.113082E+03    0.266774E+02
    0.116784E+03    0.261818E+02
    0.120298E+03    0.256963E+02
    0.123607E+03    0.252254E+02
    0.126699E+03    0.247736E+02
    0.129560E+03    0.243452E+02
    0.132179E+03    0.239446E+02
    0.134544E+03    0.235756E+02
    0.136645E+03    0.232422E+02
    0.138474E+03    0.229476E+02
    0.140023E+03    0.226951E+02
    0.141285E+03    0.224871E+02
    0.142255E+03    0.223260E+02
    0.142929E+03    0.222133E+02
    0.143305E+03    0.221503E+02
    0.143407E+03    0.221333E+02
    0.143463E+03    0.221237E+02
    0.143566E+03    0.221065E+02
    0.143714E+03    0.220816E+02
    0.143907E+03    0.220491E+02
    0.144145E+03    0.220089E+02
    0.144427E+03    0.219611E+02
    0.144755E+03    0.219057E+02
    0.145126E+03    0.218426E+02
    0.145542E+03    0.217718E+02
    0.146000E+03    0.216934E+02
    0.146502E+03    0.216074E+02
    0.147046E+03    0.215138E+02
    0.147633E+03    0.214125E+02
    0.148260E+03    0.213037E+02
    0.148929E+03    0.211872E+02
    0.149637E+03    0.210632E+02
    0.150385E+03    0.209317E+02
    0.151172E+03    0.207926E+02
    0.151997E+03    0.206461E+02
    0.152858E+03    0.204921E+02
    0.153756E+03    0.203307E+02
    0.154690E+03    0.201619E+02
    0.155658E+03    0.199858E+02
    0.156659E+03    0.198024E+02
    0.157693E+03    0.196118E+02
    0.158759E+03    0.194141E+02
    0.159855E+03    0.192094E+02
    0.160981E+03    0.189977E+02
    0.162135E+03    0.187791E+02
    0.163316E+03    0.185537E+02
    0.164523E+03    0.183217E+02
    0.165755E+03    0.180832E+02
    0.167011E+03    0.178382E+02
    0.168289E+03    0.175870E+02
    0.169589E+03    0.173297E+02
    0.170908E+03    0.170664E+02
    0.172246E+03    0.167972E+02
    0.173602E+03    0.165224E+02
    0.174973E+03    0.162420E+02
    0.176359E+03    0.159562E+02
    0.177759E+03    0.156653E+02
    0.179170E+03    0.153692E+02
    0.180592E+03    0.150684E+02
    0.182023E+03    0.147628E+02
    0.183462E+03    0.144528E+02
    0.184907E+03    0.141386E+02
    0.186358E+03    0.138206E+02
    0.187812E+03    0.134990E+02
    0.189268E+03    0.131742E+02
    0.190724E+03    0.128467E+02
    0.192180E+03    0.125169E+02
    0.193634E+03    0.121850E+02
    0.195084E+03    0.118516E+02
    0.196530E+03    0.115170E+02
    0.197969E+03    0.111814E+02
    0.199400E+03    0.108450E+02
    0.200822E+03    0.105079E+02
    0.202233E+03    0.101704E+02
    0.203633E+03    0.983270E+01
    0.205019E+03    0.949579E+01
    0.206390E+03    0.916186E+01
    0.207746E+03    0.883307E+01
    0.209084E+03    0.850983E+01
    0.210403E+03    0.818728E+01
    0.211703E+03    0.786576E+01
    0.212981E+03    0.754630E+01
    0.214237E+03    0.722856E+01
    0.215469E+03    0.691352E+01
    0.216676E+03    0.660143E+01
    0.217857E+03    0.629272E+01
    0.219011E+03    0.598747E+01
    0.220137E+03    0.568499E+01
    0.221233E+03    0.538584E+01
    0.222299E+03    0.509107E+01
    0.223333E+03    0.480140E+01
    0.224334E+03    0.451750E+01
    0.225302E+03    0.424015E+01
    0.226236E+03    0.397019E+01
    0.227134E+03    0.370859E+01
    0.227995E+03    0.345551E+01
    0.228820E+03    0.321012E+01
    0.229607E+03    0.297242E+01
    0.230355E+03    0.274399E+01
    0.231063E+03    0.252628E+01
    0.231732E+03    0.231985E+01
    0.232359E+03    0.212491E+01
    0.232945E+03    0.194183E+01
    0.233490E+03    0.177107E+01
    0.233992E+03    0.161302E+01
    0.234450E+03    0.146796E+01
    0.234866E+03    0.133609E+01
    0.235237E+03    0.121765E+01
    0.235565E+03    0.111295E+01
    0.235847E+03    0.102234E+01
    0.236085E+03    0.946036E+00
    0.236278E+03    0.884183E+00
    0.236426E+03    0.836840E+00
    0.236528E+03    0.804017E+00
    0.236585E+03    0.785748E+00
    0.236599E+03    0.781246E+00
    0.236602E+03    0.780309E+00
    0.236608E+03    0.778623E+00
    0.236615E+03    0.776190E+00
    0.236625E+03    0.773012E+00
    0.236637E+03    0.769092E+00
    0.236652E+03    0.764433E+00
    0.236669E+03    0.759039E+00
    0.236688E+03    0.752914E+00
    0.236709E+03    0.746064E+00
    0.236732E+03    0.738493E+00
    0.236758E+03    0.730209E+00
    0.236786E+03    0.721217E+00
    0.236816E+03    0.711525E+00
    0.236848E+03    0.701140E+00
    0.236883E+03    0.690069E+00
    0.236919E+03    0.678321E+00
    0.236957E+03    0.665903E+00
    0.236998E+03    0.652824E+00
    0.237040E+03    0.639094E+00
    0.237084E+03    0.624720E+00
    0.237130E+03    0.609712E+00
    0.237178E+03    0.594079E+00
    0.237228E+03    0.577830E+00
    0.237279E+03    0.560976E+00
    0.237332E+03    0.543526E+00
    0.237387E+03    0.525506E+00
    0.237443E+03    0.506944E+00
    0.237501E+03    0.487875E+00
    0.237560E+03    0.468334E+00
    0.237620E+03    0.448363E+00
    0.237682E+03    0.428002E+00
    0.237745E+03    0.407300E+00
    0.237810E+03    0.386304E+00
    0.237875E+03    0.365067E+00
    0.237942E+03    0.343643E+00
    0.238010E+03    0.322089E+00
    0.238078E+03    0.300465E+00
    0.238148E+03    0.278752E+00
    0.238218E+03    0.256768E+00
    0.238289E+03    0.234296E+00
    0.238361E+03    0.211104E+00
    0.238433E+03    0.186950E+00
    0.238506E+03    0.161581E+00
    0.238580E+03    0.134737E+00
    0.238654E+03    0.106270E+00
    0.238728E+03    0.776987E-01
    0.238802E+03    0.518167E-01
    0.238877E+03    0.314911E-01
    0.238951E+03    0.195708E-01
    0.239026E+03    0.179565E-01
    0.239101E+03    0.274281E-01
    0.239175E+03    0.465956E-01
    0.239250E+03    0.721978E-01
    0.239324E+03    0.100931E+00
    0.239397E+03    0.129587E+00
    0.239471E+03    0.156486E+00
    0.239544E+03    0.181803E+00
    0.239616E+03    0.205825E+00
    0.239688E+03    0.228830E+00
    0.239759E+03    0.251086E+00
    0.239829E+03    0.272845E+00
    0.239899E+03    0.294348E+00
    0.239967E+03    0.315793E+00
    0.240035E+03    0.337196E+00
    0.240102E+03    0.358494E+00
    0.240167E+03    0.379629E+00
    0.240232E+03    0.400542E+00
    0.240295E+03    0.421179E+00
    0.240357E+03    0.441489E+00
    0.240417E+03    0.461424E+00
    0.240477E+03    0.480938E+00
    0.240534E+03    0.499990E+00
    0.240591E+03    0.518540E+00
    0.240645E+03    0.536556E+00
    0.240698E+03    0.554004E+00
    0.240750E+03    0.570860E+00
    0.240799E+03    0.587114E+00
    0.240847E+03    0.602754E+00
    0.240893E+03    0.617771E+00
    0.240937E+03    0.632154E+00
    0.240980E+03    0.645896E+00
    0.241020E+03    0.658986E+00
    0.241058E+03    0.671415E+00
    0.241095E+03    0.683175E+00
    0.241129E+03    0.694257E+00
    0.241161E+03    0.704654E+00
    0.241191E+03    0.714356E+00
    0.241219E+03    0.723357E+00
    0.241245E+03    0.731650E+00
    0.241268E+03    0.739229E+00
    0.241290E+03    0.746086E+00
    0.241309E+03    0.752217E+00
    0.241325E+03    0.757617E+00
    0.241340E+03    0.762281E+00
    0.241352E+03    0.766205E+00
    0.241362E+03    0.769386E+00
    0.241370E+03    0.771821E+00
    0.241375E+03    0.773509E+00
    0.241378E+03    0.774447E+00
    0.241436E+03    0.793064E+00
    0.241680E+03    0.871397E+00
    0.242118E+03    0.101186E+01
    0.242749E+03    0.121365E+01
    0.243569E+03    0.147504E+01
    0.244576E+03    0.179376E+01
    0.245765E+03    0.216724E+01
    0.247131E+03    0.259268E+01
    0.248668E+03    0.306718E+01
    0.250370E+03    0.358990E+01
    0.252230E+03    0.415984E+01
    0.254239E+03    0.477532E+01
    0.256391E+03    0.543384E+01
    0.258674E+03    0.612988E+01
    0.261081E+03    0.686683E+01
    0.263601E+03    0.764343E+01
    0.266222E+03    0.845803E+01
    0.268935E+03    0.931993E+01
    0.271728E+03    0.102147E+02
    0.274589E+03    0.111389E+02
    0.277507E+03    0.120920E+02
    0.280468E+03    0.130700E+02
    0.283461E+03    0.140676E+02
    0.286472E+03    0.150812E+02
    0.289490E+03    0.161075E+02
    0.292502E+03    0.171423E+02
    0.295495E+03    0.181809E+02
    0.298456E+03    0.192185E+02
    0.301373E+03    0.202504E+02
    0.304234E+03    0.212718E+02
    0.307027E+03    0.222780E+02
    0.309740E+03    0.232638E+02
    0.312362E+03    0.242245E+02
    0.314882E+03    0.251551E+02
    0.317288E+03    0.260508E+02
    0.319572E+03    0.269069E+02
    0.321723E+03    0.277188E+02
    0.323733E+03    0.284821E+02
    0.325593E+03    0.291925E+02
    0.327295E+03    0.298462E+02
    0.328832E+03    0.304394E+02
    0.330198E+03    0.309687E+02
    0.331386E+03    0.314312E+02
    0.332393E+03    0.318240E+02
    0.333214E+03    0.321451E+02
    0.333844E+03    0.323924E+02
    0.334283E+03    0.325646E+02
    0.334527E+03    0.326606E+02
    0.335217E+03    0.329322E+02
    0.337906E+03    0.339960E+02
    0.342697E+03    0.359120E+02
    0.349514E+03    0.386824E+02
    0.358244E+03    0.423067E+02
    0.368743E+03    0.467791E+02
    0.380840E+03    0.520852E+02
    0.394336E+03    0.581967E+02
    0.409008E+03    0.650678E+02
    0.424617E+03    0.726353E+02
    0.440906E+03    0.808131E+02
    0.457608E+03    0.894928E+02
    0.474448E+03    0.985437E+02
    0.491149E+03    0.107814E+03
    0.507438E+03    0.117137E+03
    0.523047E+03    0.126328E+03
    0.537720E+03    0.135197E+03
    0.551216E+03    0.143549E+03
    0.563312E+03    0.151195E+03
    0.573812E+03    0.157951E+03
    0.582542E+03    0.163653E+03
    0.589358E+03    0.168159E+03
    0.594150E+03    0.171355E+03
    0.596839E+03    0.173158E+03
    0.598909E+03    0.174551E+03
    0.605021E+03    0.178688E+03
    0.615911E+03    0.186152E+03
    0.631403E+03    0.196968E+03
    0.651243E+03    0.211157E+03
    0.675106E+03    0.228710E+03
    0.702599E+03    0.249571E+03
    0.733270E+03    0.273613E+03
    0.766618E+03    0.300625E+03
    0.802093E+03    0.330331E+03
    0.839113E+03    0.362414E+03
    0.877071E+03    0.396524E+03
    0.915343E+03    0.432266E+03
    0.953301E+03    0.469176E+03
    0.990322E+03    0.506703E+03
    0.102580E+04    0.544161E+03
    0.105914E+04    0.580762E+03
    0.108982E+04    0.615640E+03
    0.111731E+04    0.647900E+03
    0.114117E+04    0.676667E+03
    0.116101E+04    0.701120E+03
    0.117650E+04    0.720545E+03
    0.118739E+04    0.734371E+03
    0.119351E+04    0.742192E+03
    0.120921E+04    0.762496E+03
    0.126989E+04    0.843544E+03
    0.137812E+04    0.997283E+03
    0.153264E+04    0.123726E+04
    0.173226E+04    0.159035E+04
    0.197642E+04    0.206197E+04
    0.226583E+04    0.271008E+04
    0.260322E+04    0.357725E+04
    0.299407E+04    0.473204E+04
    0.344762E+04    0.627430E+04
    0.397841E+04    0.835496E+04
    0.460841E+04    0.112106E+05
    0.537076E+04    0.152264E+05
    0.631590E+04    0.210570E+05
    0.752252E+04    0.298712E+05
    0.911771E+04    0.438830E+05
    0.113165E+05    0.676006E+05
    0.145054E+05    0.111066E+06
    0.194349E+05    0.199383E+06
    0.277229E+05    0.405699E+06
    0.434040E+05    0.994454E+06
    0.790119E+05    0.329542E+07
    0.191387E+06    0.193352E+08
    0.100000E+07    0.527868E+09
