    0.484913E-01    0.104846E+02
    0.255274E+00    0.104843E+02
    0.626383E+00    0.104838E+02
    0.116034E+01    0.104830E+02
    0.185492E+01    0.104818E+02
    0.270722E+01    0.104798E+02
    0.371365E+01    0.104763E+02
    0.486999E+01    0.104707E+02
    0.617141E+01    0.104625E+02
    0.761242E+01    0.104510E+02
    0.918701E+01    0.104359E+02
    0.108886E+02    0.104164E+02
    0.127099E+02    0.103918E+02
    0.146435E+02    0.103613E+02
    0.166811E+02    0.103244E+02
    0.188142E+02    0.102805E+02
    0.210340E+02    0.102292E+02
    0.233310E+02    0.101699E+02
    0.256956E+02    0.101025E+02
    0.281179E+02    0.100268E+02
    0.305878E+02    0.994256E+01
    0.330949E+02    0.984982E+01
    0.356287E+02    0.974864E+01
    0.381786E+02    0.963922E+01
    0.407337E+02    0.952192E+01
    0.432836E+02    0.939727E+01
    0.458174E+02    0.926592E+01
    0.483245E+02    0.912865E+01
    0.507944E+02    0.898637E+01
    0.532167E+02    0.884009E+01
    0.555813E+02    0.869091E+01
    0.578783E+02    0.854000E+01
    0.600981E+02    0.838848E+01
    0.622312E+02    0.823754E+01
    0.642688E+02    0.808842E+01
    0.662024E+02    0.794240E+01
    0.680237E+02    0.780085E+01
    0.697253E+02    0.766512E+01
    0.712999E+02    0.753656E+01
    0.727409E+02    0.741644E+01
    0.740423E+02    0.730594E+01
    0.751987E+02    0.720617E+01
    0.762051E+02    0.711810E+01
    0.770574E+02    0.704261E+01
    0.777520E+02    0.698047E+01
    0.782859E+02    0.693232E+01
    0.786570E+02    0.689866E+01
    0.788638E+02    0.687984E+01
    0.789196E+02    0.687475E+01
    0.789510E+02    0.687189E+01
    0.790073E+02    0.686674E+01
    0.790886E+02    0.685931E+01
    0.791948E+02    0.684960E+01
    0.793258E+02    0.683760E+01
    0.794814E+02    0.682331E+01
    0.796615E+02    0.680674E+01
    0.798660E+02    0.678788E+01
    0.800946E+02    0.676674E+01
    0.803471E+02    0.674332E+01
    0.806232E+02    0.671762E+01
    0.809227E+02    0.668963E+01
    0.812454E+02    0.665937E+01
    0.815908E+02    0.662683E+01
    0.819586E+02    0.659202E+01
    0.823486E+02    0.655494E+01
    0.827602E+02    0.651559E+01
    0.831931E+02    0.647399E+01
    0.836469E+02    0.643014E+01
    0.841212E+02    0.638404E+01
    0.846154E+02    0.633571E+01
    0.851291E+02    0.628516E+01
    0.856617E+02    0.623240E+01
    0.862129E+02    0.617745E+01
    0.867819E+02    0.612032E+01
    0.873684E+02    0.606103E+01
    0.879716E+02    0.599960E+01
    0.885911E+02    0.593606E+01
    0.892261E+02    0.587042E+01
    0.898761E+02    0.580272E+01
    0.905405E+02    0.573299E+01
    0.912186E+02    0.566124E+01
    0.919097E+02    0.558752E+01
    0.926131E+02    0.551186E+01
    0.933283E+02    0.543428E+01
    0.940544E+02    0.535483E+01
    0.947907E+02    0.527356E+01
    0.955367E+02    0.519050E+01
    0.962914E+02    0.510571E+01
    0.970542E+02    0.501923E+01
    0.978243E+02    0.493113E+01
    0.986011E+02    0.484148E+01
    0.993836E+02    0.475033E+01
    0.100171E+03    0.465790E+01
    0.100963E+03    0.456440E+01
    0.101758E+03    0.446973E+01
    0.102557E+03    0.437381E+01
    0.103357E+03    0.427708E+01
    0.104158E+03    0.417930E+01
    0.104960E+03    0.408052E+01
    0.105761E+03    0.398114E+01
    0.106561E+03    0.388135E+01
    0.107359E+03    0.378096E+01
    0.108155E+03    0.368004E+01
    0.108946E+03    0.357880E+01
    0.109734E+03    0.347732E+01
    0.110517E+03    0.337565E+01
    0.111293E+03    0.327392E+01
    0.112063E+03    0.317233E+01
    0.112826E+03    0.307102E+01
    0.113581E+03    0.297002E+01
    0.114327E+03    0.286940E+01
    0.115063E+03    0.276929E+01
    0.115789E+03    0.266986E+01
    0.116504E+03    0.257122E+01
    0.117208E+03    0.247344E+01
    0.117899E+03    0.237657E+01
    0.118577E+03    0.228072E+01
    0.119241E+03    0.218600E+01
    0.119891E+03    0.209254E+01
    0.120527E+03    0.200058E+01
    0.121146E+03    0.191041E+01
    0.121749E+03    0.182223E+01
    0.122336E+03    0.173600E+01
    0.122905E+03    0.165159E+01
    0.123456E+03    0.156896E+01
    0.123989E+03    0.148839E+01
    0.124502E+03    0.141026E+01
    0.124996E+03    0.133486E+01
    0.125471E+03    0.126242E+01
    0.125924E+03    0.119306E+01
    0.126357E+03    0.112687E+01
    0.126769E+03    0.106369E+01
    0.127159E+03    0.100292E+01
    0.127527E+03    0.944168E+00
    0.127872E+03    0.887403E+00
    0.128195E+03    0.834294E+00
    0.128494E+03    0.786729E+00
    0.128771E+03    0.745809E+00
    0.129023E+03    0.711420E+00
    0.129252E+03    0.679796E+00
    0.129456E+03    0.647701E+00
    0.129636E+03    0.614050E+00
    0.129792E+03    0.579332E+00
    0.129923E+03    0.545456E+00
    0.130029E+03    0.516393E+00
    0.130110E+03    0.494426E+00
    0.130167E+03    0.479836E+00
    0.130198E+03    0.472066E+00
    0.130206E+03    0.470197E+00
    0.130207E+03    0.469810E+00
    0.130210E+03    0.469117E+00
    0.130214E+03    0.468122E+00
    0.130220E+03    0.466830E+00
    0.130226E+03    0.465252E+00
    0.130234E+03    0.463397E+00
    0.130244E+03    0.461280E+00
    0.130254E+03    0.458916E+00
    0.130266E+03    0.456326E+00
    0.130279E+03    0.453531E+00
    0.130293E+03    0.450559E+00
    0.130308E+03    0.447438E+00
    0.130325E+03    0.444205E+00
    0.130343E+03    0.440898E+00
    0.130362E+03    0.437561E+00
    0.130382E+03    0.434244E+00
    0.130403E+03    0.431001E+00
    0.130425E+03    0.427892E+00
    0.130448E+03    0.424985E+00
    0.130472E+03    0.422352E+00
    0.130498E+03    0.420071E+00
    0.130524E+03    0.418230E+00
    0.130551E+03    0.416919E+00
    0.130580E+03    0.416238E+00
    0.130609E+03    0.416285E+00
    0.130639E+03    0.417005E+00
    0.130670E+03    0.418156E+00
    0.130702E+03    0.419437E+00
    0.130734E+03    0.420495E+00
    0.130768E+03    0.420921E+00
    0.130802E+03    0.420256E+00
    0.130836E+03    0.417989E+00
    0.130872E+03    0.413558E+00
    0.130908E+03    0.406354E+00
    0.130945E+03    0.395724E+00
    0.130982E+03    0.380973E+00
    0.131020E+03    0.361369E+00
    0.131058E+03    0.336149E+00
    0.131097E+03    0.304520E+00
    0.131136E+03    0.265669E+00
    0.131175E+03    0.219383E+00
    0.131215E+03    0.169243E+00
    0.131255E+03    0.120457E+00
    0.131295E+03    0.784641E-01
    0.131336E+03    0.488840E-01
    0.131377E+03    0.374651E-01
    0.131418E+03    0.500329E-01
    0.131459E+03    0.921756E-01
    0.131500E+03    0.142055E+00
    0.131541E+03    0.126457E+00
    0.131582E+03   -0.333798E-01
    0.131623E+03   -0.405105E+00
    0.131664E+03   -0.968422E+00
    0.131705E+03   -0.165948E+01
    0.131746E+03   -0.241488E+01
    0.131786E+03   -0.317259E+01
    0.131826E+03   -0.387251E+01
    0.131866E+03   -0.445704E+01
    0.131905E+03   -0.487165E+01
    0.131944E+03   -0.508484E+01
    0.131983E+03   -0.511568E+01
    0.132021E+03   -0.499019E+01
    0.132059E+03   -0.473354E+01
    0.132096E+03   -0.436986E+01
    0.132133E+03   -0.392208E+01
    0.132169E+03   -0.341180E+01
    0.132205E+03   -0.285915E+01
    0.132239E+03   -0.228270E+01
    0.132273E+03   -0.169937E+01
    0.132307E+03   -0.112437E+01
    0.132339E+03   -0.571121E+00
    0.132371E+03   -0.512773E-01
    0.132402E+03    0.425319E+00
    0.132432E+03    0.850616E+00
    0.132461E+03    0.121859E+01
    0.132490E+03    0.152998E+01
    0.132517E+03    0.179064E+01
    0.132543E+03    0.200628E+01
    0.132569E+03    0.218218E+01
    0.132593E+03    0.232328E+01
    0.132616E+03    0.243414E+01
    0.132638E+03    0.251895E+01
    0.132659E+03    0.258154E+01
    0.132679E+03    0.262540E+01
    0.132698E+03    0.265368E+01
    0.132716E+03    0.266922E+01
    0.132733E+03    0.267457E+01
    0.132748E+03    0.267196E+01
    0.132762E+03    0.266340E+01
    0.132775E+03    0.265062E+01
    0.132787E+03    0.263516E+01
    0.132797E+03    0.261831E+01
    0.132807E+03    0.260119E+01
    0.132815E+03    0.258474E+01
    0.132821E+03    0.256974E+01
    0.132827E+03    0.255683E+01
    0.132831E+03    0.254649E+01
    0.132834E+03    0.253911E+01
    0.132835E+03    0.253492E+01
    0.132867E+03    0.244089E+01
    0.133002E+03    0.187242E+01
    0.133243E+03    0.716424E+00
    0.133590E+03    0.106027E+00
    0.134041E+03    0.584598E+00
    0.134595E+03    0.112584E+01
    0.135250E+03    0.103210E+01
    0.136001E+03    0.989704E+00
    0.136847E+03    0.119985E+01
    0.137784E+03    0.135266E+01
    0.138807E+03    0.148297E+01
    0.139913E+03    0.166511E+01
    0.141097E+03    0.185788E+01
    0.142354E+03    0.205901E+01
    0.143678E+03    0.227598E+01
    0.145065E+03    0.250363E+01
    0.146508E+03    0.274223E+01
    0.148001E+03    0.299135E+01
    0.149538E+03    0.324980E+01
    0.151112E+03    0.351710E+01
    0.152718E+03    0.379068E+01
    0.154347E+03    0.407288E+01
    0.155994E+03    0.436004E+01
    0.157652E+03    0.465124E+01
    0.159313E+03    0.494614E+01
    0.160970E+03    0.524235E+01
    0.162617E+03    0.553906E+01
    0.164247E+03    0.583480E+01
    0.165852E+03    0.612891E+01
    0.167427E+03    0.641964E+01
    0.168964E+03    0.670585E+01
    0.170457E+03    0.698623E+01
    0.171899E+03    0.725940E+01
    0.173286E+03    0.752395E+01
    0.174610E+03    0.777845E+01
    0.175867E+03    0.802151E+01
    0.177051E+03    0.825181E+01
    0.178157E+03    0.846817E+01
    0.179181E+03    0.866944E+01
    0.180117E+03    0.885456E+01
    0.180963E+03    0.902251E+01
    0.181715E+03    0.917235E+01
    0.182369E+03    0.930324E+01
    0.182923E+03    0.941443E+01
    0.183374E+03    0.950528E+01
    0.183722E+03    0.957526E+01
    0.183963E+03    0.962397E+01
    0.184097E+03    0.965114E+01
    0.184477E+03    0.972797E+01
    0.185957E+03    0.100289E+02
    0.188594E+03    0.105705E+02
    0.192345E+03    0.113532E+02
    0.197149E+03    0.123774E+02
    0.202927E+03    0.136417E+02
    0.209584E+03    0.151421E+02
    0.217011E+03    0.168724E+02
    0.225086E+03    0.188218E+02
    0.233676E+03    0.209728E+02
    0.242640E+03    0.233028E+02
    0.251831E+03    0.257823E+02
    0.261099E+03    0.283747E+02
    0.270290E+03    0.310374E+02
    0.279254E+03    0.337223E+02
    0.287844E+03    0.363768E+02
    0.295919E+03    0.389451E+02
    0.303346E+03    0.413697E+02
    0.310003E+03    0.435937E+02
    0.315781E+03    0.455628E+02
    0.320585E+03    0.472275E+02
    0.324336E+03    0.485448E+02
    0.326973E+03    0.494798E+02
    0.328453E+03    0.500079E+02
    0.329592E+03    0.504160E+02
    0.332956E+03    0.516291E+02
    0.338949E+03    0.538209E+02
    0.347475E+03    0.570055E+02
    0.358393E+03    0.611978E+02
    0.371525E+03    0.664097E+02
    0.386655E+03    0.726438E+02
    0.403534E+03    0.798876E+02
    0.421886E+03    0.881079E+02
    0.441409E+03    0.972466E+02
    0.461782E+03    0.107215E+03
    0.482671E+03    0.117893E+03
    0.503733E+03    0.129129E+03
    0.524622E+03    0.140736E+03
    0.544995E+03    0.152500E+03
    0.564518E+03    0.164186E+03
    0.582870E+03    0.175539E+03
    0.599749E+03    0.186296E+03
    0.614879E+03    0.196193E+03
    0.628011E+03    0.204979E+03
    0.638929E+03    0.212422E+03
    0.647455E+03    0.218322E+03
    0.653448E+03    0.222516E+03
    0.656811E+03    0.224887E+03
    0.671881E+03    0.235660E+03
    0.732588E+03    0.281503E+03
    0.840875E+03    0.372774E+03
    0.995485E+03    0.526857E+03
    0.119521E+04    0.755780E+03
    0.143950E+04    0.109629E+04
    0.172907E+04    0.158173E+04
    0.206664E+04    0.225962E+04
    0.245769E+04    0.319566E+04
    0.291150E+04    0.448475E+04
    0.344257E+04    0.627004E+04
    0.407291E+04    0.877637E+04
    0.483567E+04    0.123714E+05
    0.578132E+04    0.176831E+05
    0.698859E+04    0.258395E+05
    0.858463E+04    0.389896E+05
    0.107846E+05    0.615340E+05
    0.139752E+05    0.103329E+06
    0.189073E+05    0.189133E+06
    0.271999E+05    0.391417E+06
    0.428894E+05    0.973206E+06
    0.785164E+05    0.326157E+07
    0.190952E+06    0.192909E+08
    0.100000E+07    0.529061E+09
