
#   rho [fm-3]      T [MeV]      kf [fm-1]       k [fm-1]       Gap(k) [MeV]       auxgap
    2.000000E-02    0.000000E+00    8.397506E-01    0.000000E+00    3.117358E+00
    2.000000E-02    0.000000E+00    8.397506E-01    1.010101E-01    3.104408E+00
    2.000000E-02    0.000000E+00    8.397506E-01    2.020202E-01    3.065756E+00
    2.000000E-02    0.000000E+00    8.397506E-01    3.030303E-01    3.001618E+00
    2.000000E-02    0.000000E+00    8.397506E-01    4.040404E-01    2.912356E+00
    2.000000E-02    0.000000E+00    8.397506E-01    5.050505E-01    2.798600E+00
    2.000000E-02    0.000000E+00    8.397506E-01    6.060606E-01    2.661208E+00
    2.000000E-02    0.000000E+00    8.397506E-01    7.070707E-01    2.501628E+00
    2.000000E-02    0.000000E+00    8.397506E-01    8.080808E-01    2.321807E+00
    2.000000E-02    0.000000E+00    8.397506E-01    9.090909E-01    2.124229E+00
    2.000000E-02    0.000000E+00    8.397506E-01    1.010101E+00    1.911772E+00
    2.000000E-02    0.000000E+00    8.397506E-01    1.111111E+00    1.687456E+00
    2.000000E-02    0.000000E+00    8.397506E-01    1.212121E+00    1.453986E+00
    2.000000E-02    0.000000E+00    8.397506E-01    1.313131E+00    1.213690E+00
    2.000000E-02    0.000000E+00    8.397506E-01    1.414141E+00    9.684631E-01
    2.000000E-02    0.000000E+00    8.397506E-01    1.515152E+00    7.197057E-01
    2.000000E-02    0.000000E+00    8.397506E-01    1.616162E+00    4.687031E-01
    2.000000E-02    0.000000E+00    8.397506E-01    1.717172E+00    2.168724E-01
    2.000000E-02    0.000000E+00    8.397506E-01    1.818182E+00   -3.344226E-02
    2.000000E-02    0.000000E+00    8.397506E-01    1.919192E+00   -2.789893E-01
    2.000000E-02    0.000000E+00    8.397506E-01    2.020202E+00   -5.149843E-01
    2.000000E-02    0.000000E+00    8.397506E-01    2.121212E+00   -7.342952E-01
    2.000000E-02    0.000000E+00    8.397506E-01    2.222222E+00   -9.286849E-01
    2.000000E-02    0.000000E+00    8.397506E-01    2.323232E+00   -1.087421E+00
    2.000000E-02    0.000000E+00    8.397506E-01    2.424242E+00   -1.207613E+00
    2.000000E-02    0.000000E+00    8.397506E-01    2.525253E+00   -1.284689E+00
    2.000000E-02    0.000000E+00    8.397506E-01    2.626263E+00   -1.319818E+00
    2.000000E-02    0.000000E+00    8.397506E-01    2.727273E+00   -1.317715E+00
    2.000000E-02    0.000000E+00    8.397506E-01    2.828283E+00   -1.283366E+00
    2.000000E-02    0.000000E+00    8.397506E-01    2.929293E+00   -1.213045E+00
    2.000000E-02    0.000000E+00    8.397506E-01    3.030303E+00   -1.110404E+00
    2.000000E-02    0.000000E+00    8.397506E-01    3.131313E+00   -9.836648E-01
    2.000000E-02    0.000000E+00    8.397506E-01    3.232323E+00   -8.374555E-01
    2.000000E-02    0.000000E+00    8.397506E-01    3.333333E+00   -6.792785E-01
    2.000000E-02    0.000000E+00    8.397506E-01    3.434343E+00   -5.293430E-01
    2.000000E-02    0.000000E+00    8.397506E-01    3.535354E+00   -3.948563E-01
    2.000000E-02    0.000000E+00    8.397506E-01    3.636364E+00   -2.808729E-01
    2.000000E-02    0.000000E+00    8.397506E-01    3.737374E+00   -1.907638E-01
    2.000000E-02    0.000000E+00    8.397506E-01    3.838384E+00   -1.241904E-01
    2.000000E-02    0.000000E+00    8.397506E-01    3.939394E+00   -7.771842E-02
    2.000000E-02    0.000000E+00    8.397506E-01    4.040404E+00   -4.651362E-02
    2.000000E-02    0.000000E+00    8.397506E-01    4.141414E+00   -2.605956E-02
    2.000000E-02    0.000000E+00    8.397506E-01    4.242424E+00   -1.432395E-02
    2.000000E-02    0.000000E+00    8.397506E-01    4.343434E+00   -9.143190E-03
    2.000000E-02    0.000000E+00    8.397506E-01    4.444444E+00   -5.721858E-03
    2.000000E-02    0.000000E+00    8.397506E-01    4.545455E+00   -2.300526E-03
    2.000000E-02    0.000000E+00    8.397506E-01    4.646465E+00   -1.030049E-03
    2.000000E-02    0.000000E+00    8.397506E-01    4.747475E+00   -8.146041E-04
    2.000000E-02    0.000000E+00    8.397506E-01    4.848485E+00   -5.991588E-04
    2.000000E-02    0.000000E+00    8.397506E-01    4.949495E+00   -3.837136E-04
    2.000000E-02    0.000000E+00    8.397506E-01    5.050505E+00   -1.682683E-04
    2.000000E-02    0.000000E+00    8.397506E-01    5.151515E+00   -4.191483E-06
    2.000000E-02    0.000000E+00    8.397506E-01    5.252525E+00   -3.633847E-06
    2.000000E-02    0.000000E+00    8.397506E-01    5.353535E+00   -3.076212E-06
    2.000000E-02    0.000000E+00    8.397506E-01    5.454545E+00   -2.518576E-06
    2.000000E-02    0.000000E+00    8.397506E-01    5.555556E+00   -1.960941E-06
    2.000000E-02    0.000000E+00    8.397506E-01    5.656566E+00   -1.403305E-06
    2.000000E-02    0.000000E+00    8.397506E-01    5.757576E+00   -8.456695E-07
    2.000000E-02    0.000000E+00    8.397506E-01    5.858586E+00   -2.880340E-07
    2.000000E-02    0.000000E+00    8.397506E-01    5.959596E+00   -2.061444E-11
    2.000000E-02    0.000000E+00    8.397506E-01    6.060606E+00   -1.845251E-11
    2.000000E-02    0.000000E+00    8.397506E-01    6.161616E+00   -1.629057E-11
    2.000000E-02    0.000000E+00    8.397506E-01    6.262626E+00   -1.412864E-11
    2.000000E-02    0.000000E+00    8.397506E-01    6.363636E+00   -1.196670E-11
    2.000000E-02    0.000000E+00    8.397506E-01    6.464646E+00   -9.804767E-12
    2.000000E-02    0.000000E+00    8.397506E-01    6.565657E+00   -7.642832E-12
    2.000000E-02    0.000000E+00    8.397506E-01    6.666667E+00   -5.480897E-12
    2.000000E-02    0.000000E+00    8.397506E-01    6.767677E+00   -3.318961E-12
    2.000000E-02    0.000000E+00    8.397506E-01    6.868687E+00   -1.157026E-12
    2.000000E-02    0.000000E+00    8.397506E-01    6.969697E+00   -1.947965E-22
    2.000000E-02    0.000000E+00    8.397506E-01    7.070707E+00   -1.782729E-22
    2.000000E-02    0.000000E+00    8.397506E-01    7.171717E+00   -1.617494E-22
    2.000000E-02    0.000000E+00    8.397506E-01    7.272727E+00   -1.452258E-22
    2.000000E-02    0.000000E+00    8.397506E-01    7.373737E+00   -1.287022E-22
    2.000000E-02    0.000000E+00    8.397506E-01    7.474747E+00   -1.121787E-22
    2.000000E-02    0.000000E+00    8.397506E-01    7.575758E+00   -9.565509E-23
    2.000000E-02    0.000000E+00    8.397506E-01    7.676768E+00   -7.913152E-23
    2.000000E-02    0.000000E+00    8.397506E-01    7.777778E+00   -6.260795E-23
    2.000000E-02    0.000000E+00    8.397506E-01    7.878788E+00   -4.608438E-23
    2.000000E-02    0.000000E+00    8.397506E-01    7.979798E+00   -2.956081E-23
    2.000000E-02    0.000000E+00    8.397506E-01    8.080808E+00   -1.303724E-23
    2.000000E-02    0.000000E+00    8.397506E-01    8.181818E+00   -7.861497E-33
    2.000000E-02    0.000000E+00    8.397506E-01    8.282828E+00   -8.471021E-33
    2.000000E-02    0.000000E+00    8.397506E-01    8.383838E+00   -9.080545E-33
    2.000000E-02    0.000000E+00    8.397506E-01    8.484848E+00   -9.690070E-33
    2.000000E-02    0.000000E+00    8.397506E-01    8.585859E+00   -1.029959E-32
    2.000000E-02    0.000000E+00    8.397506E-01    8.686869E+00   -1.090912E-32
    2.000000E-02    0.000000E+00    8.397506E-01    8.787879E+00   -1.151864E-32
    2.000000E-02    0.000000E+00    8.397506E-01    8.888889E+00   -1.212817E-32
    2.000000E-02    0.000000E+00    8.397506E-01    8.989899E+00   -1.273769E-32
    2.000000E-02    0.000000E+00    8.397506E-01    9.090909E+00   -1.334722E-32
    2.000000E-02    0.000000E+00    8.397506E-01    9.191919E+00   -1.395674E-32
    2.000000E-02    0.000000E+00    8.397506E-01    9.292929E+00   -1.456626E-32
    2.000000E-02    0.000000E+00    8.397506E-01    9.393939E+00   -1.517579E-32
    2.000000E-02    0.000000E+00    8.397506E-01    9.494949E+00   -1.578531E-32
    2.000000E-02    0.000000E+00    8.397506E-01    9.595960E+00   -1.639484E-32
    2.000000E-02    0.000000E+00    8.397506E-01    9.696970E+00   -1.730403E-32
    2.000000E-02    0.000000E+00    8.397506E-01    9.797980E+00   -1.835077E-32
    2.000000E-02    0.000000E+00    8.397506E-01    9.898990E+00   -1.939750E-32
    2.000000E-02    0.000000E+00    8.397506E-01    1.000000E+01   -2.044424E-32

    2.000000E-02    2.000000E-01    8.397506E-01    0.000000E+00    3.156520E+00
    2.000000E-02    2.000000E-01    8.397506E-01    1.010101E-01    3.143372E+00
    2.000000E-02    2.000000E-01    8.397506E-01    2.020202E-01    3.104131E+00
    2.000000E-02    2.000000E-01    8.397506E-01    3.030303E-01    3.039022E+00
    2.000000E-02    2.000000E-01    8.397506E-01    4.040404E-01    2.948422E+00
    2.000000E-02    2.000000E-01    8.397506E-01    5.050505E-01    2.832986E+00
    2.000000E-02    2.000000E-01    8.397506E-01    6.060606E-01    2.693606E+00
    2.000000E-02    2.000000E-01    8.397506E-01    7.070707E-01    2.531775E+00
    2.000000E-02    2.000000E-01    8.397506E-01    8.080808E-01    2.349490E+00
    2.000000E-02    2.000000E-01    8.397506E-01    9.090909E-01    2.149288E+00
    2.000000E-02    2.000000E-01    8.397506E-01    1.010101E+00    1.934091E+00
    2.000000E-02    2.000000E-01    8.397506E-01    1.111111E+00    1.706957E+00
    2.000000E-02    2.000000E-01    8.397506E-01    1.212121E+00    1.470620E+00
    2.000000E-02    2.000000E-01    8.397506E-01    1.313131E+00    1.227429E+00
    2.000000E-02    2.000000E-01    8.397506E-01    1.414141E+00    9.792959E-01
    2.000000E-02    2.000000E-01    8.397506E-01    1.515152E+00    7.276355E-01
    2.000000E-02    2.000000E-01    8.397506E-01    1.616162E+00    4.737458E-01
    2.000000E-02    2.000000E-01    8.397506E-01    1.717172E+00    2.190612E-01
    2.000000E-02    2.000000E-01    8.397506E-01    1.818182E+00   -3.404957E-02
    2.000000E-02    2.000000E-01    8.397506E-01    1.919192E+00   -2.823024E-01
    2.000000E-02    2.000000E-01    8.397506E-01    2.020202E+00   -5.208635E-01
    2.000000E-02    2.000000E-01    8.397506E-01    2.121212E+00   -7.425273E-01
    2.000000E-02    2.000000E-01    8.397506E-01    2.222222E+00   -9.389745E-01
    2.000000E-02    2.000000E-01    8.397506E-01    2.323232E+00   -1.099364E+00
    2.000000E-02    2.000000E-01    8.397506E-01    2.424242E+00   -1.220783E+00
    2.000000E-02    2.000000E-01    8.397506E-01    2.525253E+00   -1.298618E+00
    2.000000E-02    2.000000E-01    8.397506E-01    2.626263E+00   -1.334056E+00
    2.000000E-02    2.000000E-01    8.397506E-01    2.727273E+00   -1.331869E+00
    2.000000E-02    2.000000E-01    8.397506E-01    2.828283E+00   -1.297098E+00
    2.000000E-02    2.000000E-01    8.397506E-01    2.929293E+00   -1.225984E+00
    2.000000E-02    2.000000E-01    8.397506E-01    3.030303E+00   -1.122218E+00
    2.000000E-02    2.000000E-01    8.397506E-01    3.131313E+00   -9.941071E-01
    2.000000E-02    2.000000E-01    8.397506E-01    3.232323E+00   -8.463285E-01
    2.000000E-02    2.000000E-01    8.397506E-01    3.333333E+00   -6.864645E-01
    2.000000E-02    2.000000E-01    8.397506E-01    3.434343E+00   -5.349356E-01
    2.000000E-02    2.000000E-01    8.397506E-01    3.535354E+00   -3.990231E-01
    2.000000E-02    2.000000E-01    8.397506E-01    3.636364E+00   -2.838336E-01
    2.000000E-02    2.000000E-01    8.397506E-01    3.737374E+00   -1.927728E-01
    2.000000E-02    2.000000E-01    8.397506E-01    3.838384E+00   -1.254974E-01
    2.000000E-02    2.000000E-01    8.397506E-01    3.939394E+00   -7.853587E-02
    2.000000E-02    2.000000E-01    8.397506E-01    4.040404E+00   -4.700266E-02
    2.000000E-02    2.000000E-01    8.397506E-01    4.141414E+00   -2.633345E-02
    2.000000E-02    2.000000E-01    8.397506E-01    4.242424E+00   -1.447448E-02
    2.000000E-02    2.000000E-01    8.397506E-01    4.343434E+00   -9.239268E-03
    2.000000E-02    2.000000E-01    8.397506E-01    4.444444E+00   -5.781984E-03
    2.000000E-02    2.000000E-01    8.397506E-01    4.545455E+00   -2.324701E-03
    2.000000E-02    2.000000E-01    8.397506E-01    4.646465E+00   -1.040874E-03
    2.000000E-02    2.000000E-01    8.397506E-01    4.747475E+00   -8.231645E-04
    2.000000E-02    2.000000E-01    8.397506E-01    4.848485E+00   -6.054552E-04
    2.000000E-02    2.000000E-01    8.397506E-01    4.949495E+00   -3.877460E-04
    2.000000E-02    2.000000E-01    8.397506E-01    5.050505E+00   -1.700367E-04
    2.000000E-02    2.000000E-01    8.397506E-01    5.151515E+00   -4.235585E-06
    2.000000E-02    2.000000E-01    8.397506E-01    5.252525E+00   -3.672082E-06
    2.000000E-02    2.000000E-01    8.397506E-01    5.353535E+00   -3.108579E-06
    2.000000E-02    2.000000E-01    8.397506E-01    5.454545E+00   -2.545076E-06
    2.000000E-02    2.000000E-01    8.397506E-01    5.555556E+00   -1.981573E-06
    2.000000E-02    2.000000E-01    8.397506E-01    5.656566E+00   -1.418070E-06
    2.000000E-02    2.000000E-01    8.397506E-01    5.757576E+00   -8.545675E-07
    2.000000E-02    2.000000E-01    8.397506E-01    5.858586E+00   -2.910646E-07
    2.000000E-02    2.000000E-01    8.397506E-01    5.959596E+00   -2.083191E-11
    2.000000E-02    2.000000E-01    8.397506E-01    6.060606E+00   -1.864717E-11
    2.000000E-02    2.000000E-01    8.397506E-01    6.161616E+00   -1.646243E-11
    2.000000E-02    2.000000E-01    8.397506E-01    6.262626E+00   -1.427769E-11
    2.000000E-02    2.000000E-01    8.397506E-01    6.363636E+00   -1.209294E-11
    2.000000E-02    2.000000E-01    8.397506E-01    6.464646E+00   -9.908201E-12
    2.000000E-02    2.000000E-01    8.397506E-01    6.565657E+00   -7.723459E-12
    2.000000E-02    2.000000E-01    8.397506E-01    6.666667E+00   -5.538717E-12
    2.000000E-02    2.000000E-01    8.397506E-01    6.767677E+00   -3.353974E-12
    2.000000E-02    2.000000E-01    8.397506E-01    6.868687E+00   -1.169232E-12
    2.000000E-02    2.000000E-01    8.397506E-01    6.969697E+00   -1.968581E-22
    2.000000E-02    2.000000E-01    8.397506E-01    7.070707E+00   -1.801596E-22
    2.000000E-02    2.000000E-01    8.397506E-01    7.171717E+00   -1.634612E-22
    2.000000E-02    2.000000E-01    8.397506E-01    7.272727E+00   -1.467627E-22
    2.000000E-02    2.000000E-01    8.397506E-01    7.373737E+00   -1.300643E-22
    2.000000E-02    2.000000E-01    8.397506E-01    7.474747E+00   -1.133659E-22
    2.000000E-02    2.000000E-01    8.397506E-01    7.575758E+00   -9.666742E-23
    2.000000E-02    2.000000E-01    8.397506E-01    7.676768E+00   -7.996898E-23
    2.000000E-02    2.000000E-01    8.397506E-01    7.777778E+00   -6.327054E-23
    2.000000E-02    2.000000E-01    8.397506E-01    7.878788E+00   -4.657210E-23
    2.000000E-02    2.000000E-01    8.397506E-01    7.979798E+00   -2.987366E-23
    2.000000E-02    2.000000E-01    8.397506E-01    8.080808E+00   -1.317522E-23
    2.000000E-02    2.000000E-01    8.397506E-01    8.181818E+00   -7.944096E-33
    2.000000E-02    2.000000E-01    8.397506E-01    8.282828E+00   -8.560073E-33
    2.000000E-02    2.000000E-01    8.397506E-01    8.383838E+00   -9.176051E-33
    2.000000E-02    2.000000E-01    8.397506E-01    8.484848E+00   -9.792028E-33
    2.000000E-02    2.000000E-01    8.397506E-01    8.585859E+00   -1.040801E-32
    2.000000E-02    2.000000E-01    8.397506E-01    8.686869E+00   -1.102398E-32
    2.000000E-02    2.000000E-01    8.397506E-01    8.787879E+00   -1.163996E-32
    2.000000E-02    2.000000E-01    8.397506E-01    8.888889E+00   -1.225594E-32
    2.000000E-02    2.000000E-01    8.397506E-01    8.989899E+00   -1.287191E-32
    2.000000E-02    2.000000E-01    8.397506E-01    9.090909E+00   -1.348789E-32
    2.000000E-02    2.000000E-01    8.397506E-01    9.191919E+00   -1.410387E-32
    2.000000E-02    2.000000E-01    8.397506E-01    9.292929E+00   -1.471985E-32
    2.000000E-02    2.000000E-01    8.397506E-01    9.393939E+00   -1.533582E-32
    2.000000E-02    2.000000E-01    8.397506E-01    9.494949E+00   -1.595180E-32
    2.000000E-02    2.000000E-01    8.397506E-01    9.595960E+00   -1.656778E-32
    2.000000E-02    2.000000E-01    8.397506E-01    9.696970E+00   -1.748661E-32
    2.000000E-02    2.000000E-01    8.397506E-01    9.797980E+00   -1.854445E-32
    2.000000E-02    2.000000E-01    8.397506E-01    9.898990E+00   -1.960229E-32
    2.000000E-02    2.000000E-01    8.397506E-01    1.000000E+01   -2.066013E-32

    2.000000E-02    4.000000E-01    8.397506E-01    0.000000E+00    2.923982E+00
    2.000000E-02    4.000000E-01    8.397506E-01    1.010101E-01    2.911795E+00
    2.000000E-02    4.000000E-01    8.397506E-01    2.020202E-01    2.875424E+00
    2.000000E-02    4.000000E-01    8.397506E-01    3.030303E-01    2.815077E+00
    2.000000E-02    4.000000E-01    8.397506E-01    4.040404E-01    2.731107E+00
    2.000000E-02    4.000000E-01    8.397506E-01    5.050505E-01    2.624124E+00
    2.000000E-02    4.000000E-01    8.397506E-01    6.060606E-01    2.494958E+00
    2.000000E-02    4.000000E-01    8.397506E-01    7.070707E-01    2.345001E+00
    2.000000E-02    4.000000E-01    8.397506E-01    8.080808E-01    2.176108E+00
    2.000000E-02    4.000000E-01    8.397506E-01    9.090909E-01    1.990632E+00
    2.000000E-02    4.000000E-01    8.397506E-01    1.010101E+00    1.791281E+00
    2.000000E-02    4.000000E-01    8.397506E-01    1.111111E+00    1.580886E+00
    2.000000E-02    4.000000E-01    8.397506E-01    1.212121E+00    1.361977E+00
    2.000000E-02    4.000000E-01    8.397506E-01    1.313131E+00    1.136727E+00
    2.000000E-02    4.000000E-01    8.397506E-01    1.414141E+00    9.069071E-01
    2.000000E-02    4.000000E-01    8.397506E-01    1.515152E+00    6.738261E-01
    2.000000E-02    4.000000E-01    8.397506E-01    1.616162E+00    4.386864E-01
    2.000000E-02    4.000000E-01    8.397506E-01    1.717172E+00    2.028167E-01
    2.000000E-02    4.000000E-01    8.397506E-01    1.818182E+00   -3.158945E-02
    2.000000E-02    4.000000E-01    8.397506E-01    1.919192E+00   -2.614912E-01
    2.000000E-02    4.000000E-01    8.397506E-01    2.020202E+00   -4.824125E-01
    2.000000E-02    4.000000E-01    8.397506E-01    2.121212E+00   -6.876811E-01
    2.000000E-02    4.000000E-01    8.397506E-01    2.222222E+00   -8.695940E-01
    2.000000E-02    4.000000E-01    8.397506E-01    2.323232E+00   -1.018112E+00
    2.000000E-02    4.000000E-01    8.397506E-01    2.424242E+00   -1.130541E+00
    2.000000E-02    4.000000E-01    8.397506E-01    2.525253E+00   -1.202608E+00
    2.000000E-02    4.000000E-01    8.397506E-01    2.626263E+00   -1.235414E+00
    2.000000E-02    4.000000E-01    8.397506E-01    2.727273E+00   -1.233377E+00
    2.000000E-02    4.000000E-01    8.397506E-01    2.828283E+00   -1.201169E+00
    2.000000E-02    4.000000E-01    8.397506E-01    2.929293E+00   -1.135307E+00
    2.000000E-02    4.000000E-01    8.397506E-01    3.030303E+00   -1.039211E+00
    2.000000E-02    4.000000E-01    8.397506E-01    3.131313E+00   -9.205722E-01
    2.000000E-02    4.000000E-01    8.397506E-01    3.232323E+00   -7.837219E-01
    2.000000E-02    4.000000E-01    8.397506E-01    3.333333E+00   -6.356819E-01
    2.000000E-02    4.000000E-01    8.397506E-01    3.434343E+00   -4.953615E-01
    2.000000E-02    4.000000E-01    8.397506E-01    3.535354E+00   -3.695028E-01
    2.000000E-02    4.000000E-01    8.397506E-01    3.636364E+00   -2.628347E-01
    2.000000E-02    4.000000E-01    8.397506E-01    3.737374E+00   -1.785105E-01
    2.000000E-02    4.000000E-01    8.397506E-01    3.838384E+00   -1.162123E-01
    2.000000E-02    4.000000E-01    8.397506E-01    3.939394E+00   -7.272522E-02
    2.000000E-02    4.000000E-01    8.397506E-01    4.040404E+00   -4.352502E-02
    2.000000E-02    4.000000E-01    8.397506E-01    4.141414E+00   -2.438508E-02
    2.000000E-02    4.000000E-01    8.397506E-01    4.242424E+00   -1.340353E-02
    2.000000E-02    4.000000E-01    8.397506E-01    4.343434E+00   -8.555662E-03
    2.000000E-02    4.000000E-01    8.397506E-01    4.444444E+00   -5.354180E-03
    2.000000E-02    4.000000E-01    8.397506E-01    4.545455E+00   -2.152698E-03
    2.000000E-02    4.000000E-01    8.397506E-01    4.646465E+00   -9.638601E-04
    2.000000E-02    4.000000E-01    8.397506E-01    4.747475E+00   -7.622590E-04
    2.000000E-02    4.000000E-01    8.397506E-01    4.848485E+00   -5.606579E-04
    2.000000E-02    4.000000E-01    8.397506E-01    4.949495E+00   -3.590568E-04
    2.000000E-02    4.000000E-01    8.397506E-01    5.050505E+00   -1.574557E-04
    2.000000E-02    4.000000E-01    8.397506E-01    5.151515E+00   -3.922201E-06
    2.000000E-02    4.000000E-01    8.397506E-01    5.252525E+00   -3.400391E-06
    2.000000E-02    4.000000E-01    8.397506E-01    5.353535E+00   -2.878581E-06
    2.000000E-02    4.000000E-01    8.397506E-01    5.454545E+00   -2.356770E-06
    2.000000E-02    4.000000E-01    8.397506E-01    5.555556E+00   -1.834960E-06
    2.000000E-02    4.000000E-01    8.397506E-01    5.656566E+00   -1.313150E-06
    2.000000E-02    4.000000E-01    8.397506E-01    5.757576E+00   -7.913395E-07
    2.000000E-02    4.000000E-01    8.397506E-01    5.858586E+00   -2.695292E-07
    2.000000E-02    4.000000E-01    8.397506E-01    5.959596E+00   -1.929066E-11
    2.000000E-02    4.000000E-01    8.397506E-01    6.060606E+00   -1.726756E-11
    2.000000E-02    4.000000E-01    8.397506E-01    6.161616E+00   -1.524446E-11
    2.000000E-02    4.000000E-01    8.397506E-01    6.262626E+00   -1.322135E-11
    2.000000E-02    4.000000E-01    8.397506E-01    6.363636E+00   -1.119825E-11
    2.000000E-02    4.000000E-01    8.397506E-01    6.464646E+00   -9.175143E-12
    2.000000E-02    4.000000E-01    8.397506E-01    6.565657E+00   -7.152039E-12
    2.000000E-02    4.000000E-01    8.397506E-01    6.666667E+00   -5.128935E-12
    2.000000E-02    4.000000E-01    8.397506E-01    6.767677E+00   -3.105830E-12
    2.000000E-02    4.000000E-01    8.397506E-01    6.868687E+00   -1.082726E-12
    2.000000E-02    4.000000E-01    8.397506E-01    6.969697E+00   -1.822944E-22
    2.000000E-02    4.000000E-01    8.397506E-01    7.070707E+00   -1.668313E-22
    2.000000E-02    4.000000E-01    8.397506E-01    7.171717E+00   -1.513682E-22
    2.000000E-02    4.000000E-01    8.397506E-01    7.272727E+00   -1.359051E-22
    2.000000E-02    4.000000E-01    8.397506E-01    7.373737E+00   -1.204420E-22
    2.000000E-02    4.000000E-01    8.397506E-01    7.474747E+00   -1.049790E-22
    2.000000E-02    4.000000E-01    8.397506E-01    7.575758E+00   -8.951589E-23
    2.000000E-02    4.000000E-01    8.397506E-01    7.676768E+00   -7.405282E-23
    2.000000E-02    4.000000E-01    8.397506E-01    7.777778E+00   -5.858974E-23
    2.000000E-02    4.000000E-01    8.397506E-01    7.878788E+00   -4.312666E-23
    2.000000E-02    4.000000E-01    8.397506E-01    7.979798E+00   -2.766358E-23
    2.000000E-02    4.000000E-01    8.397506E-01    8.080808E+00   -1.220051E-23
    2.000000E-02    4.000000E-01    8.397506E-01    8.181818E+00   -7.356464E-33
    2.000000E-02    4.000000E-01    8.397506E-01    8.282828E+00   -7.926881E-33
    2.000000E-02    4.000000E-01    8.397506E-01    8.383838E+00   -8.497298E-33
    2.000000E-02    4.000000E-01    8.397506E-01    8.484848E+00   -9.067715E-33
    2.000000E-02    4.000000E-01    8.397506E-01    8.585859E+00   -9.638132E-33
    2.000000E-02    4.000000E-01    8.397506E-01    8.686869E+00   -1.020855E-32
    2.000000E-02    4.000000E-01    8.397506E-01    8.787879E+00   -1.077897E-32
    2.000000E-02    4.000000E-01    8.397506E-01    8.888889E+00   -1.134938E-32
    2.000000E-02    4.000000E-01    8.397506E-01    8.989899E+00   -1.191980E-32
    2.000000E-02    4.000000E-01    8.397506E-01    9.090909E+00   -1.249022E-32
    2.000000E-02    4.000000E-01    8.397506E-01    9.191919E+00   -1.306063E-32
    2.000000E-02    4.000000E-01    8.397506E-01    9.292929E+00   -1.363105E-32
    2.000000E-02    4.000000E-01    8.397506E-01    9.393939E+00   -1.420147E-32
    2.000000E-02    4.000000E-01    8.397506E-01    9.494949E+00   -1.477189E-32
    2.000000E-02    4.000000E-01    8.397506E-01    9.595960E+00   -1.534230E-32
    2.000000E-02    4.000000E-01    8.397506E-01    9.696970E+00   -1.619318E-32
    2.000000E-02    4.000000E-01    8.397506E-01    9.797980E+00   -1.717278E-32
    2.000000E-02    4.000000E-01    8.397506E-01    9.898990E+00   -1.815238E-32
    2.000000E-02    4.000000E-01    8.397506E-01    1.000000E+01   -1.913198E-32

    2.000000E-02    5.000000E-01    8.397506E-01    0.000000E+00    2.729777E+00
    2.000000E-02    5.000000E-01    8.397506E-01    1.010101E-01    2.718395E+00
    2.000000E-02    5.000000E-01    8.397506E-01    2.020202E-01    2.684424E+00
    2.000000E-02    5.000000E-01    8.397506E-01    3.030303E-01    2.628061E+00
    2.000000E-02    5.000000E-01    8.397506E-01    4.040404E-01    2.549637E+00
    2.000000E-02    5.000000E-01    8.397506E-01    5.050505E-01    2.449723E+00
    2.000000E-02    5.000000E-01    8.397506E-01    6.060606E-01    2.329099E+00
    2.000000E-02    5.000000E-01    8.397506E-01    7.070707E-01    2.189067E+00
    2.000000E-02    5.000000E-01    8.397506E-01    8.080808E-01    2.031365E+00
    2.000000E-02    5.000000E-01    8.397506E-01    9.090909E-01    1.858191E+00
    2.000000E-02    5.000000E-01    8.397506E-01    1.010101E+00    1.672075E+00
    2.000000E-02    5.000000E-01    8.397506E-01    1.111111E+00    1.475658E+00
    2.000000E-02    5.000000E-01    8.397506E-01    1.212121E+00    1.271299E+00
    2.000000E-02    5.000000E-01    8.397506E-01    1.313131E+00    1.061028E+00
    2.000000E-02    5.000000E-01    8.397506E-01    1.414141E+00    8.464961E-01
    2.000000E-02    5.000000E-01    8.397506E-01    1.515152E+00    6.289244E-01
    2.000000E-02    5.000000E-01    8.397506E-01    1.616162E+00    4.094355E-01
    2.000000E-02    5.000000E-01    8.397506E-01    1.717172E+00    1.892697E-01
    2.000000E-02    5.000000E-01    8.397506E-01    1.818182E+00   -2.952556E-02
    2.000000E-02    5.000000E-01    8.397506E-01    1.919192E+00   -2.441123E-01
    2.000000E-02    5.000000E-01    8.397506E-01    2.020202E+00   -4.503131E-01
    2.000000E-02    5.000000E-01    8.397506E-01    2.121212E+00   -6.419006E-01
    2.000000E-02    5.000000E-01    8.397506E-01    2.222222E+00   -8.116857E-01
    2.000000E-02    5.000000E-01    8.397506E-01    2.323232E+00   -9.502997E-01
    2.000000E-02    5.000000E-01    8.397506E-01    2.424242E+00   -1.055227E+00
    2.000000E-02    5.000000E-01    8.397506E-01    2.525253E+00   -1.122483E+00
    2.000000E-02    5.000000E-01    8.397506E-01    2.626263E+00   -1.153094E+00
    2.000000E-02    5.000000E-01    8.397506E-01    2.727273E+00   -1.151186E+00
    2.000000E-02    5.000000E-01    8.397506E-01    2.828283E+00   -1.121118E+00
    2.000000E-02    5.000000E-01    8.397506E-01    2.929293E+00   -1.059640E+00
    2.000000E-02    5.000000E-01    8.397506E-01    3.030303E+00   -9.699445E-01
    2.000000E-02    5.000000E-01    8.397506E-01    3.131313E+00   -8.592105E-01
    2.000000E-02    5.000000E-01    8.397506E-01    3.232323E+00   -7.314800E-01
    2.000000E-02    5.000000E-01    8.397506E-01    3.333333E+00   -5.933067E-01
    2.000000E-02    5.000000E-01    8.397506E-01    3.434343E+00   -4.623393E-01
    2.000000E-02    5.000000E-01    8.397506E-01    3.535354E+00   -3.448701E-01
    2.000000E-02    5.000000E-01    8.397506E-01    3.636364E+00   -2.453126E-01
    2.000000E-02    5.000000E-01    8.397506E-01    3.737374E+00   -1.666097E-01
    2.000000E-02    5.000000E-01    8.397506E-01    3.838384E+00   -1.084647E-01
    2.000000E-02    5.000000E-01    8.397506E-01    3.939394E+00   -6.787671E-02
    2.000000E-02    5.000000E-01    8.397506E-01    4.040404E+00   -4.062323E-02
    2.000000E-02    5.000000E-01    8.397506E-01    4.141414E+00   -2.275932E-02
    2.000000E-02    5.000000E-01    8.397506E-01    4.242424E+00   -1.250991E-02
    2.000000E-02    5.000000E-01    8.397506E-01    4.343434E+00   -7.985252E-03
    2.000000E-02    5.000000E-01    8.397506E-01    4.444444E+00   -4.997214E-03
    2.000000E-02    5.000000E-01    8.397506E-01    4.545455E+00   -2.009176E-03
    2.000000E-02    5.000000E-01    8.397506E-01    4.646465E+00   -8.995988E-04
    2.000000E-02    5.000000E-01    8.397506E-01    4.747475E+00   -7.114386E-04
    2.000000E-02    5.000000E-01    8.397506E-01    4.848485E+00   -5.232784E-04
    2.000000E-02    5.000000E-01    8.397506E-01    4.949495E+00   -3.351183E-04
    2.000000E-02    5.000000E-01    8.397506E-01    5.050505E+00   -1.469581E-04
    2.000000E-02    5.000000E-01    8.397506E-01    5.151515E+00   -3.660709E-06
    2.000000E-02    5.000000E-01    8.397506E-01    5.252525E+00   -3.173688E-06
    2.000000E-02    5.000000E-01    8.397506E-01    5.353535E+00   -2.686667E-06
    2.000000E-02    5.000000E-01    8.397506E-01    5.454545E+00   -2.199645E-06
    2.000000E-02    5.000000E-01    8.397506E-01    5.555556E+00   -1.712624E-06
    2.000000E-02    5.000000E-01    8.397506E-01    5.656566E+00   -1.225602E-06
    2.000000E-02    5.000000E-01    8.397506E-01    5.757576E+00   -7.385812E-07
    2.000000E-02    5.000000E-01    8.397506E-01    5.858586E+00   -2.515598E-07
    2.000000E-02    5.000000E-01    8.397506E-01    5.959596E+00   -1.800461E-11
    2.000000E-02    5.000000E-01    8.397506E-01    6.060606E+00   -1.611638E-11
    2.000000E-02    5.000000E-01    8.397506E-01    6.161616E+00   -1.422815E-11
    2.000000E-02    5.000000E-01    8.397506E-01    6.262626E+00   -1.233992E-11
    2.000000E-02    5.000000E-01    8.397506E-01    6.363636E+00   -1.045169E-11
    2.000000E-02    5.000000E-01    8.397506E-01    6.464646E+00   -8.563464E-12
    2.000000E-02    5.000000E-01    8.397506E-01    6.565657E+00   -6.675234E-12
    2.000000E-02    5.000000E-01    8.397506E-01    6.666667E+00   -4.787004E-12
    2.000000E-02    5.000000E-01    8.397506E-01    6.767677E+00   -2.898774E-12
    2.000000E-02    5.000000E-01    8.397506E-01    6.868687E+00   -1.010544E-12
    2.000000E-02    5.000000E-01    8.397506E-01    6.969697E+00   -1.701420E-22
    2.000000E-02    5.000000E-01    8.397506E-01    7.070707E+00   -1.557097E-22
    2.000000E-02    5.000000E-01    8.397506E-01    7.171717E+00   -1.412775E-22
    2.000000E-02    5.000000E-01    8.397506E-01    7.272727E+00   -1.268452E-22
    2.000000E-02    5.000000E-01    8.397506E-01    7.373737E+00   -1.124130E-22
    2.000000E-02    5.000000E-01    8.397506E-01    7.474747E+00   -9.798071E-23
    2.000000E-02    5.000000E-01    8.397506E-01    7.575758E+00   -8.354845E-23
    2.000000E-02    5.000000E-01    8.397506E-01    7.676768E+00   -6.911620E-23
    2.000000E-02    5.000000E-01    8.397506E-01    7.777778E+00   -5.468394E-23
    2.000000E-02    5.000000E-01    8.397506E-01    7.878788E+00   -4.025169E-23
    2.000000E-02    5.000000E-01    8.397506E-01    7.979798E+00   -2.581943E-23
    2.000000E-02    5.000000E-01    8.397506E-01    8.080808E+00   -1.138718E-23
    2.000000E-02    5.000000E-01    8.397506E-01    8.181818E+00   -6.866106E-33
    2.000000E-02    5.000000E-01    8.397506E-01    8.282828E+00   -7.398504E-33
    2.000000E-02    5.000000E-01    8.397506E-01    8.383838E+00   -7.930902E-33
    2.000000E-02    5.000000E-01    8.397506E-01    8.484848E+00   -8.463300E-33
    2.000000E-02    5.000000E-01    8.397506E-01    8.585859E+00   -8.995698E-33
    2.000000E-02    5.000000E-01    8.397506E-01    8.686869E+00   -9.528096E-33
    2.000000E-02    5.000000E-01    8.397506E-01    8.787879E+00   -1.006049E-32
    2.000000E-02    5.000000E-01    8.397506E-01    8.888889E+00   -1.059289E-32
    2.000000E-02    5.000000E-01    8.397506E-01    8.989899E+00   -1.112529E-32
    2.000000E-02    5.000000E-01    8.397506E-01    9.090909E+00   -1.165769E-32
    2.000000E-02    5.000000E-01    8.397506E-01    9.191919E+00   -1.219009E-32
    2.000000E-02    5.000000E-01    8.397506E-01    9.292929E+00   -1.272248E-32
    2.000000E-02    5.000000E-01    8.397506E-01    9.393939E+00   -1.325488E-32
    2.000000E-02    5.000000E-01    8.397506E-01    9.494949E+00   -1.378728E-32
    2.000000E-02    5.000000E-01    8.397506E-01    9.595960E+00   -1.431968E-32
    2.000000E-02    5.000000E-01    8.397506E-01    9.696970E+00   -1.511384E-32
    2.000000E-02    5.000000E-01    8.397506E-01    9.797980E+00   -1.602815E-32
    2.000000E-02    5.000000E-01    8.397506E-01    9.898990E+00   -1.694246E-32
    2.000000E-02    5.000000E-01    8.397506E-01    1.000000E+01   -1.785677E-32

    2.000000E-02    6.000000E-01    8.397506E-01    0.000000E+00    2.468891E+00
    2.000000E-02    6.000000E-01    8.397506E-01    1.010101E-01    2.458591E+00
    2.000000E-02    6.000000E-01    8.397506E-01    2.020202E-01    2.427851E+00
    2.000000E-02    6.000000E-01    8.397506E-01    3.030303E-01    2.376848E+00
    2.000000E-02    6.000000E-01    8.397506E-01    4.040404E-01    2.305883E+00
    2.000000E-02    6.000000E-01    8.397506E-01    5.050505E-01    2.215478E+00
    2.000000E-02    6.000000E-01    8.397506E-01    6.060606E-01    2.106340E+00
    2.000000E-02    6.000000E-01    8.397506E-01    7.070707E-01    1.979654E+00
    2.000000E-02    6.000000E-01    8.397506E-01    8.080808E-01    1.836994E+00
    2.000000E-02    6.000000E-01    8.397506E-01    9.090909E-01    1.680352E+00
    2.000000E-02    6.000000E-01    8.397506E-01    1.010101E+00    1.512015E+00
    2.000000E-02    6.000000E-01    8.397506E-01    1.111111E+00    1.334373E+00
    2.000000E-02    6.000000E-01    8.397506E-01    1.212121E+00    1.149558E+00
    2.000000E-02    6.000000E-01    8.397506E-01    1.313131E+00    9.594026E-01
    2.000000E-02    6.000000E-01    8.397506E-01    1.414141E+00    7.653994E-01
    2.000000E-02    6.000000E-01    8.397506E-01    1.515152E+00    5.686531E-01
    2.000000E-02    6.000000E-01    8.397506E-01    1.616162E+00    3.701782E-01
    2.000000E-02    6.000000E-01    8.397506E-01    1.717172E+00    1.710964E-01
    2.000000E-02    6.000000E-01    8.397506E-01    1.818182E+00   -2.674107E-02
    2.000000E-02    6.000000E-01    8.397506E-01    1.919192E+00   -2.207685E-01
    2.000000E-02    6.000000E-01    8.397506E-01    2.020202E+00   -4.072090E-01
    2.000000E-02    6.000000E-01    8.397506E-01    2.121212E+00   -5.804326E-01
    2.000000E-02    6.000000E-01    8.397506E-01    2.222222E+00   -7.339400E-01
    2.000000E-02    6.000000E-01    8.397506E-01    2.323232E+00   -8.592610E-01
    2.000000E-02    6.000000E-01    8.397506E-01    2.424242E+00   -9.541229E-01
    2.000000E-02    6.000000E-01    8.397506E-01    2.525253E+00   -1.014923E+00
    2.000000E-02    6.000000E-01    8.397506E-01    2.626263E+00   -1.042591E+00
    2.000000E-02    6.000000E-01    8.397506E-01    2.727273E+00   -1.040856E+00
    2.000000E-02    6.000000E-01    8.397506E-01    2.828283E+00   -1.013663E+00
    2.000000E-02    6.000000E-01    8.397506E-01    2.929293E+00   -9.580714E-01
    2.000000E-02    6.000000E-01    8.397506E-01    3.030303E+00   -8.769694E-01
    2.000000E-02    6.000000E-01    8.397506E-01    3.131313E+00   -7.768466E-01
    2.000000E-02    6.000000E-01    8.397506E-01    3.232323E+00   -6.613580E-01
    2.000000E-02    6.000000E-01    8.397506E-01    3.333333E+00   -5.364289E-01
    2.000000E-02    6.000000E-01    8.397506E-01    3.434343E+00   -4.180158E-01
    2.000000E-02    6.000000E-01    8.397506E-01    3.535354E+00   -3.118075E-01
    2.000000E-02    6.000000E-01    8.397506E-01    3.636364E+00   -2.217941E-01
    2.000000E-02    6.000000E-01    8.397506E-01    3.737374E+00   -1.506363E-01
    2.000000E-02    6.000000E-01    8.397506E-01    3.838384E+00   -9.806566E-02
    2.000000E-02    6.000000E-01    8.397506E-01    3.939394E+00   -6.136900E-02
    2.000000E-02    6.000000E-01    8.397506E-01    4.040404E+00   -3.672843E-02
    2.000000E-02    6.000000E-01    8.397506E-01    4.141414E+00   -2.057723E-02
    2.000000E-02    6.000000E-01    8.397506E-01    4.242424E+00   -1.131050E-02
    2.000000E-02    6.000000E-01    8.397506E-01    4.343434E+00   -7.219648E-03
    2.000000E-02    6.000000E-01    8.397506E-01    4.444444E+00   -4.518095E-03
    2.000000E-02    6.000000E-01    8.397506E-01    4.545455E+00   -1.816541E-03
    2.000000E-02    6.000000E-01    8.397506E-01    4.646465E+00   -8.133475E-04
    2.000000E-02    6.000000E-01    8.397506E-01    4.747475E+00   -6.432277E-04
    2.000000E-02    6.000000E-01    8.397506E-01    4.848485E+00   -4.731078E-04
    2.000000E-02    6.000000E-01    8.397506E-01    4.949495E+00   -3.029879E-04
    2.000000E-02    6.000000E-01    8.397506E-01    5.050505E+00   -1.328681E-04
    2.000000E-02    6.000000E-01    8.397506E-01    5.151515E+00   -3.309734E-06
    2.000000E-02    6.000000E-01    8.397506E-01    5.252525E+00   -2.869407E-06
    2.000000E-02    6.000000E-01    8.397506E-01    5.353535E+00   -2.429079E-06
    2.000000E-02    6.000000E-01    8.397506E-01    5.454545E+00   -1.988752E-06
    2.000000E-02    6.000000E-01    8.397506E-01    5.555556E+00   -1.548424E-06
    2.000000E-02    6.000000E-01    8.397506E-01    5.656566E+00   -1.108096E-06
    2.000000E-02    6.000000E-01    8.397506E-01    5.757576E+00   -6.677688E-07
    2.000000E-02    6.000000E-01    8.397506E-01    5.858586E+00   -2.274412E-07
    2.000000E-02    6.000000E-01    8.397506E-01    5.959596E+00   -1.627846E-11
    2.000000E-02    6.000000E-01    8.397506E-01    6.060606E+00   -1.457126E-11
    2.000000E-02    6.000000E-01    8.397506E-01    6.161616E+00   -1.286406E-11
    2.000000E-02    6.000000E-01    8.397506E-01    6.262626E+00   -1.115686E-11
    2.000000E-02    6.000000E-01    8.397506E-01    6.363636E+00   -9.449661E-12
    2.000000E-02    6.000000E-01    8.397506E-01    6.464646E+00   -7.742461E-12
    2.000000E-02    6.000000E-01    8.397506E-01    6.565657E+00   -6.035261E-12
    2.000000E-02    6.000000E-01    8.397506E-01    6.666667E+00   -4.328061E-12
    2.000000E-02    6.000000E-01    8.397506E-01    6.767677E+00   -2.620860E-12
    2.000000E-02    6.000000E-01    8.397506E-01    6.868687E+00   -9.136604E-13
    2.000000E-02    6.000000E-01    8.397506E-01    6.969697E+00   -1.538307E-22
    2.000000E-02    6.000000E-01    8.397506E-01    7.070707E+00   -1.407821E-22
    2.000000E-02    6.000000E-01    8.397506E-01    7.171717E+00   -1.277334E-22
    2.000000E-02    6.000000E-01    8.397506E-01    7.272727E+00   -1.146848E-22
    2.000000E-02    6.000000E-01    8.397506E-01    7.373737E+00   -1.016361E-22
    2.000000E-02    6.000000E-01    8.397506E-01    7.474747E+00   -8.858745E-23
    2.000000E-02    6.000000E-01    8.397506E-01    7.575758E+00   -7.553879E-23
    2.000000E-02    6.000000E-01    8.397506E-01    7.676768E+00   -6.249014E-23
    2.000000E-02    6.000000E-01    8.397506E-01    7.777778E+00   -4.944148E-23
    2.000000E-02    6.000000E-01    8.397506E-01    7.878788E+00   -3.639282E-23
    2.000000E-02    6.000000E-01    8.397506E-01    7.979798E+00   -2.334417E-23
    2.000000E-02    6.000000E-01    8.397506E-01    8.080808E+00   -1.029551E-23
    2.000000E-02    6.000000E-01    8.397506E-01    8.181818E+00   -6.207906E-33
    2.000000E-02    6.000000E-01    8.397506E-01    8.282828E+00   -6.689271E-33
    2.000000E-02    6.000000E-01    8.397506E-01    8.383838E+00   -7.170636E-33
    2.000000E-02    6.000000E-01    8.397506E-01    8.484848E+00   -7.652001E-33
    2.000000E-02    6.000000E-01    8.397506E-01    8.585859E+00   -8.133366E-33
    2.000000E-02    6.000000E-01    8.397506E-01    8.686869E+00   -8.614731E-33
    2.000000E-02    6.000000E-01    8.397506E-01    8.787879E+00   -9.096096E-33
    2.000000E-02    6.000000E-01    8.397506E-01    8.888889E+00   -9.577461E-33
    2.000000E-02    6.000000E-01    8.397506E-01    8.989899E+00   -1.005883E-32
    2.000000E-02    6.000000E-01    8.397506E-01    9.090909E+00   -1.054019E-32
    2.000000E-02    6.000000E-01    8.397506E-01    9.191919E+00   -1.102156E-32
    2.000000E-02    6.000000E-01    8.397506E-01    9.292929E+00   -1.150292E-32
    2.000000E-02    6.000000E-01    8.397506E-01    9.393939E+00   -1.198429E-32
    2.000000E-02    6.000000E-01    8.397506E-01    9.494949E+00   -1.246565E-32
    2.000000E-02    6.000000E-01    8.397506E-01    9.595960E+00   -1.294702E-32
    2.000000E-02    6.000000E-01    8.397506E-01    9.696970E+00   -1.366506E-32
    2.000000E-02    6.000000E-01    8.397506E-01    9.797980E+00   -1.449173E-32
    2.000000E-02    6.000000E-01    8.397506E-01    9.898990E+00   -1.531840E-32
    2.000000E-02    6.000000E-01    8.397506E-01    1.000000E+01   -1.614507E-32

    2.000000E-02    7.000000E-01    8.397506E-01    0.000000E+00    2.117791E+00
    2.000000E-02    7.000000E-01    8.397506E-01    1.010101E-01    2.108949E+00
    2.000000E-02    7.000000E-01    8.397506E-01    2.020202E-01    2.082564E+00
    2.000000E-02    7.000000E-01    8.397506E-01    3.030303E-01    2.038788E+00
    2.000000E-02    7.000000E-01    8.397506E-01    4.040404E-01    1.977880E+00
    2.000000E-02    7.000000E-01    8.397506E-01    5.050505E-01    1.900290E+00
    2.000000E-02    7.000000E-01    8.397506E-01    6.060606E-01    1.806632E+00
    2.000000E-02    7.000000E-01    8.397506E-01    7.070707E-01    1.697923E+00
    2.000000E-02    7.000000E-01    8.397506E-01    8.080808E-01    1.575520E+00
    2.000000E-02    7.000000E-01    8.397506E-01    9.090909E-01    1.441134E+00
    2.000000E-02    7.000000E-01    8.397506E-01    1.010101E+00    1.296729E+00
    2.000000E-02    7.000000E-01    8.397506E-01    1.111111E+00    1.144353E+00
    2.000000E-02    7.000000E-01    8.397506E-01    1.212121E+00    9.858320E-01
    2.000000E-02    7.000000E-01    8.397506E-01    1.313131E+00    8.227384E-01
    2.000000E-02    7.000000E-01    8.397506E-01    1.414141E+00    6.563508E-01
    2.000000E-02    7.000000E-01    8.397506E-01    1.515152E+00    4.876163E-01
    2.000000E-02    7.000000E-01    8.397506E-01    1.616162E+00    3.174046E-01
    2.000000E-02    7.000000E-01    8.397506E-01    1.717172E+00    1.466780E-01
    2.000000E-02    7.000000E-01    8.397506E-01    1.818182E+00   -2.297624E-02
    2.000000E-02    7.000000E-01    8.397506E-01    1.919192E+00   -1.893583E-01
    2.000000E-02    7.000000E-01    8.397506E-01    2.020202E+00   -3.492300E-01
    2.000000E-02    7.000000E-01    8.397506E-01    2.121212E+00   -4.977639E-01
    2.000000E-02    7.000000E-01    8.397506E-01    2.222222E+00   -6.293880E-01
    2.000000E-02    7.000000E-01    8.397506E-01    2.323232E+00   -7.368401E-01
    2.000000E-02    7.000000E-01    8.397506E-01    2.424242E+00   -8.181727E-01
    2.000000E-02    7.000000E-01    8.397506E-01    2.525253E+00   -8.702975E-01
    2.000000E-02    7.000000E-01    8.397506E-01    2.626263E+00   -8.940118E-01
    2.000000E-02    7.000000E-01    8.397506E-01    2.727273E+00   -8.925157E-01
    2.000000E-02    7.000000E-01    8.397506E-01    2.828283E+00   -8.691898E-01
    2.000000E-02    7.000000E-01    8.397506E-01    2.929293E+00   -8.215159E-01
    2.000000E-02    7.000000E-01    8.397506E-01    3.030303E+00   -7.519691E-01
    2.000000E-02    7.000000E-01    8.397506E-01    3.131313E+00   -6.661141E-01
    2.000000E-02    7.000000E-01    8.397506E-01    3.232323E+00   -5.670849E-01
    2.000000E-02    7.000000E-01    8.397506E-01    3.333333E+00   -4.599622E-01
    2.000000E-02    7.000000E-01    8.397506E-01    3.434343E+00   -3.584276E-01
    2.000000E-02    7.000000E-01    8.397506E-01    3.535354E+00   -2.673585E-01
    2.000000E-02    7.000000E-01    8.397506E-01    3.636364E+00   -1.901763E-01
    2.000000E-02    7.000000E-01    8.397506E-01    3.737374E+00   -1.291622E-01
    2.000000E-02    7.000000E-01    8.397506E-01    3.838384E+00   -8.408564E-02
    2.000000E-02    7.000000E-01    8.397506E-01    3.939394E+00   -5.262031E-02
    2.000000E-02    7.000000E-01    8.397506E-01    4.040404E+00   -3.149244E-02
    2.000000E-02    7.000000E-01    8.397506E-01    4.141414E+00   -1.764373E-02
    2.000000E-02    7.000000E-01    8.397506E-01    4.242424E+00   -9.698063E-03
    2.000000E-02    7.000000E-01    8.397506E-01    4.343434E+00   -6.190409E-03
    2.000000E-02    7.000000E-01    8.397506E-01    4.444444E+00   -3.873991E-03
    2.000000E-02    7.000000E-01    8.397506E-01    4.545455E+00   -1.557573E-03
    2.000000E-02    7.000000E-01    8.397506E-01    4.646465E+00   -6.973957E-04
    2.000000E-02    7.000000E-01    8.397506E-01    4.747475E+00   -5.515284E-04
    2.000000E-02    7.000000E-01    8.397506E-01    4.848485E+00   -4.056610E-04
    2.000000E-02    7.000000E-01    8.397506E-01    4.949495E+00   -2.597936E-04
    2.000000E-02    7.000000E-01    8.397506E-01    5.050505E+00   -1.139263E-04
    2.000000E-02    7.000000E-01    8.397506E-01    5.151515E+00   -2.837900E-06
    2.000000E-02    7.000000E-01    8.397506E-01    5.252525E+00   -2.460345E-06
    2.000000E-02    7.000000E-01    8.397506E-01    5.353535E+00   -2.082791E-06
    2.000000E-02    7.000000E-01    8.397506E-01    5.454545E+00   -1.705236E-06
    2.000000E-02    7.000000E-01    8.397506E-01    5.555556E+00   -1.327681E-06
    2.000000E-02    7.000000E-01    8.397506E-01    5.656566E+00   -9.501267E-07
    2.000000E-02    7.000000E-01    8.397506E-01    5.757576E+00   -5.725720E-07
    2.000000E-02    7.000000E-01    8.397506E-01    5.858586E+00   -1.950173E-07
    2.000000E-02    7.000000E-01    8.397506E-01    5.959596E+00   -1.395788E-11
    2.000000E-02    7.000000E-01    8.397506E-01    6.060606E+00   -1.249405E-11
    2.000000E-02    7.000000E-01    8.397506E-01    6.161616E+00   -1.103022E-11
    2.000000E-02    7.000000E-01    8.397506E-01    6.262626E+00   -9.566388E-12
    2.000000E-02    7.000000E-01    8.397506E-01    6.363636E+00   -8.102559E-12
    2.000000E-02    7.000000E-01    8.397506E-01    6.464646E+00   -6.638730E-12
    2.000000E-02    7.000000E-01    8.397506E-01    6.565657E+00   -5.174901E-12
    2.000000E-02    7.000000E-01    8.397506E-01    6.666667E+00   -3.711071E-12
    2.000000E-02    7.000000E-01    8.397506E-01    6.767677E+00   -2.247242E-12
    2.000000E-02    7.000000E-01    8.397506E-01    6.868687E+00   -7.834130E-13
    2.000000E-02    7.000000E-01    8.397506E-01    6.969697E+00   -1.319021E-22
    2.000000E-02    7.000000E-01    8.397506E-01    7.070707E+00   -1.207135E-22
    2.000000E-02    7.000000E-01    8.397506E-01    7.171717E+00   -1.095250E-22
    2.000000E-02    7.000000E-01    8.397506E-01    7.272727E+00   -9.833640E-23
    2.000000E-02    7.000000E-01    8.397506E-01    7.373737E+00   -8.714783E-23
    2.000000E-02    7.000000E-01    8.397506E-01    7.474747E+00   -7.595927E-23
    2.000000E-02    7.000000E-01    8.397506E-01    7.575758E+00   -6.477070E-23
    2.000000E-02    7.000000E-01    8.397506E-01    7.676768E+00   -5.358214E-23
    2.000000E-02    7.000000E-01    8.397506E-01    7.777778E+00   -4.239357E-23
    2.000000E-02    7.000000E-01    8.397506E-01    7.878788E+00   -3.120501E-23
    2.000000E-02    7.000000E-01    8.397506E-01    7.979798E+00   -2.001644E-23
    2.000000E-02    7.000000E-01    8.397506E-01    8.080808E+00   -8.827879E-24
    2.000000E-02    7.000000E-01    8.397506E-01    8.181818E+00   -5.323003E-33
    2.000000E-02    7.000000E-01    8.397506E-01    8.282828E+00   -5.735756E-33
    2.000000E-02    7.000000E-01    8.397506E-01    8.383838E+00   -6.148509E-33
    2.000000E-02    7.000000E-01    8.397506E-01    8.484848E+00   -6.561262E-33
    2.000000E-02    7.000000E-01    8.397506E-01    8.585859E+00   -6.974016E-33
    2.000000E-02    7.000000E-01    8.397506E-01    8.686869E+00   -7.386769E-33
    2.000000E-02    7.000000E-01    8.397506E-01    8.787879E+00   -7.799522E-33
    2.000000E-02    7.000000E-01    8.397506E-01    8.888889E+00   -8.212275E-33
    2.000000E-02    7.000000E-01    8.397506E-01    8.989899E+00   -8.625029E-33
    2.000000E-02    7.000000E-01    8.397506E-01    9.090909E+00   -9.037782E-33
    2.000000E-02    7.000000E-01    8.397506E-01    9.191919E+00   -9.450535E-33
    2.000000E-02    7.000000E-01    8.397506E-01    9.292929E+00   -9.863288E-33
    2.000000E-02    7.000000E-01    8.397506E-01    9.393939E+00   -1.027604E-32
    2.000000E-02    7.000000E-01    8.397506E-01    9.494949E+00   -1.068879E-32
    2.000000E-02    7.000000E-01    8.397506E-01    9.595960E+00   -1.110155E-32
    2.000000E-02    7.000000E-01    8.397506E-01    9.696970E+00   -1.171724E-32
    2.000000E-02    7.000000E-01    8.397506E-01    9.797980E+00   -1.242609E-32
    2.000000E-02    7.000000E-01    8.397506E-01    9.898990E+00   -1.313493E-32
    2.000000E-02    7.000000E-01    8.397506E-01    1.000000E+01   -1.384377E-32

    2.000000E-02    8.000000E-01    8.397506E-01    0.000000E+00    1.620003E+00
    2.000000E-02    8.000000E-01    8.397506E-01    1.010101E-01    1.613235E+00
    2.000000E-02    8.000000E-01    8.397506E-01    2.020202E-01    1.593037E+00
    2.000000E-02    8.000000E-01    8.397506E-01    3.030303E-01    1.559527E+00
    2.000000E-02    8.000000E-01    8.397506E-01    4.040404E-01    1.512905E+00
    2.000000E-02    8.000000E-01    8.397506E-01    5.050505E-01    1.453517E+00
    2.000000E-02    8.000000E-01    8.397506E-01    6.060606E-01    1.381836E+00
    2.000000E-02    8.000000E-01    8.397506E-01    7.070707E-01    1.298646E+00
    2.000000E-02    8.000000E-01    8.397506E-01    8.080808E-01    1.204987E+00
    2.000000E-02    8.000000E-01    8.397506E-01    9.090909E-01    1.102171E+00
    2.000000E-02    8.000000E-01    8.397506E-01    1.010101E+00    9.917005E-01
    2.000000E-02    8.000000E-01    8.397506E-01    1.111111E+00    8.751422E-01
    2.000000E-02    8.000000E-01    8.397506E-01    1.212121E+00    7.538921E-01
    2.000000E-02    8.000000E-01    8.397506E-01    1.313131E+00    6.291510E-01
    2.000000E-02    8.000000E-01    8.397506E-01    1.414141E+00    5.018962E-01
    2.000000E-02    8.000000E-01    8.397506E-01    1.515152E+00    3.728516E-01
    2.000000E-02    8.000000E-01    8.397506E-01    1.616162E+00    2.426823E-01
    2.000000E-02    8.000000E-01    8.397506E-01    1.717172E+00    1.121241E-01
    2.000000E-02    8.000000E-01    8.397506E-01    1.818182E+00   -1.760914E-02
    2.000000E-02    8.000000E-01    8.397506E-01    1.919192E+00   -1.448358E-01
    2.000000E-02    8.000000E-01    8.397506E-01    2.020202E+00   -2.670800E-01
    2.000000E-02    8.000000E-01    8.397506E-01    2.121212E+00   -3.806511E-01
    2.000000E-02    8.000000E-01    8.397506E-01    2.222222E+00   -4.812893E-01
    2.000000E-02    8.000000E-01    8.397506E-01    2.323232E+00   -5.634425E-01
    2.000000E-02    8.000000E-01    8.397506E-01    2.424242E+00   -6.256227E-01
    2.000000E-02    8.000000E-01    8.397506E-01    2.525253E+00   -6.654693E-01
    2.000000E-02    8.000000E-01    8.397506E-01    2.626263E+00   -6.835929E-01
    2.000000E-02    8.000000E-01    8.397506E-01    2.727273E+00   -6.824408E-01
    2.000000E-02    8.000000E-01    8.397506E-01    2.828283E+00   -6.645983E-01
    2.000000E-02    8.000000E-01    8.397506E-01    2.929293E+00   -6.281406E-01
    2.000000E-02    8.000000E-01    8.397506E-01    3.030303E+00   -5.749603E-01
    2.000000E-02    8.000000E-01    8.397506E-01    3.131313E+00   -5.093121E-01
    2.000000E-02    8.000000E-01    8.397506E-01    3.232323E+00   -4.335919E-01
    2.000000E-02    8.000000E-01    8.397506E-01    3.333333E+00   -3.516847E-01
    2.000000E-02    8.000000E-01    8.397506E-01    3.434343E+00   -2.740509E-01
    2.000000E-02    8.000000E-01    8.397506E-01    3.535354E+00   -2.044196E-01
    2.000000E-02    8.000000E-01    8.397506E-01    3.636364E+00   -1.454064E-01
    2.000000E-02    8.000000E-01    8.397506E-01    3.737374E+00   -9.875556E-02
    2.000000E-02    8.000000E-01    8.397506E-01    3.838384E+00   -6.429056E-02
    2.000000E-02    8.000000E-01    8.397506E-01    3.939394E+00   -4.023260E-02
    2.000000E-02    8.000000E-01    8.397506E-01    4.040404E+00   -2.407856E-02
    2.000000E-02    8.000000E-01    8.397506E-01    4.141414E+00   -1.349007E-02
    2.000000E-02    8.000000E-01    8.397506E-01    4.242424E+00   -7.414956E-03
    2.000000E-02    8.000000E-01    8.397506E-01    4.343434E+00   -4.733069E-03
    2.000000E-02    8.000000E-01    8.397506E-01    4.444444E+00   -2.961980E-03
    2.000000E-02    8.000000E-01    8.397506E-01    4.545455E+00   -1.190891E-03
    2.000000E-02    8.000000E-01    8.397506E-01    4.646465E+00   -5.332154E-04
    2.000000E-02    8.000000E-01    8.397506E-01    4.747475E+00   -4.216880E-04
    2.000000E-02    8.000000E-01    8.397506E-01    4.848485E+00   -3.101606E-04
    2.000000E-02    8.000000E-01    8.397506E-01    4.949495E+00   -1.986332E-04
    2.000000E-02    8.000000E-01    8.397506E-01    5.050505E+00   -8.710583E-05
    2.000000E-02    8.000000E-01    8.397506E-01    5.151515E+00   -2.169809E-06
    2.000000E-02    8.000000E-01    8.397506E-01    5.252525E+00   -1.881137E-06
    2.000000E-02    8.000000E-01    8.397506E-01    5.353535E+00   -1.592465E-06
    2.000000E-02    8.000000E-01    8.397506E-01    5.454545E+00   -1.303794E-06
    2.000000E-02    8.000000E-01    8.397506E-01    5.555556E+00   -1.015122E-06
    2.000000E-02    8.000000E-01    8.397506E-01    5.656566E+00   -7.264503E-07
    2.000000E-02    8.000000E-01    8.397506E-01    5.757576E+00   -4.377786E-07
    2.000000E-02    8.000000E-01    8.397506E-01    5.858586E+00   -1.491068E-07
    2.000000E-02    8.000000E-01    8.397506E-01    5.959596E+00   -1.067201E-11
    2.000000E-02    8.000000E-01    8.397506E-01    6.060606E+00   -9.552784E-12
    2.000000E-02    8.000000E-01    8.397506E-01    6.161616E+00   -8.433559E-12
    2.000000E-02    8.000000E-01    8.397506E-01    6.262626E+00   -7.314335E-12
    2.000000E-02    8.000000E-01    8.397506E-01    6.363636E+00   -6.195110E-12
    2.000000E-02    8.000000E-01    8.397506E-01    6.464646E+00   -5.075886E-12
    2.000000E-02    8.000000E-01    8.397506E-01    6.565657E+00   -3.956661E-12
    2.000000E-02    8.000000E-01    8.397506E-01    6.666667E+00   -2.837436E-12
    2.000000E-02    8.000000E-01    8.397506E-01    6.767677E+00   -1.718212E-12
    2.000000E-02    8.000000E-01    8.397506E-01    6.868687E+00   -5.989873E-13
    2.000000E-02    8.000000E-01    8.397506E-01    6.969697E+00   -1.008513E-22
    2.000000E-02    8.000000E-01    8.397506E-01    7.070707E+00   -9.229663E-23
    2.000000E-02    8.000000E-01    8.397506E-01    7.171717E+00   -8.374194E-23
    2.000000E-02    8.000000E-01    8.397506E-01    7.272727E+00   -7.518725E-23
    2.000000E-02    8.000000E-01    8.397506E-01    7.373737E+00   -6.663256E-23
    2.000000E-02    8.000000E-01    8.397506E-01    7.474747E+00   -5.807787E-23
    2.000000E-02    8.000000E-01    8.397506E-01    7.575758E+00   -4.952318E-23
    2.000000E-02    8.000000E-01    8.397506E-01    7.676768E+00   -4.096849E-23
    2.000000E-02    8.000000E-01    8.397506E-01    7.777778E+00   -3.241380E-23
    2.000000E-02    8.000000E-01    8.397506E-01    7.878788E+00   -2.385911E-23
    2.000000E-02    8.000000E-01    8.397506E-01    7.979798E+00   -1.530442E-23
    2.000000E-02    8.000000E-01    8.397506E-01    8.080808E+00   -6.749728E-24
    2.000000E-02    8.000000E-01    8.397506E-01    8.181818E+00   -4.069954E-33
    2.000000E-02    8.000000E-01    8.397506E-01    8.282828E+00   -4.385548E-33
    2.000000E-02    8.000000E-01    8.397506E-01    8.383838E+00   -4.701142E-33
    2.000000E-02    8.000000E-01    8.397506E-01    8.484848E+00   -5.016736E-33
    2.000000E-02    8.000000E-01    8.397506E-01    8.585859E+00   -5.332330E-33
    2.000000E-02    8.000000E-01    8.397506E-01    8.686869E+00   -5.647924E-33
    2.000000E-02    8.000000E-01    8.397506E-01    8.787879E+00   -5.963518E-33
    2.000000E-02    8.000000E-01    8.397506E-01    8.888889E+00   -6.279111E-33
    2.000000E-02    8.000000E-01    8.397506E-01    8.989899E+00   -6.594705E-33
    2.000000E-02    8.000000E-01    8.397506E-01    9.090909E+00   -6.910299E-33
    2.000000E-02    8.000000E-01    8.397506E-01    9.191919E+00   -7.225893E-33
    2.000000E-02    8.000000E-01    8.397506E-01    9.292929E+00   -7.541487E-33
    2.000000E-02    8.000000E-01    8.397506E-01    9.393939E+00   -7.857081E-33
    2.000000E-02    8.000000E-01    8.397506E-01    9.494949E+00   -8.172675E-33
    2.000000E-02    8.000000E-01    8.397506E-01    9.595960E+00   -8.488269E-33
    2.000000E-02    8.000000E-01    8.397506E-01    9.696970E+00   -8.959036E-33
    2.000000E-02    8.000000E-01    8.397506E-01    9.797980E+00   -9.501023E-33
    2.000000E-02    8.000000E-01    8.397506E-01    9.898990E+00   -1.004301E-32
    2.000000E-02    8.000000E-01    8.397506E-01    1.000000E+01   -1.058500E-32

    2.000000E-02    9.000000E-01    8.397506E-01    0.000000E+00    7.163624E-01
    2.000000E-02    9.000000E-01    8.397506E-01    1.010101E-01    7.133672E-01
    2.000000E-02    9.000000E-01    8.397506E-01    2.020202E-01    7.044283E-01
    2.000000E-02    9.000000E-01    8.397506E-01    3.030303E-01    6.895985E-01
    2.000000E-02    9.000000E-01    8.397506E-01    4.040404E-01    6.689670E-01
    2.000000E-02    9.000000E-01    8.397506E-01    5.050505E-01    6.426883E-01
    2.000000E-02    9.000000E-01    8.397506E-01    6.060606E-01    6.109727E-01
    2.000000E-02    9.000000E-01    8.397506E-01    7.070707E-01    5.741691E-01
    2.000000E-02    9.000000E-01    8.397506E-01    8.080808E-01    5.327393E-01
    2.000000E-02    9.000000E-01    8.397506E-01    9.090909E-01    4.872652E-01
    2.000000E-02    9.000000E-01    8.397506E-01    1.010101E+00    4.384115E-01
    2.000000E-02    9.000000E-01    8.397506E-01    1.111111E+00    3.868704E-01
    2.000000E-02    9.000000E-01    8.397506E-01    1.212121E+00    3.332588E-01
    2.000000E-02    9.000000E-01    8.397506E-01    1.313131E+00    2.781071E-01
    2.000000E-02    9.000000E-01    8.397506E-01    1.414141E+00    2.218470E-01
    2.000000E-02    9.000000E-01    8.397506E-01    1.515152E+00    1.647982E-01
    2.000000E-02    9.000000E-01    8.397506E-01    1.616162E+00    1.072548E-01
    2.000000E-02    9.000000E-01    8.397506E-01    1.717172E+00    4.954206E-02
    2.000000E-02    9.000000E-01    8.397506E-01    1.818182E+00   -7.803527E-03
    2.000000E-02    9.000000E-01    8.397506E-01    1.919192E+00   -6.403885E-02
    2.000000E-02    9.000000E-01    8.397506E-01    2.020202E+00   -1.180698E-01
    2.000000E-02    9.000000E-01    8.397506E-01    2.121212E+00   -1.682652E-01
    2.000000E-02    9.000000E-01    8.397506E-01    2.222222E+00   -2.127429E-01
    2.000000E-02    9.000000E-01    8.397506E-01    2.323232E+00   -2.490494E-01
    2.000000E-02    9.000000E-01    8.397506E-01    2.424242E+00   -2.765274E-01
    2.000000E-02    9.000000E-01    8.397506E-01    2.525253E+00   -2.941342E-01
    2.000000E-02    9.000000E-01    8.397506E-01    2.626263E+00   -3.021399E-01
    2.000000E-02    9.000000E-01    8.397506E-01    2.727273E+00   -3.016265E-01
    2.000000E-02    9.000000E-01    8.397506E-01    2.828283E+00   -2.937369E-01
    2.000000E-02    9.000000E-01    8.397506E-01    2.929293E+00   -2.776207E-01
    2.000000E-02    9.000000E-01    8.397506E-01    3.030303E+00   -2.541145E-01
    2.000000E-02    9.000000E-01    8.397506E-01    3.131313E+00   -2.250985E-01
    2.000000E-02    9.000000E-01    8.397506E-01    3.232323E+00   -1.916316E-01
    2.000000E-02    9.000000E-01    8.397506E-01    3.333333E+00   -1.554309E-01
    2.000000E-02    9.000000E-01    8.397506E-01    3.434343E+00   -1.211193E-01
    2.000000E-02    9.000000E-01    8.397506E-01    3.535354E+00   -9.034480E-02
    2.000000E-02    9.000000E-01    8.397506E-01    3.636364E+00   -6.426327E-02
    2.000000E-02    9.000000E-01    8.397506E-01    3.737374E+00   -4.364550E-02
    2.000000E-02    9.000000E-01    8.397506E-01    3.838384E+00   -2.841346E-02
    2.000000E-02    9.000000E-01    8.397506E-01    3.939394E+00   -1.778092E-02
    2.000000E-02    9.000000E-01    8.397506E-01    4.040404E+00   -1.064158E-02
    2.000000E-02    9.000000E-01    8.397506E-01    4.141414E+00   -5.961967E-03
    2.000000E-02    9.000000E-01    8.397506E-01    4.242424E+00   -3.277053E-03
    2.000000E-02    9.000000E-01    8.397506E-01    4.343434E+00   -2.091788E-03
    2.000000E-02    9.000000E-01    8.397506E-01    4.444444E+00   -1.309052E-03
    2.000000E-02    9.000000E-01    8.397506E-01    4.545455E+00   -5.263162E-04
    2.000000E-02    9.000000E-01    8.397506E-01    4.646465E+00   -2.356554E-04
    2.000000E-02    9.000000E-01    8.397506E-01    4.747475E+00   -1.863657E-04
    2.000000E-02    9.000000E-01    8.397506E-01    4.848485E+00   -1.370760E-04
    2.000000E-02    9.000000E-01    8.397506E-01    4.949495E+00   -8.778627E-05
    2.000000E-02    9.000000E-01    8.397506E-01    5.050505E+00   -3.849656E-05
    2.000000E-02    9.000000E-01    8.397506E-01    5.151515E+00   -9.589532E-07
    2.000000E-02    9.000000E-01    8.397506E-01    5.252525E+00   -8.313739E-07
    2.000000E-02    9.000000E-01    8.397506E-01    5.353535E+00   -7.037946E-07
    2.000000E-02    9.000000E-01    8.397506E-01    5.454545E+00   -5.762153E-07
    2.000000E-02    9.000000E-01    8.397506E-01    5.555556E+00   -4.486360E-07
    2.000000E-02    9.000000E-01    8.397506E-01    5.656566E+00   -3.210568E-07
    2.000000E-02    9.000000E-01    8.397506E-01    5.757576E+00   -1.934775E-07
    2.000000E-02    9.000000E-01    8.397506E-01    5.858586E+00   -6.589818E-08
    2.000000E-02    9.000000E-01    8.397506E-01    5.959596E+00   -4.716556E-12
    2.000000E-02    9.000000E-01    8.397506E-01    6.060606E+00   -4.221908E-12
    2.000000E-02    9.000000E-01    8.397506E-01    6.161616E+00   -3.727260E-12
    2.000000E-02    9.000000E-01    8.397506E-01    6.262626E+00   -3.232612E-12
    2.000000E-02    9.000000E-01    8.397506E-01    6.363636E+00   -2.737965E-12
    2.000000E-02    9.000000E-01    8.397506E-01    6.464646E+00   -2.243317E-12
    2.000000E-02    9.000000E-01    8.397506E-01    6.565657E+00   -1.748669E-12
    2.000000E-02    9.000000E-01    8.397506E-01    6.666667E+00   -1.254021E-12
    2.000000E-02    9.000000E-01    8.397506E-01    6.767677E+00   -7.593736E-13
    2.000000E-02    9.000000E-01    8.397506E-01    6.868687E+00   -2.647259E-13
    2.000000E-02    9.000000E-01    8.397506E-01    6.969697E+00   -4.457220E-23
    2.000000E-02    9.000000E-01    8.397506E-01    7.070707E+00   -4.079137E-23
    2.000000E-02    9.000000E-01    8.397506E-01    7.171717E+00   -3.701054E-23
    2.000000E-02    9.000000E-01    8.397506E-01    7.272727E+00   -3.322972E-23
    2.000000E-02    9.000000E-01    8.397506E-01    7.373737E+00   -2.944889E-23
    2.000000E-02    9.000000E-01    8.397506E-01    7.474747E+00   -2.566807E-23
    2.000000E-02    9.000000E-01    8.397506E-01    7.575758E+00   -2.188724E-23
    2.000000E-02    9.000000E-01    8.397506E-01    7.676768E+00   -1.810641E-23
    2.000000E-02    9.000000E-01    8.397506E-01    7.777778E+00   -1.432559E-23
    2.000000E-02    9.000000E-01    8.397506E-01    7.878788E+00   -1.054476E-23
    2.000000E-02    9.000000E-01    8.397506E-01    7.979798E+00   -6.763933E-24
    2.000000E-02    9.000000E-01    8.397506E-01    8.080808E+00   -2.983106E-24
    2.000000E-02    9.000000E-01    8.397506E-01    8.181818E+00   -1.798765E-33
    2.000000E-02    9.000000E-01    8.397506E-01    8.282828E+00   -1.938248E-33
    2.000000E-02    9.000000E-01    8.397506E-01    8.383838E+00   -2.077730E-33
    2.000000E-02    9.000000E-01    8.397506E-01    8.484848E+00   -2.217213E-33
    2.000000E-02    9.000000E-01    8.397506E-01    8.585859E+00   -2.356695E-33
    2.000000E-02    9.000000E-01    8.397506E-01    8.686869E+00   -2.496178E-33
    2.000000E-02    9.000000E-01    8.397506E-01    8.787879E+00   -2.635661E-33
    2.000000E-02    9.000000E-01    8.397506E-01    8.888889E+00   -2.775143E-33
    2.000000E-02    9.000000E-01    8.397506E-01    8.989899E+00   -2.914626E-33
    2.000000E-02    9.000000E-01    8.397506E-01    9.090909E+00   -3.054108E-33
    2.000000E-02    9.000000E-01    8.397506E-01    9.191919E+00   -3.193591E-33
    2.000000E-02    9.000000E-01    8.397506E-01    9.292929E+00   -3.333073E-33
    2.000000E-02    9.000000E-01    8.397506E-01    9.393939E+00   -3.472556E-33
    2.000000E-02    9.000000E-01    8.397506E-01    9.494949E+00   -3.612039E-33
    2.000000E-02    9.000000E-01    8.397506E-01    9.595960E+00   -3.751521E-33
    2.000000E-02    9.000000E-01    8.397506E-01    9.696970E+00   -3.959586E-33
    2.000000E-02    9.000000E-01    8.397506E-01    9.797980E+00   -4.199128E-33
    2.000000E-02    9.000000E-01    8.397506E-01    9.898990E+00   -4.438670E-33
    2.000000E-02    9.000000E-01    8.397506E-01    1.000000E+01   -4.678213E-33

    2.000000E-02    1.000000E+00    8.397506E-01    0.000000E+00    4.627990E-06
    2.000000E-02    1.000000E+00    8.397506E-01    1.010101E-01    4.608665E-06
    2.000000E-02    1.000000E+00    8.397506E-01    2.020202E-01    4.550996E-06
    2.000000E-02    1.000000E+00    8.397506E-01    3.030303E-01    4.455336E-06
    2.000000E-02    1.000000E+00    8.397506E-01    4.040404E-01    4.322279E-06
    2.000000E-02    1.000000E+00    8.397506E-01    5.050505E-01    4.152850E-06
    2.000000E-02    1.000000E+00    8.397506E-01    6.060606E-01    3.948434E-06
    2.000000E-02    1.000000E+00    8.397506E-01    7.070707E-01    3.711303E-06
    2.000000E-02    1.000000E+00    8.397506E-01    8.080808E-01    3.444441E-06
    2.000000E-02    1.000000E+00    8.397506E-01    9.090909E-01    3.151584E-06
    2.000000E-02    1.000000E+00    8.397506E-01    1.010101E+00    2.836979E-06
    2.000000E-02    1.000000E+00    8.397506E-01    1.111111E+00    2.505043E-06
    2.000000E-02    1.000000E+00    8.397506E-01    1.212121E+00    2.159707E-06
    2.000000E-02    1.000000E+00    8.397506E-01    1.313131E+00    1.804358E-06
    2.000000E-02    1.000000E+00    8.397506E-01    1.414141E+00    1.441763E-06
    2.000000E-02    1.000000E+00    8.397506E-01    1.515152E+00    1.073972E-06
    2.000000E-02    1.000000E+00    8.397506E-01    1.616162E+00    7.028815E-07
    2.000000E-02    1.000000E+00    8.397506E-01    1.717172E+00    3.305838E-07
    2.000000E-02    1.000000E+00    8.397506E-01    1.818182E+00   -3.945906E-08
    2.000000E-02    1.000000E+00    8.397506E-01    1.919192E+00   -4.024474E-07
    2.000000E-02    1.000000E+00    8.397506E-01    2.020202E+00   -7.513202E-07
    2.000000E-02    1.000000E+00    8.397506E-01    2.121212E+00   -1.075554E-06
    2.000000E-02    1.000000E+00    8.397506E-01    2.222222E+00   -1.362996E-06
    2.000000E-02    1.000000E+00    8.397506E-01    2.323232E+00   -1.597813E-06
    2.000000E-02    1.000000E+00    8.397506E-01    2.424242E+00   -1.775747E-06
    2.000000E-02    1.000000E+00    8.397506E-01    2.525253E+00   -1.890059E-06
    2.000000E-02    1.000000E+00    8.397506E-01    2.626263E+00   -1.942479E-06
    2.000000E-02    1.000000E+00    8.397506E-01    2.727273E+00   -1.939970E-06
    2.000000E-02    1.000000E+00    8.397506E-01    2.828283E+00   -1.889889E-06
    2.000000E-02    1.000000E+00    8.397506E-01    2.929293E+00   -1.786725E-06
    2.000000E-02    1.000000E+00    8.397506E-01    3.030303E+00   -1.635842E-06
    2.000000E-02    1.000000E+00    8.397506E-01    3.131313E+00   -1.449356E-06
    2.000000E-02    1.000000E+00    8.397506E-01    3.232323E+00   -1.234089E-06
    2.000000E-02    1.000000E+00    8.397506E-01    3.333333E+00   -1.001085E-06
    2.000000E-02    1.000000E+00    8.397506E-01    3.434343E+00   -7.801662E-07
    2.000000E-02    1.000000E+00    8.397506E-01    3.535354E+00   -5.819846E-07
    2.000000E-02    1.000000E+00    8.397506E-01    3.636364E+00   -4.140006E-07
    2.000000E-02    1.000000E+00    8.397506E-01    3.737374E+00   -2.811925E-07
    2.000000E-02    1.000000E+00    8.397506E-01    3.838384E+00   -1.830676E-07
    2.000000E-02    1.000000E+00    8.397506E-01    3.939394E+00   -1.145677E-07
    2.000000E-02    1.000000E+00    8.397506E-01    4.040404E+00   -6.856985E-08
    2.000000E-02    1.000000E+00    8.397506E-01    4.141414E+00   -3.841809E-08
    2.000000E-02    1.000000E+00    8.397506E-01    4.242424E+00   -2.111764E-08
    2.000000E-02    1.000000E+00    8.397506E-01    4.343434E+00   -1.347992E-08
    2.000000E-02    1.000000E+00    8.397506E-01    4.444444E+00   -8.435877E-09
    2.000000E-02    1.000000E+00    8.397506E-01    4.545455E+00   -3.391839E-09
    2.000000E-02    1.000000E+00    8.397506E-01    4.646465E+00   -1.518763E-09
    2.000000E-02    1.000000E+00    8.397506E-01    4.747475E+00   -1.201099E-09
    2.000000E-02    1.000000E+00    8.397506E-01    4.848485E+00   -8.834344E-10
    2.000000E-02    1.000000E+00    8.397506E-01    4.949495E+00   -5.657698E-10
    2.000000E-02    1.000000E+00    8.397506E-01    5.050505E+00   -2.481053E-10
    2.000000E-02    1.000000E+00    8.397506E-01    5.151515E+00   -6.181167E-12
    2.000000E-02    1.000000E+00    8.397506E-01    5.252525E+00   -5.358824E-12
    2.000000E-02    1.000000E+00    8.397506E-01    5.353535E+00   -4.536480E-12
    2.000000E-02    1.000000E+00    8.397506E-01    5.454545E+00   -3.714137E-12
    2.000000E-02    1.000000E+00    8.397506E-01    5.555556E+00   -2.891793E-12
    2.000000E-02    1.000000E+00    8.397506E-01    5.656566E+00   -2.069450E-12
    2.000000E-02    1.000000E+00    8.397506E-01    5.757576E+00   -1.247106E-12
    2.000000E-02    1.000000E+00    8.397506E-01    5.858586E+00   -4.247629E-13
    2.000000E-02    1.000000E+00    8.397506E-01    5.959596E+00   -3.040573E-17
    2.000000E-02    1.000000E+00    8.397506E-01    6.060606E+00   -2.721694E-17
    2.000000E-02    1.000000E+00    8.397506E-01    6.161616E+00   -2.402814E-17
    2.000000E-02    1.000000E+00    8.397506E-01    6.262626E+00   -2.083935E-17
    2.000000E-02    1.000000E+00    8.397506E-01    6.363636E+00   -1.765055E-17
    2.000000E-02    1.000000E+00    8.397506E-01    6.464646E+00   -1.446176E-17
    2.000000E-02    1.000000E+00    8.397506E-01    6.565657E+00   -1.127296E-17
    2.000000E-02    1.000000E+00    8.397506E-01    6.666667E+00   -8.084170E-18
    2.000000E-02    1.000000E+00    8.397506E-01    6.767677E+00   -4.895375E-18
    2.000000E-02    1.000000E+00    8.397506E-01    6.868687E+00   -1.706581E-18
    2.000000E-02    1.000000E+00    8.397506E-01    6.969697E+00   -2.873689E-28
    2.000000E-02    1.000000E+00    8.397506E-01    7.070707E+00   -2.629929E-28
    2.000000E-02    1.000000E+00    8.397506E-01    7.171717E+00   -2.386169E-28
    2.000000E-02    1.000000E+00    8.397506E-01    7.272727E+00   -2.142409E-28
    2.000000E-02    1.000000E+00    8.397506E-01    7.373737E+00   -1.898649E-28
    2.000000E-02    1.000000E+00    8.397506E-01    7.474747E+00   -1.654889E-28
    2.000000E-02    1.000000E+00    8.397506E-01    7.575758E+00   -1.411129E-28
    2.000000E-02    1.000000E+00    8.397506E-01    7.676768E+00   -1.167369E-28
    2.000000E-02    1.000000E+00    8.397506E-01    7.777778E+00   -9.236089E-29
    2.000000E-02    1.000000E+00    8.397506E-01    7.878788E+00   -6.798489E-29
    2.000000E-02    1.000000E+00    8.397506E-01    7.979798E+00   -4.360889E-29
    2.000000E-02    1.000000E+00    8.397506E-01    8.080808E+00   -1.923289E-29
    2.000000E-02    1.000000E+00    8.397506E-01    8.181818E+00   -1.147860E-38
    2.000000E-02    1.000000E+00    8.397506E-01    8.282828E+00   -1.237086E-38
    2.000000E-02    1.000000E+00    8.397506E-01    8.383838E+00   -1.326312E-38
    2.000000E-02    1.000000E+00    8.397506E-01    8.484848E+00   -1.415538E-38
    2.000000E-02    1.000000E+00    8.397506E-01    8.585859E+00   -1.504764E-38
    2.000000E-02    1.000000E+00    8.397506E-01    8.686869E+00   -1.593989E-38
    2.000000E-02    1.000000E+00    8.397506E-01    8.787879E+00   -1.683215E-38
    2.000000E-02    1.000000E+00    8.397506E-01    8.888889E+00   -1.772441E-38
    2.000000E-02    1.000000E+00    8.397506E-01    8.989899E+00   -1.861667E-38
    2.000000E-02    1.000000E+00    8.397506E-01    9.090909E+00   -1.950893E-38
    2.000000E-02    1.000000E+00    8.397506E-01    9.191919E+00   -2.040119E-38
    2.000000E-02    1.000000E+00    8.397506E-01    9.292929E+00   -2.129345E-38
    2.000000E-02    1.000000E+00    8.397506E-01    9.393939E+00   -2.218571E-38
    2.000000E-02    1.000000E+00    8.397506E-01    9.494949E+00   -2.307797E-38
    2.000000E-02    1.000000E+00    8.397506E-01    9.595960E+00   -2.397023E-38
    2.000000E-02    1.000000E+00    8.397506E-01    9.696970E+00   -2.530177E-38
    2.000000E-02    1.000000E+00    8.397506E-01    9.797980E+00   -2.683492E-38
    2.000000E-02    1.000000E+00    8.397506E-01    9.898990E+00   -2.836807E-38
    2.000000E-02    1.000000E+00    8.397506E-01    1.000000E+01   -2.990122E-38

    2.000000E-02    1.100000E+00    8.397506E-01    0.000000E+00    2.320267E-06
    2.000000E-02    1.100000E+00    8.397506E-01    1.010101E-01    2.310594E-06
    2.000000E-02    1.100000E+00    8.397506E-01    2.020202E-01    2.281730E-06
    2.000000E-02    1.100000E+00    8.397506E-01    3.030303E-01    2.233857E-06
    2.000000E-02    1.100000E+00    8.397506E-01    4.040404E-01    2.167283E-06
    2.000000E-02    1.100000E+00    8.397506E-01    5.050505E-01    2.082532E-06
    2.000000E-02    1.100000E+00    8.397506E-01    6.060606E-01    1.980311E-06
    2.000000E-02    1.100000E+00    8.397506E-01    7.070707E-01    1.861766E-06
    2.000000E-02    1.100000E+00    8.397506E-01    8.080808E-01    1.728392E-06
    2.000000E-02    1.100000E+00    8.397506E-01    9.090909E-01    1.582047E-06
    2.000000E-02    1.100000E+00    8.397506E-01    1.010101E+00    1.424838E-06
    2.000000E-02    1.100000E+00    8.397506E-01    1.111111E+00    1.258950E-06
    2.000000E-02    1.100000E+00    8.397506E-01    1.212121E+00    1.086329E-06
    2.000000E-02    1.100000E+00    8.397506E-01    1.313131E+00    9.086535E-07
    2.000000E-02    1.100000E+00    8.397506E-01    1.414141E+00    7.272976E-07
    2.000000E-02    1.100000E+00    8.397506E-01    1.515152E+00    5.432841E-07
    2.000000E-02    1.100000E+00    8.397506E-01    1.616162E+00    3.575600E-07
    2.000000E-02    1.100000E+00    8.397506E-01    1.717172E+00    1.711701E-07
    2.000000E-02    1.100000E+00    8.397506E-01    1.818182E+00   -1.415158E-08
    2.000000E-02    1.100000E+00    8.397506E-01    1.919192E+00   -1.959988E-07
    2.000000E-02    1.100000E+00    8.397506E-01    2.020202E+00   -3.708350E-07
    2.000000E-02    1.100000E+00    8.397506E-01    2.121212E+00   -5.333897E-07
    2.000000E-02    1.100000E+00    8.397506E-01    2.222222E+00   -6.775736E-07
    2.000000E-02    1.100000E+00    8.397506E-01    2.323232E+00   -7.954557E-07
    2.000000E-02    1.100000E+00    8.397506E-01    2.424242E+00   -8.848926E-07
    2.000000E-02    1.100000E+00    8.397506E-01    2.525253E+00   -9.425060E-07
    2.000000E-02    1.100000E+00    8.397506E-01    2.626263E+00   -9.691537E-07
    2.000000E-02    1.100000E+00    8.397506E-01    2.727273E+00   -9.683133E-07
    2.000000E-02    1.100000E+00    8.397506E-01    2.828283E+00   -9.436601E-07
    2.000000E-02    1.100000E+00    8.397506E-01    2.929293E+00   -8.924224E-07
    2.000000E-02    1.100000E+00    8.397506E-01    3.030303E+00   -8.172675E-07
    2.000000E-02    1.100000E+00    8.397506E-01    3.131313E+00   -7.242564E-07
    2.000000E-02    1.100000E+00    8.397506E-01    3.232323E+00   -6.167991E-07
    2.000000E-02    1.100000E+00    8.397506E-01    3.333333E+00   -5.004087E-07
    2.000000E-02    1.100000E+00    8.397506E-01    3.434343E+00   -3.900160E-07
    2.000000E-02    1.100000E+00    8.397506E-01    3.535354E+00   -2.909665E-07
    2.000000E-02    1.100000E+00    8.397506E-01    3.636364E+00   -2.069967E-07
    2.000000E-02    1.100000E+00    8.397506E-01    3.737374E+00   -1.406026E-07
    2.000000E-02    1.100000E+00    8.397506E-01    3.838384E+00   -9.154298E-08
    2.000000E-02    1.100000E+00    8.397506E-01    3.939394E+00   -5.729244E-08
    2.000000E-02    1.100000E+00    8.397506E-01    4.040404E+00   -3.429162E-08
    2.000000E-02    1.100000E+00    8.397506E-01    4.141414E+00   -1.921368E-08
    2.000000E-02    1.100000E+00    8.397506E-01    4.242424E+00   -1.056176E-08
    2.000000E-02    1.100000E+00    8.397506E-01    4.343434E+00   -6.741954E-09
    2.000000E-02    1.100000E+00    8.397506E-01    4.444444E+00   -4.219226E-09
    2.000000E-02    1.100000E+00    8.397506E-01    4.545455E+00   -1.696498E-09
    2.000000E-02    1.100000E+00    8.397506E-01    4.646465E+00   -7.596844E-10
    2.000000E-02    1.100000E+00    8.397506E-01    4.747475E+00   -6.007889E-10
    2.000000E-02    1.100000E+00    8.397506E-01    4.848485E+00   -4.418935E-10
    2.000000E-02    1.100000E+00    8.397506E-01    4.949495E+00   -2.829980E-10
    2.000000E-02    1.100000E+00    8.397506E-01    5.050505E+00   -1.241025E-10
    2.000000E-02    1.100000E+00    8.397506E-01    5.151515E+00   -3.092254E-12
    2.000000E-02    1.100000E+00    8.397506E-01    5.252525E+00   -2.680860E-12
    2.000000E-02    1.100000E+00    8.397506E-01    5.353535E+00   -2.269466E-12
    2.000000E-02    1.100000E+00    8.397506E-01    5.454545E+00   -1.858072E-12
    2.000000E-02    1.100000E+00    8.397506E-01    5.555556E+00   -1.446678E-12
    2.000000E-02    1.100000E+00    8.397506E-01    5.656566E+00   -1.035284E-12
    2.000000E-02    1.100000E+00    8.397506E-01    5.757576E+00   -6.238902E-13
    2.000000E-02    1.100000E+00    8.397506E-01    5.858586E+00   -2.124962E-13
    2.000000E-02    1.100000E+00    8.397506E-01    5.959596E+00   -1.521311E-17
    2.000000E-02    1.100000E+00    8.397506E-01    6.060606E+00   -1.361764E-17
    2.000000E-02    1.100000E+00    8.397506E-01    6.161616E+00   -1.202217E-17
    2.000000E-02    1.100000E+00    8.397506E-01    6.262626E+00   -1.042670E-17
    2.000000E-02    1.100000E+00    8.397506E-01    6.363636E+00   -8.831224E-18
    2.000000E-02    1.100000E+00    8.397506E-01    6.464646E+00   -7.235753E-18
    2.000000E-02    1.100000E+00    8.397506E-01    6.565657E+00   -5.640281E-18
    2.000000E-02    1.100000E+00    8.397506E-01    6.666667E+00   -4.044809E-18
    2.000000E-02    1.100000E+00    8.397506E-01    6.767677E+00   -2.449337E-18
    2.000000E-02    1.100000E+00    8.397506E-01    6.868687E+00   -8.538656E-19
    2.000000E-02    1.100000E+00    8.397506E-01    6.969697E+00   -1.437963E-28
    2.000000E-02    1.100000E+00    8.397506E-01    7.070707E+00   -1.315988E-28
    2.000000E-02    1.100000E+00    8.397506E-01    7.171717E+00   -1.194013E-28
    2.000000E-02    1.100000E+00    8.397506E-01    7.272727E+00   -1.072038E-28
    2.000000E-02    1.100000E+00    8.397506E-01    7.373737E+00   -9.500635E-29
    2.000000E-02    1.100000E+00    8.397506E-01    7.474747E+00   -8.280886E-29
    2.000000E-02    1.100000E+00    8.397506E-01    7.575758E+00   -7.061137E-29
    2.000000E-02    1.100000E+00    8.397506E-01    7.676768E+00   -5.841388E-29
    2.000000E-02    1.100000E+00    8.397506E-01    7.777778E+00   -4.621639E-29
    2.000000E-02    1.100000E+00    8.397506E-01    7.878788E+00   -3.401891E-29
    2.000000E-02    1.100000E+00    8.397506E-01    7.979798E+00   -2.182142E-29
    2.000000E-02    1.100000E+00    8.397506E-01    8.080808E+00   -9.623929E-30
    2.000000E-02    1.100000E+00    8.397506E-01    8.181818E+00   -5.682655E-39
    2.000000E-02    1.100000E+00    8.397506E-01    8.282828E+00   -6.125511E-39
    2.000000E-02    1.100000E+00    8.397506E-01    8.383838E+00   -6.568366E-39
    2.000000E-02    1.100000E+00    8.397506E-01    8.484848E+00   -7.011221E-39
    2.000000E-02    1.100000E+00    8.397506E-01    8.585859E+00   -7.454076E-39
    2.000000E-02    1.100000E+00    8.397506E-01    8.686869E+00   -7.896931E-39
    2.000000E-02    1.100000E+00    8.397506E-01    8.787879E+00   -8.339786E-39
    2.000000E-02    1.100000E+00    8.397506E-01    8.888889E+00   -8.782642E-39
    2.000000E-02    1.100000E+00    8.397506E-01    8.989899E+00   -9.225497E-39
    2.000000E-02    1.100000E+00    8.397506E-01    9.090909E+00   -9.668352E-39
    2.000000E-02    1.100000E+00    8.397506E-01    9.191919E+00   -1.011121E-38
    2.000000E-02    1.100000E+00    8.397506E-01    9.292929E+00   -1.055406E-38
    2.000000E-02    1.100000E+00    8.397506E-01    9.393939E+00   -1.099692E-38
    2.000000E-02    1.100000E+00    8.397506E-01    9.494949E+00   -1.143977E-38
    2.000000E-02    1.100000E+00    8.397506E-01    9.595960E+00   -1.188263E-38
    2.000000E-02    1.100000E+00    8.397506E-01    9.696970E+00   -1.254380E-38
    2.000000E-02    1.100000E+00    8.397506E-01    9.797980E+00   -1.330517E-38
    2.000000E-02    1.100000E+00    8.397506E-01    9.898990E+00   -1.406654E-38
    2.000000E-02    1.100000E+00    8.397506E-01    1.000000E+01   -1.482792E-38

