    0.555087E-01    0.103775E+02
    0.292216E+00    0.103772E+02
    0.717029E+00    0.103765E+02
    0.132826E+01    0.103756E+02
    0.212336E+01    0.103741E+02
    0.309899E+01    0.103715E+02
    0.425106E+01    0.103668E+02
    0.557475E+01    0.103594E+02
    0.706450E+01    0.103485E+02
    0.871405E+01    0.103336E+02
    0.105165E+02    0.103136E+02
    0.124643E+02    0.102877E+02
    0.145492E+02    0.102549E+02
    0.167626E+02    0.102145E+02
    0.190951E+02    0.101658E+02
    0.215369E+02    0.101081E+02
    0.240779E+02    0.100408E+02
    0.267073E+02    0.996310E+01
    0.294141E+02    0.987427E+01
    0.321870E+02    0.977409E+01
    0.350143E+02    0.966268E+01
    0.378842E+02    0.954035E+01
    0.407847E+02    0.940727E+01
    0.437035E+02    0.926349E+01
    0.466285E+02    0.910919E+01
    0.495473E+02    0.894497E+01
    0.524478E+02    0.877214E+01
    0.553177E+02    0.859217E+01
    0.581450E+02    0.840650E+01
    0.609179E+02    0.821585E+01
    0.636248E+02    0.802087E+01
    0.662542E+02    0.782244E+01
    0.687951E+02    0.762240E+01
    0.712370E+02    0.742337E+01
    0.735695E+02    0.722789E+01
    0.757828E+02    0.703812E+01
    0.778678E+02    0.685504E+01
    0.798155E+02    0.667945E+01
    0.816180E+02    0.651240E+01
    0.832675E+02    0.635522E+01
    0.847573E+02    0.620973E+01
    0.860810E+02    0.607781E+01
    0.872330E+02    0.596108E+01
    0.882087E+02    0.586090E+01
    0.890038E+02    0.577840E+01
    0.896150E+02    0.571448E+01
    0.900398E+02    0.566977E+01
    0.902765E+02    0.564475E+01
    0.903404E+02    0.563798E+01
    0.903763E+02    0.563418E+01
    0.904408E+02    0.562734E+01
    0.905339E+02    0.561745E+01
    0.906554E+02    0.560453E+01
    0.908054E+02    0.558855E+01
    0.909835E+02    0.556952E+01
    0.911897E+02    0.554744E+01
    0.914237E+02    0.552228E+01
    0.916854E+02    0.549404E+01
    0.919744E+02    0.546271E+01
    0.922905E+02    0.542826E+01
    0.926334E+02    0.539068E+01
    0.930027E+02    0.534993E+01
    0.933981E+02    0.530598E+01
    0.938192E+02    0.525880E+01
    0.942656E+02    0.520834E+01
    0.947368E+02    0.515454E+01
    0.952323E+02    0.509739E+01
    0.957518E+02    0.503700E+01
    0.962947E+02    0.497355E+01
    0.968604E+02    0.490727E+01
    0.974484E+02    0.483846E+01
    0.980582E+02    0.476745E+01
    0.986891E+02    0.469467E+01
    0.993405E+02    0.462045E+01
    0.100012E+03    0.454454E+01
    0.100702E+03    0.446644E+01
    0.101411E+03    0.438553E+01
    0.102138E+03    0.430115E+01
    0.102882E+03    0.421392E+01
    0.103643E+03    0.412437E+01
    0.104419E+03    0.403208E+01
    0.105210E+03    0.393654E+01
    0.106016E+03    0.383867E+01
    0.106834E+03    0.373834E+01
    0.107665E+03    0.363498E+01
    0.108508E+03    0.352888E+01
    0.109362E+03    0.342039E+01
    0.110226E+03    0.330944E+01
    0.111099E+03    0.319592E+01
    0.111981E+03    0.307985E+01
    0.112870E+03    0.296122E+01
    0.113766E+03    0.284002E+01
    0.114667E+03    0.271629E+01
    0.115574E+03    0.259030E+01
    0.116484E+03    0.246228E+01
    0.117398E+03    0.233214E+01
    0.118314E+03    0.219971E+01
    0.119231E+03    0.206462E+01
    0.120149E+03    0.192655E+01
    0.121066E+03    0.178585E+01
    0.121982E+03    0.164304E+01
    0.122896E+03    0.149778E+01
    0.123806E+03    0.134960E+01
    0.124712E+03    0.119921E+01
    0.125614E+03    0.104762E+01
    0.126510E+03    0.895247E+00
    0.127399E+03    0.741726E+00
    0.128281E+03    0.586061E+00
    0.129154E+03    0.430636E+00
    0.130018E+03    0.272901E+00
    0.130872E+03    0.117705E+00
    0.131715E+03    0.246329E-01
    0.132546E+03    0.173849E+00
    0.133364E+03    0.325638E+00
    0.134170E+03    0.474552E+00
    0.134961E+03    0.619762E+00
    0.135737E+03    0.761462E+00
    0.136497E+03    0.899438E+00
    0.137241E+03    0.103380E+01
    0.137968E+03    0.116439E+01
    0.138678E+03    0.129085E+01
    0.139368E+03    0.141316E+01
    0.140039E+03    0.153162E+01
    0.140691E+03    0.164635E+01
    0.141322E+03    0.175715E+01
    0.141931E+03    0.186373E+01
    0.142519E+03    0.196596E+01
    0.143085E+03    0.206387E+01
    0.143628E+03    0.215751E+01
    0.144148E+03    0.224688E+01
    0.144643E+03    0.233195E+01
    0.145114E+03    0.241270E+01
    0.145561E+03    0.248907E+01
    0.145982E+03    0.256102E+01
    0.146377E+03    0.262851E+01
    0.146746E+03    0.269149E+01
    0.147089E+03    0.274993E+01
    0.147405E+03    0.280379E+01
    0.147694E+03    0.285302E+01
    0.147956E+03    0.289758E+01
    0.148190E+03    0.293743E+01
    0.148396E+03    0.297254E+01
    0.148575E+03    0.300287E+01
    0.148724E+03    0.302839E+01
    0.148846E+03    0.304909E+01
    0.148939E+03    0.306493E+01
    0.149004E+03    0.307592E+01
    0.149039E+03    0.308202E+01
    0.149048E+03    0.308353E+01
    0.149050E+03    0.308384E+01
    0.149053E+03    0.308440E+01
    0.149058E+03    0.308522E+01
    0.149064E+03    0.308628E+01
    0.149072E+03    0.308759E+01
    0.149081E+03    0.308914E+01
    0.149092E+03    0.309094E+01
    0.149104E+03    0.309299E+01
    0.149117E+03    0.309527E+01
    0.149132E+03    0.309779E+01
    0.149148E+03    0.310055E+01
    0.149166E+03    0.310355E+01
    0.149185E+03    0.310677E+01
    0.149205E+03    0.311022E+01
    0.149227E+03    0.311390E+01
    0.149250E+03    0.311780E+01
    0.149274E+03    0.312191E+01
    0.149299E+03    0.312624E+01
    0.149326E+03    0.313078E+01
    0.149354E+03    0.313552E+01
    0.149383E+03    0.314046E+01
    0.149413E+03    0.314559E+01
    0.149444E+03    0.315092E+01
    0.149476E+03    0.315643E+01
    0.149510E+03    0.316212E+01
    0.149544E+03    0.316798E+01
    0.149580E+03    0.317401E+01
    0.149616E+03    0.318020E+01
    0.149653E+03    0.318655E+01
    0.149691E+03    0.319305E+01
    0.149730E+03    0.319969E+01
    0.149770E+03    0.320647E+01
    0.149811E+03    0.321338E+01
    0.149852E+03    0.322041E+01
    0.149894E+03    0.322756E+01
    0.149937E+03    0.323482E+01
    0.149980E+03    0.324219E+01
    0.150024E+03    0.324964E+01
    0.150068E+03    0.325719E+01
    0.150113E+03    0.326482E+01
    0.150158E+03    0.327252E+01
    0.150204E+03    0.328028E+01
    0.150250E+03    0.328811E+01
    0.150296E+03    0.329598E+01
    0.150342E+03    0.330390E+01
    0.150389E+03    0.331185E+01
    0.150436E+03    0.331983E+01
    0.150483E+03    0.332783E+01
    0.150530E+03    0.333584E+01
    0.150577E+03    0.334386E+01
    0.150624E+03    0.335187E+01
    0.150671E+03    0.335987E+01
    0.150718E+03    0.336785E+01
    0.150764E+03    0.337580E+01
    0.150811E+03    0.338371E+01
    0.150857E+03    0.339159E+01
    0.150903E+03    0.339941E+01
    0.150949E+03    0.340717E+01
    0.150994E+03    0.341487E+01
    0.151039E+03    0.342250E+01
    0.151083E+03    0.343004E+01
    0.151127E+03    0.343750E+01
    0.151170E+03    0.344486E+01
    0.151213E+03    0.345211E+01
    0.151255E+03    0.345926E+01
    0.151296E+03    0.346629E+01
    0.151337E+03    0.347320E+01
    0.151376E+03    0.347997E+01
    0.151415E+03    0.348661E+01
    0.151453E+03    0.349311E+01
    0.151491E+03    0.349945E+01
    0.151527E+03    0.350564E+01
    0.151563E+03    0.351167E+01
    0.151597E+03    0.351753E+01
    0.151630E+03    0.352322E+01
    0.151663E+03    0.352873E+01
    0.151694E+03    0.353405E+01
    0.151724E+03    0.353918E+01
    0.151753E+03    0.354412E+01
    0.151781E+03    0.354886E+01
    0.151808E+03    0.355339E+01
    0.151833E+03    0.355772E+01
    0.151857E+03    0.356183E+01
    0.151880E+03    0.356573E+01
    0.151902E+03    0.356941E+01
    0.151922E+03    0.357286E+01
    0.151941E+03    0.357608E+01
    0.151958E+03    0.357908E+01
    0.151975E+03    0.358184E+01
    0.151990E+03    0.358436E+01
    0.152003E+03    0.358664E+01
    0.152015E+03    0.358869E+01
    0.152026E+03    0.359049E+01
    0.152035E+03    0.359204E+01
    0.152042E+03    0.359335E+01
    0.152049E+03    0.359441E+01
    0.152053E+03    0.359523E+01
    0.152057E+03    0.359579E+01
    0.152058E+03    0.359610E+01
    0.152095E+03    0.360232E+01
    0.152249E+03    0.362852E+01
    0.152525E+03    0.367555E+01
    0.152922E+03    0.374325E+01
    0.153439E+03    0.383143E+01
    0.154073E+03    0.393971E+01
    0.154822E+03    0.406752E+01
    0.155683E+03    0.421505E+01
    0.156651E+03    0.438587E+01
    0.157723E+03    0.458054E+01
    0.158895E+03    0.479331E+01
    0.160161E+03    0.502433E+01
    0.161516E+03    0.527215E+01
    0.162955E+03    0.553631E+01
    0.164471E+03    0.581585E+01
    0.166058E+03    0.610983E+01
    0.167710E+03    0.641649E+01
    0.169419E+03    0.673474E+01
    0.171178E+03    0.706601E+01
    0.172980E+03    0.741190E+01
    0.174818E+03    0.776994E+01
    0.176684E+03    0.813612E+01
    0.178569E+03    0.850790E+01
    0.180466E+03    0.888441E+01
    0.182367E+03    0.926482E+01
    0.184265E+03    0.964800E+01
    0.186150E+03    0.100326E+02
    0.188015E+03    0.104173E+02
    0.189853E+03    0.108002E+02
    0.191656E+03    0.111793E+02
    0.193415E+03    0.115522E+02
    0.195124E+03    0.119172E+02
    0.196776E+03    0.122723E+02
    0.198363E+03    0.126160E+02
    0.199879E+03    0.129468E+02
    0.201318E+03    0.132631E+02
    0.202673E+03    0.135632E+02
    0.203939E+03    0.138455E+02
    0.205111E+03    0.141083E+02
    0.206183E+03    0.143501E+02
    0.207151E+03    0.145696E+02
    0.208012E+03    0.147654E+02
    0.208760E+03    0.149365E+02
    0.209395E+03    0.150819E+02
    0.209911E+03    0.152006E+02
    0.210309E+03    0.152921E+02
    0.210585E+03    0.153558E+02
    0.210739E+03    0.153913E+02
    0.211173E+03    0.154918E+02
    0.212867E+03    0.158853E+02
    0.215886E+03    0.165939E+02
    0.220180E+03    0.176187E+02
    0.225679E+03    0.189602E+02
    0.232294E+03    0.206166E+02
    0.239914E+03    0.225835E+02
    0.248416E+03    0.248523E+02
    0.257659E+03    0.274073E+02
    0.267492E+03    0.302267E+02
    0.277754E+03    0.332802E+02
    0.288275E+03    0.365298E+02
    0.298883E+03    0.399284E+02
    0.309405E+03    0.434188E+02
    0.319666E+03    0.469380E+02
    0.329499E+03    0.504168E+02
    0.338742E+03    0.537819E+02
    0.347244E+03    0.569578E+02
    0.354865E+03    0.598700E+02
    0.361479E+03    0.624477E+02
    0.366978E+03    0.646265E+02
    0.371272E+03    0.663502E+02
    0.374291E+03    0.675735E+02
    0.375985E+03    0.682643E+02
    0.377289E+03    0.687983E+02
    0.381139E+03    0.703850E+02
    0.388000E+03    0.732511E+02
    0.397759E+03    0.774144E+02
    0.410258E+03    0.828933E+02
    0.425290E+03    0.897017E+02
    0.442609E+03    0.978422E+02
    0.461931E+03    0.107298E+03
    0.482939E+03    0.118027E+03
    0.505287E+03    0.129952E+03
    0.528608E+03    0.142960E+03
    0.552520E+03    0.156900E+03
    0.576630E+03    0.171573E+03
    0.600542E+03    0.186737E+03
    0.623864E+03    0.202110E+03
    0.646212E+03    0.217381E+03
    0.667219E+03    0.232222E+03
    0.686541E+03    0.246293E+03
    0.703860E+03    0.259241E+03
    0.718893E+03    0.270724E+03
    0.731391E+03    0.280439E+03
    0.741151E+03    0.288127E+03
    0.748011E+03    0.293583E+03
    0.751861E+03    0.296663E+03
    0.767044E+03    0.308944E+03
    0.827746E+03    0.360442E+03
    0.936022E+03    0.463364E+03
    0.109062E+04    0.626967E+03
    0.129032E+04    0.877604E+03
    0.153459E+04    0.124132E+04
    0.182413E+04    0.175393E+04
    0.216167E+04    0.246309E+04
    0.255269E+04    0.343475E+04
    0.300645E+04    0.476439E+04
    0.353747E+04    0.659606E+04
    0.416775E+04    0.915594E+04
    0.493043E+04    0.128136E+05
    0.587599E+04    0.181997E+05
    0.708315E+04    0.264456E+05
    0.867904E+04    0.397048E+05
    0.108788E+05    0.623826E+05
    0.140691E+05    0.104335E+06
    0.190008E+05    0.190302E+06
    0.272925E+05    0.392633E+06
    0.429805E+05    0.973741E+06
    0.786042E+05    0.325680E+07
    0.191029E+06    0.192352E+08
    0.100000E+07    0.527109E+09
