    0.555087E-01    0.137282E+02
    0.292216E+00    0.137277E+02
    0.717029E+00    0.137270E+02
    0.132826E+01    0.137258E+02
    0.212336E+01    0.137241E+02
    0.309899E+01    0.137214E+02
    0.425106E+01    0.137168E+02
    0.557475E+01    0.137093E+02
    0.706450E+01    0.136983E+02
    0.871405E+01    0.136830E+02
    0.105165E+02    0.136628E+02
    0.124643E+02    0.136367E+02
    0.145492E+02    0.136042E+02
    0.167626E+02    0.135644E+02
    0.190951E+02    0.135163E+02
    0.215369E+02    0.134588E+02
    0.240779E+02    0.133906E+02
    0.267073E+02    0.133113E+02
    0.294141E+02    0.132211E+02
    0.321870E+02    0.131206E+02
    0.350143E+02    0.130107E+02
    0.378842E+02    0.128913E+02
    0.407847E+02    0.127620E+02
    0.437035E+02    0.126224E+02
    0.466285E+02    0.124727E+02
    0.495473E+02    0.123136E+02
    0.524478E+02    0.121459E+02
    0.553177E+02    0.119708E+02
    0.581450E+02    0.117894E+02
    0.609179E+02    0.116024E+02
    0.636248E+02    0.114108E+02
    0.662542E+02    0.112157E+02
    0.687951E+02    0.110185E+02
    0.712370E+02    0.108208E+02
    0.735695E+02    0.106245E+02
    0.757828E+02    0.104314E+02
    0.778678E+02    0.102433E+02
    0.798155E+02    0.100624E+02
    0.816180E+02    0.989102E+01
    0.832675E+02    0.973120E+01
    0.847573E+02    0.958472E+01
    0.860810E+02    0.945307E+01
    0.872330E+02    0.933749E+01
    0.882087E+02    0.923897E+01
    0.890038E+02    0.915827E+01
    0.896150E+02    0.909593E+01
    0.900398E+02    0.905245E+01
    0.902765E+02    0.902816E+01
    0.903404E+02    0.902159E+01
    0.903763E+02    0.901791E+01
    0.904408E+02    0.901127E+01
    0.905339E+02    0.900170E+01
    0.906554E+02    0.898918E+01
    0.908054E+02    0.897372E+01
    0.909835E+02    0.895533E+01
    0.911897E+02    0.893401E+01
    0.914237E+02    0.890976E+01
    0.916854E+02    0.888258E+01
    0.919744E+02    0.885249E+01
    0.922905E+02    0.881949E+01
    0.926334E+02    0.878357E+01
    0.930027E+02    0.874474E+01
    0.933981E+02    0.870300E+01
    0.938192E+02    0.865835E+01
    0.942656E+02    0.861079E+01
    0.947368E+02    0.856031E+01
    0.952323E+02    0.850691E+01
    0.957518E+02    0.845058E+01
    0.962947E+02    0.839131E+01
    0.968604E+02    0.832908E+01
    0.974484E+02    0.826388E+01
    0.980582E+02    0.819569E+01
    0.986891E+02    0.812456E+01
    0.993405E+02    0.805052E+01
    0.100012E+03    0.797366E+01
    0.100702E+03    0.789403E+01
    0.101411E+03    0.781174E+01
    0.102138E+03    0.772688E+01
    0.102882E+03    0.763957E+01
    0.103643E+03    0.754993E+01
    0.104419E+03    0.745810E+01
    0.105210E+03    0.736423E+01
    0.106016E+03    0.726848E+01
    0.106834E+03    0.717095E+01
    0.107665E+03    0.707159E+01
    0.108508E+03    0.697033E+01
    0.109362E+03    0.686711E+01
    0.110226E+03    0.676182E+01
    0.111099E+03    0.665438E+01
    0.111981E+03    0.654468E+01
    0.112870E+03    0.643262E+01
    0.113766E+03    0.631812E+01
    0.114667E+03    0.620109E+01
    0.115574E+03    0.608148E+01
    0.116484E+03    0.595923E+01
    0.117398E+03    0.583426E+01
    0.118314E+03    0.570653E+01
    0.119231E+03    0.557594E+01
    0.120149E+03    0.544244E+01
    0.121066E+03    0.530803E+01
    0.121982E+03    0.517231E+01
    0.122896E+03    0.503228E+01
    0.123806E+03    0.489371E+01
    0.124712E+03    0.476544E+01
    0.125614E+03    0.464699E+01
    0.126510E+03    0.452886E+01
    0.127399E+03    0.440954E+01
    0.128281E+03    0.429123E+01
    0.129154E+03    0.417367E+01
    0.130018E+03    0.405626E+01
    0.130872E+03    0.393899E+01
    0.131715E+03    0.382187E+01
    0.132546E+03    0.370476E+01
    0.133364E+03    0.358753E+01
    0.134170E+03    0.347019E+01
    0.134961E+03    0.335280E+01
    0.135737E+03    0.323531E+01
    0.136497E+03    0.311756E+01
    0.137241E+03    0.299945E+01
    0.137968E+03    0.288093E+01
    0.138678E+03    0.276201E+01
    0.139368E+03    0.264306E+01
    0.140039E+03    0.252484E+01
    0.140691E+03    0.240796E+01
    0.141322E+03    0.229189E+01
    0.141931E+03    0.217550E+01
    0.142519E+03    0.205814E+01
    0.143085E+03    0.194083E+01
    0.143628E+03    0.182511E+01
    0.144148E+03    0.171209E+01
    0.144643E+03    0.160134E+01
    0.145114E+03    0.149208E+01
    0.145561E+03    0.138397E+01
    0.145982E+03    0.127775E+01
    0.146377E+03    0.117467E+01
    0.146746E+03    0.107578E+01
    0.147089E+03    0.981851E+00
    0.147405E+03    0.893355E+00
    0.147694E+03    0.810748E+00
    0.147956E+03    0.734501E+00
    0.148190E+03    0.665269E+00
    0.148396E+03    0.603769E+00
    0.148575E+03    0.550462E+00
    0.148724E+03    0.505608E+00
    0.148846E+03    0.469320E+00
    0.148939E+03    0.441627E+00
    0.149004E+03    0.422517E+00
    0.149039E+03    0.411927E+00
    0.149048E+03    0.409323E+00
    0.149050E+03    0.408781E+00
    0.149053E+03    0.407807E+00
    0.149058E+03    0.406402E+00
    0.149064E+03    0.404568E+00
    0.149072E+03    0.402308E+00
    0.149081E+03    0.399624E+00
    0.149092E+03    0.396520E+00
    0.149104E+03    0.393001E+00
    0.149117E+03    0.389073E+00
    0.149132E+03    0.384740E+00
    0.149148E+03    0.380010E+00
    0.149166E+03    0.374889E+00
    0.149185E+03    0.369387E+00
    0.149205E+03    0.363511E+00
    0.149227E+03    0.357271E+00
    0.149250E+03    0.350678E+00
    0.149274E+03    0.343742E+00
    0.149299E+03    0.336477E+00
    0.149326E+03    0.328895E+00
    0.149354E+03    0.321010E+00
    0.149383E+03    0.312836E+00
    0.149413E+03    0.304389E+00
    0.149444E+03    0.295685E+00
    0.149476E+03    0.286742E+00
    0.149510E+03    0.277579E+00
    0.149544E+03    0.268213E+00
    0.149580E+03    0.258664E+00
    0.149616E+03    0.248954E+00
    0.149653E+03    0.239100E+00
    0.149691E+03    0.229101E+00
    0.149730E+03    0.218936E+00
    0.149770E+03    0.208582E+00
    0.149811E+03    0.198009E+00
    0.149852E+03    0.187185E+00
    0.149894E+03    0.176072E+00
    0.149937E+03    0.164630E+00
    0.149980E+03    0.152813E+00
    0.150024E+03    0.140575E+00
    0.150068E+03    0.127864E+00
    0.150113E+03    0.114628E+00
    0.150158E+03    0.100811E+00
    0.150204E+03    0.863873E-01
    0.150250E+03    0.717129E-01
    0.150296E+03    0.574202E-01
    0.150342E+03    0.441688E-01
    0.150389E+03    0.326349E-01
    0.150436E+03    0.235050E-01
    0.150483E+03    0.174698E-01
    0.150530E+03    0.150406E-01
    0.150577E+03    0.161280E-01
    0.150624E+03    0.205053E-01
    0.150671E+03    0.278855E-01
    0.150718E+03    0.377673E-01
    0.150764E+03    0.495922E-01
    0.150811E+03    0.628048E-01
    0.150857E+03    0.768582E-01
    0.150903E+03    0.912185E-01
    0.150949E+03    0.105374E+00
    0.150994E+03    0.119042E+00
    0.151039E+03    0.132237E+00
    0.151083E+03    0.144999E+00
    0.151127E+03    0.157364E+00
    0.151170E+03    0.169366E+00
    0.151213E+03    0.181039E+00
    0.151255E+03    0.192413E+00
    0.151296E+03    0.203516E+00
    0.151337E+03    0.214373E+00
    0.151376E+03    0.225007E+00
    0.151415E+03    0.235435E+00
    0.151453E+03    0.245674E+00
    0.151491E+03    0.255736E+00
    0.151527E+03    0.265620E+00
    0.151563E+03    0.275312E+00
    0.151597E+03    0.284794E+00
    0.151630E+03    0.294051E+00
    0.151663E+03    0.303067E+00
    0.151694E+03    0.311826E+00
    0.151724E+03    0.320315E+00
    0.151753E+03    0.328519E+00
    0.151781E+03    0.336426E+00
    0.151808E+03    0.344021E+00
    0.151833E+03    0.351294E+00
    0.151857E+03    0.358232E+00
    0.151880E+03    0.364825E+00
    0.151902E+03    0.371062E+00
    0.151922E+03    0.376935E+00
    0.151941E+03    0.382433E+00
    0.151958E+03    0.387548E+00
    0.151975E+03    0.392274E+00
    0.151990E+03    0.396602E+00
    0.152003E+03    0.400526E+00
    0.152015E+03    0.404042E+00
    0.152026E+03    0.407142E+00
    0.152035E+03    0.409824E+00
    0.152042E+03    0.412083E+00
    0.152049E+03    0.413916E+00
    0.152053E+03    0.415320E+00
    0.152057E+03    0.416293E+00
    0.152058E+03    0.416835E+00
    0.152095E+03    0.427603E+00
    0.152249E+03    0.473369E+00
    0.152525E+03    0.556647E+00
    0.152922E+03    0.677063E+00
    0.153439E+03    0.829694E+00
    0.154073E+03    0.100673E+01
    0.154822E+03    0.120566E+01
    0.155683E+03    0.142241E+01
    0.156651E+03    0.164809E+01
    0.157723E+03    0.188787E+01
    0.158895E+03    0.214565E+01
    0.160161E+03    0.240410E+01
    0.161516E+03    0.266401E+01
    0.162955E+03    0.292909E+01
    0.164471E+03    0.319698E+01
    0.166058E+03    0.347004E+01
    0.167710E+03    0.374568E+01
    0.169419E+03    0.402863E+01
    0.171178E+03    0.431512E+01
    0.172980E+03    0.463885E+01
    0.174818E+03    0.501111E+01
    0.176684E+03    0.538815E+01
    0.178569E+03    0.576170E+01
    0.180466E+03    0.613323E+01
    0.182367E+03    0.650129E+01
    0.184265E+03    0.686508E+01
    0.186150E+03    0.723548E+01
    0.188015E+03    0.761800E+01
    0.189853E+03    0.801005E+01
    0.191656E+03    0.839770E+01
    0.193415E+03    0.876942E+01
    0.195124E+03    0.912694E+01
    0.196776E+03    0.947504E+01
    0.198363E+03    0.981645E+01
    0.199879E+03    0.101484E+02
    0.201318E+03    0.104672E+02
    0.202673E+03    0.107692E+02
    0.203939E+03    0.110520E+02
    0.205111E+03    0.113141E+02
    0.206183E+03    0.115548E+02
    0.207151E+03    0.117731E+02
    0.208012E+03    0.119679E+02
    0.208760E+03    0.121382E+02
    0.209395E+03    0.122831E+02
    0.209911E+03    0.124017E+02
    0.210309E+03    0.124932E+02
    0.210585E+03    0.125569E+02
    0.210739E+03    0.125925E+02
    0.211173E+03    0.126932E+02
    0.212867E+03    0.130884E+02
    0.215886E+03    0.138018E+02
    0.220180E+03    0.148307E+02
    0.225679E+03    0.161724E+02
    0.232294E+03    0.178338E+02
    0.239914E+03    0.198096E+02
    0.248416E+03    0.220879E+02
    0.257659E+03    0.246564E+02
    0.267492E+03    0.274930E+02
    0.277754E+03    0.305641E+02
    0.288275E+03    0.338343E+02
    0.298883E+03    0.372551E+02
    0.309405E+03    0.407688E+02
    0.319666E+03    0.443129E+02
    0.329499E+03    0.478175E+02
    0.338742E+03    0.512082E+02
    0.347244E+03    0.544091E+02
    0.354865E+03    0.573449E+02
    0.361479E+03    0.599443E+02
    0.366978E+03    0.621416E+02
    0.371272E+03    0.638802E+02
    0.374291E+03    0.651144E+02
    0.375985E+03    0.658113E+02
    0.377289E+03    0.663500E+02
    0.381139E+03    0.679510E+02
    0.388000E+03    0.708434E+02
    0.397759E+03    0.750456E+02
    0.410258E+03    0.805770E+02
    0.425290E+03    0.874528E+02
    0.442609E+03    0.956762E+02
    0.461931E+03    0.105230E+03
    0.482939E+03    0.116070E+03
    0.505287E+03    0.128119E+03
    0.528608E+03    0.141262E+03
    0.552520E+03    0.155338E+03
    0.576630E+03    0.170144E+03
    0.600542E+03    0.185435E+03
    0.623864E+03    0.200931E+03
    0.646212E+03    0.216319E+03
    0.667219E+03    0.231265E+03
    0.686541E+03    0.245422E+03
    0.703860E+03    0.258445E+03
    0.718893E+03    0.270002E+03
    0.731391E+03    0.279792E+03
    0.741151E+03    0.287552E+03
    0.748011E+03    0.293068E+03
    0.751861E+03    0.296185E+03
    0.767044E+03    0.308636E+03
    0.827746E+03    0.360868E+03
    0.936022E+03    0.463359E+03
    0.109062E+04    0.634366E+03
    0.129032E+04    0.884466E+03
    0.153459E+04    0.125103E+04
    0.182413E+04    0.176765E+04
    0.216167E+04    0.248235E+04
    0.255269E+04    0.346161E+04
    0.300645E+04    0.480164E+04
    0.353747E+04    0.664764E+04
    0.416775E+04    0.922753E+04
    0.493043E+04    0.129138E+05
    0.587599E+04    0.183420E+05
    0.708315E+04    0.266524E+05
    0.867904E+04    0.400153E+05
    0.108788E+05    0.628704E+05
    0.140691E+05    0.105151E+06
    0.190008E+05    0.191790E+06
    0.272925E+05    0.395703E+06
    0.429805E+05    0.981355E+06
    0.786042E+05    0.328227E+07
    0.191029E+06    0.193857E+08
    0.100000E+07    0.531231E+09
