#     k [MeV]       Xi [MeV]       1/2/Xi [MeV-1]     e(k) [MeV]     Xi_qp [MeV]


# rho=   0.01000 temp=   1.10000
    0.538008E+00    0.102047E+02    0.489968E-01   -0.465505E+01    0.878729E+01
    0.281337E+01    0.102004E+02    0.490176E-01   -0.465067E+01    0.878294E+01
    0.682055E+01    0.101787E+02    0.491220E-01   -0.462741E+01    0.875979E+01
    0.124157E+02    0.101179E+02    0.494171E-01   -0.456164E+01    0.869434E+01
    0.193966E+02    0.999150E+01    0.500425E-01   -0.442454E+01    0.855799E+01
    0.275110E+02    0.977472E+01    0.511524E-01   -0.418844E+01    0.832336E+01
    0.364658E+02    0.944961E+01    0.529122E-01   -0.383768E+01    0.797536E+01
    0.459371E+02    0.900811E+01    0.555055E-01   -0.337077E+01    0.751348E+01
    0.555828E+02    0.845894E+01    0.591090E-01   -0.280297E+01    0.695473E+01
    0.650541E+02    0.782589E+01    0.638905E-01   -0.216359E+01    0.633131E+01
    0.740088E+02    0.714766E+01    0.699530E-01   -0.149037E+01    0.568511E+01
    0.821233E+02    0.647284E+01    0.772458E-01   -0.824922E+00    0.506229E+01
    0.891042E+02    0.585647E+01    0.853756E-01   -0.211273E+00    0.450902E+01
    0.946993E+02    0.534795E+01    0.934938E-01    0.306729E+00    0.406428E+01
    0.987065E+02    0.498250E+01    0.100351E+00    0.691528E+00    0.375125E+01
    0.100982E+03    0.477699E+01    0.104668E+00    0.915031E+00    0.357763E+01
    0.101592E+03    0.472260E+01    0.105874E+00    0.975579E+00    0.353174E+01
    0.101899E+03    0.469527E+01    0.106490E+00    0.100613E+01    0.350879E+01
    0.102446E+03    0.464661E+01    0.107605E+00    0.106072E+01    0.346810E+01
    0.103224E+03    0.457766E+01    0.109226E+00    0.113874E+01    0.341071E+01
    0.104220E+03    0.449056E+01    0.111345E+00    0.123929E+01    0.333813E+01
    0.105418E+03    0.438673E+01    0.113980E+00    0.136115E+01    0.325230E+01
    0.106798E+03    0.426944E+01    0.117111E+00    0.150284E+01    0.315564E+01
    0.108339E+03    0.414117E+01    0.120739E+00    0.166256E+01    0.305094E+01
    0.110013E+03    0.400645E+01    0.124799E+00    0.183820E+01    0.294133E+01
    0.111794E+03    0.386865E+01    0.129244E+00    0.202732E+01    0.283021E+01
    0.113653E+03    0.373202E+01    0.133976E+00    0.222720E+01    0.272107E+01
    0.115559E+03    0.360116E+01    0.138844E+00    0.243483E+01    0.261729E+01
    0.117481E+03    0.348043E+01    0.143660E+00    0.264701E+01    0.252196E+01
    0.119387E+03    0.337251E+01    0.148257E+00    0.286034E+01    0.243761E+01
    0.121245E+03    0.327950E+01    0.152462E+00    0.307131E+01    0.236609E+01
    0.123027E+03    0.320402E+01    0.156054E+00    0.327628E+01    0.230839E+01
    0.124701E+03    0.314997E+01    0.158732E+00    0.347152E+01    0.226457E+01
    0.126241E+03    0.311604E+01    0.160460E+00    0.365334E+01    0.223378E+01
    0.127622E+03    0.308743E+01    0.161947E+00    0.381816E+01    0.221436E+01
    0.128820E+03    0.311755E+01    0.160382E+00    0.396265E+01    0.220405E+01
    0.129816E+03    0.321289E+01    0.155623E+00    0.408381E+01    0.220027E+01
    0.130594E+03    0.283023E+01    0.176664E+00    0.417908E+01    0.220042E+01
    0.131141E+03    0.295940E+01    0.168953E+00    0.424639E+01    0.220219E+01
    0.131448E+03    0.299291E+01    0.167062E+00    0.428430E+01    0.220378E+01
    0.131592E+03    0.300276E+01    0.166513E+00    0.430217E+01    0.220469E+01
    0.131899E+03    0.301183E+01    0.166012E+00    0.434021E+01    0.220693E+01
    0.132446E+03    0.301047E+01    0.166087E+00    0.440823E+01    0.221203E+01
    0.133224E+03    0.303234E+01    0.164889E+00    0.450552E+01    0.222175E+01
    0.134220E+03    0.305947E+01    0.163427E+00    0.463103E+01    0.223847E+01
    0.135418E+03    0.309271E+01    0.161671E+00    0.478336E+01    0.226504E+01
    0.136798E+03    0.313733E+01    0.159371E+00    0.496080E+01    0.230453E+01
    0.138339E+03    0.320629E+01    0.155943E+00    0.516126E+01    0.235996E+01
    0.140013E+03    0.329525E+01    0.151734E+00    0.538230E+01    0.243400E+01
    0.141794E+03    0.340671E+01    0.146769E+00    0.562109E+01    0.252858E+01
    0.143653E+03    0.354283E+01    0.141130E+00    0.587443E+01    0.264466E+01
    0.145559E+03    0.370323E+01    0.135017E+00    0.613877E+01    0.278196E+01
    0.147481E+03    0.388556E+01    0.128682E+00    0.641016E+01    0.293882E+01
    0.149387E+03    0.408583E+01    0.122374E+00    0.668427E+01    0.311221E+01
    0.151245E+03    0.429869E+01    0.116314E+00    0.695648E+01    0.329787E+01
    0.153027E+03    0.451779E+01    0.110674E+00    0.722194E+01    0.349053E+01
    0.154701E+03    0.473625E+01    0.105569E+00    0.747573E+01    0.368426E+01
    0.156241E+03    0.494716E+01    0.101068E+00    0.771290E+01    0.387284E+01
    0.157622E+03    0.514380E+01    0.972044E-01    0.792865E+01    0.405001E+01
    0.158820E+03    0.531998E+01    0.939854E-01    0.811839E+01    0.420980E+01
    0.159816E+03    0.547040E+01    0.914009E-01    0.827795E+01    0.434677E+01
    0.160594E+03    0.558980E+01    0.894486E-01    0.840369E+01    0.445625E+01
    0.161141E+03    0.567510E+01    0.881042E-01    0.849267E+01    0.453450E+01
    0.161448E+03    0.572333E+01    0.873617E-01    0.854283E+01    0.457888E+01
    0.161777E+03    0.577522E+01    0.865767E-01    0.859681E+01    0.462684E+01
    0.162872E+03    0.595061E+01    0.840250E-01    0.877768E+01    0.478900E+01
    0.164833E+03    0.627264E+01    0.797112E-01    0.910670E+01    0.508926E+01
    0.167648E+03    0.675144E+01    0.740582E-01    0.959014E+01    0.554051E+01
    0.171298E+03    0.739703E+01    0.675947E-01    0.102369E+02    0.615813E+01
    0.175760E+03    0.821944E+01    0.608314E-01    0.110592E+02    0.695842E+01
    0.181008E+03    0.922711E+01    0.541881E-01    0.120718E+02    0.795711E+01
    0.187017E+03    0.104262E+02    0.479561E-01    0.132901E+02    0.916825E+01
    0.193760E+03    0.118232E+02    0.422898E-01    0.147283E+02    0.106035E+02
    0.201213E+03    0.134281E+02    0.372354E-01    0.163950E+02    0.122691E+02
    0.209355E+03    0.152517E+02    0.327832E-01    0.182910E+02    0.141648E+02
    0.218167E+03    0.173081E+02    0.288883E-01    0.204232E+02    0.162970E+02
    0.227639E+03    0.196133E+02    0.254930E-01    0.228152E+02    0.186889E+02
    0.237763E+03    0.221852E+02    0.225375E-01    0.254966E+02    0.213704E+02
    0.248543E+03    0.250466E+02    0.199628E-01    0.284797E+02    0.243535E+02
    0.259986E+03    0.282225E+02    0.177163E-01    0.317599E+02    0.276336E+02
    0.272113E+03    0.317431E+02    0.157515E-01    0.353706E+02    0.312444E+02
    0.284953E+03    0.356445E+02    0.140274E-01    0.393700E+02    0.352437E+02
    0.298547E+03    0.399702E+02    0.125093E-01    0.437709E+02    0.396446E+02
    0.312953E+03    0.447725E+02    0.111676E-01    0.486067E+02    0.444805E+02
    0.328244E+03    0.501146E+02    0.997714E-02    0.539702E+02    0.498439E+02
    0.344512E+03    0.560742E+02    0.891676E-02    0.599169E+02    0.557906E+02
    0.361878E+03    0.627480E+02    0.796838E-02    0.665650E+02    0.624387E+02
    0.380493E+03    0.702585E+02    0.711658E-02    0.740309E+02    0.699047E+02
    0.400551E+03    0.787626E+02    0.634819E-02    0.824805E+02    0.783543E+02
    0.422302E+03    0.884660E+02    0.565189E-02    0.921197E+02    0.879935E+02
    0.446073E+03    0.996429E+02    0.501792E-02    0.103221E+03    0.990944E+02
    0.472304E+03    0.112670E+03    0.443774E-02    0.116161E+03    0.112035E+03
    0.501595E+03    0.128077E+03    0.390389E-02    0.131469E+03    0.127343E+03
    0.534803E+03    0.146645E+03    0.340960E-02    0.149920E+03    0.145794E+03
    0.573199E+03    0.169578E+03    0.294850E-02    0.172714E+03    0.168588E+03
    0.618790E+03    0.198847E+03    0.251450E-02    0.201836E+03    0.197709E+03
    0.675015E+03    0.237978E+03    0.210104E-02    0.240825E+03    0.236699E+03
    0.748546E+03    0.294131E+03    0.169992E-02    0.296818E+03    0.292692E+03
    0.855221E+03    0.385316E+03    0.129763E-02    0.387871E+03    0.383744E+03
    0.105216E+04    0.584153E+03    0.855940E-03    0.587557E+03    0.583431E+03
