    0.881146E-01    0.339402E+02
    0.463865E+00    0.339390E+02
    0.113821E+01    0.339370E+02
    0.210848E+01    0.339341E+02
    0.337062E+01    0.339299E+02
    0.491934E+01    0.339232E+02
    0.674814E+01    0.339120E+02
    0.884936E+01    0.338937E+02
    0.112142E+02    0.338666E+02
    0.138327E+02    0.338288E+02
    0.166939E+02    0.337788E+02
    0.197858E+02    0.337146E+02
    0.230954E+02    0.336339E+02
    0.266089E+02    0.335347E+02
    0.303115E+02    0.334149E+02
    0.341877E+02    0.332726E+02
    0.382212E+02    0.331063E+02
    0.423952E+02    0.329144E+02
    0.466920E+02    0.326958E+02
    0.510937E+02    0.324498E+02
    0.555818E+02    0.321757E+02
    0.601375E+02    0.318736E+02
    0.647417E+02    0.315438E+02
    0.693750E+02    0.311871E+02
    0.740181E+02    0.308046E+02
    0.786515E+02    0.303979E+02
    0.832557E+02    0.299691E+02
    0.878114E+02    0.295205E+02
    0.922995E+02    0.290550E+02
    0.967012E+02    0.285756E+02
    0.100998E+03    0.280858E+02
    0.105172E+03    0.275892E+02
    0.109205E+03    0.270898E+02
    0.113082E+03    0.265917E+02
    0.116784E+03    0.260992E+02
    0.120298E+03    0.256166E+02
    0.123607E+03    0.251486E+02
    0.126699E+03    0.246995E+02
    0.129560E+03    0.242736E+02
    0.132179E+03    0.238752E+02
    0.134544E+03    0.235084E+02
    0.136645E+03    0.231767E+02
    0.138474E+03    0.228838E+02
    0.140023E+03    0.226325E+02
    0.141285E+03    0.224256E+02
    0.142255E+03    0.222652E+02
    0.142929E+03    0.221531E+02
    0.143305E+03    0.220904E+02
    0.143407E+03    0.220734E+02
    0.143463E+03    0.220639E+02
    0.143566E+03    0.220468E+02
    0.143714E+03    0.220220E+02
    0.143907E+03    0.219896E+02
    0.144145E+03    0.219497E+02
    0.144427E+03    0.219020E+02
    0.144755E+03    0.218468E+02
    0.145126E+03    0.217840E+02
    0.145542E+03    0.217136E+02
    0.146000E+03    0.216355E+02
    0.146502E+03    0.215498E+02
    0.147046E+03    0.214566E+02
    0.147633E+03    0.213557E+02
    0.148260E+03    0.212473E+02
    0.148929E+03    0.211313E+02
    0.149637E+03    0.210077E+02
    0.150385E+03    0.208766E+02
    0.151172E+03    0.207380E+02
    0.151997E+03    0.205919E+02
    0.152858E+03    0.204383E+02
    0.153756E+03    0.202773E+02
    0.154690E+03    0.201089E+02
    0.155658E+03    0.199332E+02
    0.156659E+03    0.197502E+02
    0.157693E+03    0.195599E+02
    0.158759E+03    0.193625E+02
    0.159855E+03    0.191580E+02
    0.160981E+03    0.189464E+02
    0.162135E+03    0.187279E+02
    0.163316E+03    0.185026E+02
    0.164523E+03    0.182705E+02
    0.165755E+03    0.180318E+02
    0.167011E+03    0.177866E+02
    0.168289E+03    0.175350E+02
    0.169589E+03    0.172772E+02
    0.170908E+03    0.170132E+02
    0.172246E+03    0.167434E+02
    0.173602E+03    0.164678E+02
    0.174973E+03    0.161866E+02
    0.176359E+03    0.159000E+02
    0.177759E+03    0.156082E+02
    0.179170E+03    0.153114E+02
    0.180592E+03    0.150098E+02
    0.182023E+03    0.147037E+02
    0.183462E+03    0.143933E+02
    0.184907E+03    0.140789E+02
    0.186358E+03    0.137607E+02
    0.187812E+03    0.134390E+02
    0.189268E+03    0.131140E+02
    0.190724E+03    0.127861E+02
    0.192180E+03    0.124556E+02
    0.193634E+03    0.121228E+02
    0.195084E+03    0.117879E+02
    0.196530E+03    0.114515E+02
    0.197969E+03    0.111137E+02
    0.199400E+03    0.107749E+02
    0.200822E+03    0.104356E+02
    0.202233E+03    0.100961E+02
    0.203633E+03    0.975685E+01
    0.205019E+03    0.941814E+01
    0.206390E+03    0.908039E+01
    0.207746E+03    0.874399E+01
    0.209084E+03    0.840928E+01
    0.210403E+03    0.807647E+01
    0.211703E+03    0.774639E+01
    0.212981E+03    0.741939E+01
    0.214237E+03    0.709518E+01
    0.215469E+03    0.677484E+01
    0.216676E+03    0.645908E+01
    0.217857E+03    0.614835E+01
    0.219011E+03    0.584299E+01
    0.220137E+03    0.554329E+01
    0.221233E+03    0.524955E+01
    0.222299E+03    0.496211E+01
    0.223333E+03    0.468130E+01
    0.224334E+03    0.440761E+01
    0.225302E+03    0.414179E+01
    0.226236E+03    0.388433E+01
    0.227134E+03    0.363540E+01
    0.227995E+03    0.339575E+01
    0.228820E+03    0.316690E+01
    0.229607E+03    0.294922E+01
    0.230355E+03    0.274077E+01
    0.231063E+03    0.254101E+01
    0.231732E+03    0.235706E+01
    0.232359E+03    0.219656E+01
    0.232945E+03    0.205348E+01
    0.233490E+03    0.190784E+01
    0.233992E+03    0.174894E+01
    0.234450E+03    0.160746E+01
    0.234866E+03    0.152571E+01
    0.235237E+03    0.152045E+01
    0.235565E+03    0.154352E+01
    0.235847E+03    0.152091E+01
    0.236085E+03    0.142971E+01
    0.236278E+03    0.128385E+01
    0.236426E+03    0.112344E+01
    0.236528E+03    0.100217E+01
    0.236585E+03    0.936578E+00
    0.236599E+03    0.920963E+00
    0.236602E+03    0.917746E+00
    0.236608E+03    0.911994E+00
    0.236615E+03    0.903766E+00
    0.236625E+03    0.893160E+00
    0.236637E+03    0.880311E+00
    0.236652E+03    0.865407E+00
    0.236669E+03    0.848692E+00
    0.236688E+03    0.830484E+00
    0.236709E+03    0.811186E+00
    0.236732E+03    0.791301E+00
    0.236758E+03    0.771446E+00
    0.236786E+03    0.752373E+00
    0.236816E+03    0.734982E+00
    0.236848E+03    0.720340E+00
    0.236883E+03    0.709698E+00
    0.236919E+03    0.704509E+00
    0.236957E+03    0.706445E+00
    0.236998E+03    0.717410E+00
    0.237040E+03    0.739557E+00
    0.237084E+03    0.775300E+00
    0.237130E+03    0.827325E+00
    0.237178E+03    0.898602E+00
    0.237228E+03    0.992386E+00
    0.237279E+03    0.111223E+01
    0.237332E+03    0.126060E+01
    0.237387E+03    0.143229E+01
    0.237443E+03    0.161810E+01
    0.237501E+03    0.180698E+01
    0.237560E+03    0.198603E+01
    0.237620E+03    0.214051E+01
    0.237682E+03    0.225385E+01
    0.237745E+03    0.230770E+01
    0.237810E+03    0.228198E+01
    0.237875E+03    0.215498E+01
    0.237942E+03    0.190344E+01
    0.238010E+03    0.150270E+01
    0.238078E+03    0.927165E+00
    0.238148E+03    0.197312E+00
    0.238218E+03   -0.567325E+00
    0.238289E+03   -0.122663E+01
    0.238361E+03   -0.163192E+01
    0.238433E+03   -0.162719E+01
    0.238506E+03   -0.105034E+01
    0.238580E+03    0.265390E+00
    0.238654E+03    0.244727E+01
    0.238728E+03    0.502055E+01
    0.238802E+03    0.705011E+01
    0.238877E+03    0.757329E+01
    0.238951E+03    0.568877E+01
    0.239026E+03    0.221060E+01
    0.239101E+03   -0.350485E+00
    0.239175E+03   -0.109216E+01
    0.239250E+03   -0.617206E+00
    0.239324E+03    0.423750E+00
    0.239397E+03    0.139927E+01
    0.239471E+03    0.198769E+01
    0.239544E+03    0.224277E+01
    0.239616E+03    0.224040E+01
    0.239688E+03    0.205435E+01
    0.239759E+03    0.175563E+01
    0.239829E+03    0.141186E+01
    0.239899E+03    0.108676E+01
    0.239967E+03    0.834020E+00
    0.240035E+03    0.661371E+00
    0.240102E+03    0.557002E+00
    0.240167E+03    0.509584E+00
    0.240232E+03    0.508438E+00
    0.240295E+03    0.543588E+00
    0.240357E+03    0.605813E+00
    0.240417E+03    0.686680E+00
    0.240477E+03    0.778577E+00
    0.240534E+03    0.874729E+00
    0.240591E+03    0.969211E+00
    0.240645E+03    0.105695E+01
    0.240698E+03    0.113370E+01
    0.240750E+03    0.119720E+01
    0.240799E+03    0.124864E+01
    0.240847E+03    0.128963E+01
    0.240893E+03    0.132163E+01
    0.240937E+03    0.134598E+01
    0.240980E+03    0.136390E+01
    0.241020E+03    0.137646E+01
    0.241058E+03    0.138462E+01
    0.241095E+03    0.138924E+01
    0.241129E+03    0.139106E+01
    0.241161E+03    0.139073E+01
    0.241191E+03    0.138879E+01
    0.241219E+03    0.138571E+01
    0.241245E+03    0.138189E+01
    0.241268E+03    0.137766E+01
    0.241290E+03    0.137327E+01
    0.241309E+03    0.136894E+01
    0.241325E+03    0.136485E+01
    0.241340E+03    0.136112E+01
    0.241352E+03    0.135785E+01
    0.241362E+03    0.135513E+01
    0.241370E+03    0.135300E+01
    0.241375E+03    0.135150E+01
    0.241378E+03    0.135066E+01
    0.241436E+03    0.133320E+01
    0.241680E+03    0.126279E+01
    0.242118E+03    0.126185E+01
    0.242749E+03    0.144808E+01
    0.243569E+03    0.167478E+01
    0.244576E+03    0.190014E+01
    0.245765E+03    0.223253E+01
    0.247131E+03    0.262429E+01
    0.248668E+03    0.307426E+01
    0.250370E+03    0.358272E+01
    0.252230E+03    0.414240E+01
    0.254239E+03    0.475220E+01
    0.256391E+03    0.540885E+01
    0.258674E+03    0.611054E+01
    0.261081E+03    0.685752E+01
    0.263601E+03    0.764516E+01
    0.266222E+03    0.847173E+01
    0.268935E+03    0.933366E+01
    0.271728E+03    0.102293E+02
    0.274589E+03    0.111551E+02
    0.277507E+03    0.121084E+02
    0.280468E+03    0.130856E+02
    0.283461E+03    0.140830E+02
    0.286472E+03    0.150969E+02
    0.289490E+03    0.161232E+02
    0.292502E+03    0.171578E+02
    0.295495E+03    0.181960E+02
    0.298456E+03    0.192334E+02
    0.301373E+03    0.202651E+02
    0.304234E+03    0.212864E+02
    0.307027E+03    0.222923E+02
    0.309740E+03    0.232780E+02
    0.312362E+03    0.242385E+02
    0.314882E+03    0.251690E+02
    0.317288E+03    0.260646E+02
    0.319572E+03    0.269205E+02
    0.321723E+03    0.277323E+02
    0.323733E+03    0.284955E+02
    0.325593E+03    0.292058E+02
    0.327295E+03    0.298594E+02
    0.328832E+03    0.304525E+02
    0.330198E+03    0.309817E+02
    0.331386E+03    0.314441E+02
    0.332393E+03    0.318369E+02
    0.333214E+03    0.321579E+02
    0.333844E+03    0.324052E+02
    0.334283E+03    0.325773E+02
    0.334527E+03    0.326734E+02
    0.335217E+03    0.329449E+02
    0.337906E+03    0.340086E+02
    0.342697E+03    0.359244E+02
    0.349514E+03    0.386946E+02
    0.358244E+03    0.423187E+02
    0.368743E+03    0.467909E+02
    0.380840E+03    0.520969E+02
    0.394336E+03    0.582081E+02
    0.409008E+03    0.650791E+02
    0.424617E+03    0.726464E+02
    0.440906E+03    0.808240E+02
    0.457608E+03    0.895035E+02
    0.474448E+03    0.985543E+02
    0.491149E+03    0.107825E+03
    0.507438E+03    0.117147E+03
    0.523047E+03    0.126338E+03
    0.537720E+03    0.135208E+03
    0.551216E+03    0.143560E+03
    0.563312E+03    0.151205E+03
    0.573812E+03    0.157961E+03
    0.582542E+03    0.163663E+03
    0.589358E+03    0.168169E+03
    0.594150E+03    0.171364E+03
    0.596839E+03    0.173168E+03
    0.598909E+03    0.174561E+03
    0.605021E+03    0.178698E+03
    0.615911E+03    0.186162E+03
    0.631403E+03    0.196978E+03
    0.651243E+03    0.211167E+03
    0.675106E+03    0.228719E+03
    0.702599E+03    0.249580E+03
    0.733270E+03    0.273622E+03
    0.766618E+03    0.300634E+03
    0.802093E+03    0.330340E+03
    0.839113E+03    0.362423E+03
    0.877071E+03    0.396533E+03
    0.915343E+03    0.432275E+03
    0.953301E+03    0.469185E+03
    0.990322E+03    0.506712E+03
    0.102580E+04    0.544171E+03
    0.105914E+04    0.580773E+03
    0.108982E+04    0.615650E+03
    0.111731E+04    0.647910E+03
    0.114117E+04    0.676677E+03
    0.116101E+04    0.701130E+03
    0.117650E+04    0.720555E+03
    0.118739E+04    0.734381E+03
    0.119351E+04    0.742202E+03
    0.120921E+04    0.762506E+03
    0.126989E+04    0.843554E+03
    0.137812E+04    0.997292E+03
    0.153264E+04    0.123727E+04
    0.173226E+04    0.159036E+04
    0.197642E+04    0.206198E+04
    0.226583E+04    0.271010E+04
    0.260322E+04    0.357727E+04
    0.299407E+04    0.473207E+04
    0.344762E+04    0.627434E+04
    0.397841E+04    0.835501E+04
    0.460841E+04    0.112106E+05
    0.537076E+04    0.152265E+05
    0.631590E+04    0.210571E+05
    0.752252E+04    0.298714E+05
    0.911771E+04    0.438833E+05
    0.113165E+05    0.676010E+05
    0.145054E+05    0.111067E+06
    0.194349E+05    0.199384E+06
    0.277229E+05    0.405701E+06
    0.434040E+05    0.994461E+06
    0.790119E+05    0.329544E+07
    0.191387E+06    0.193353E+08
    0.100000E+07    0.527871E+09
