    0.969826E-01    0.415536E+02
    0.510549E+00    0.415522E+02
    0.125277E+01    0.415496E+02
    0.232069E+01    0.415460E+02
    0.370985E+01    0.415406E+02
    0.541443E+01    0.415324E+02
    0.742729E+01    0.415184E+02
    0.973999E+01    0.414959E+02
    0.123428E+02    0.414623E+02
    0.152248E+02    0.414156E+02
    0.183740E+02    0.413538E+02
    0.217771E+02    0.412743E+02
    0.254198E+02    0.411747E+02
    0.292869E+02    0.410523E+02
    0.333622E+02    0.409046E+02
    0.376285E+02    0.407296E+02
    0.420679E+02    0.405251E+02
    0.466619E+02    0.402897E+02
    0.513912E+02    0.400218E+02
    0.562359E+02    0.397206E+02
    0.611757E+02    0.393854E+02
    0.661899E+02    0.390159E+02
    0.712574E+02    0.386126E+02
    0.763571E+02    0.381761E+02
    0.814675E+02    0.377081E+02
    0.865672E+02    0.372102E+02
    0.916347E+02    0.366851E+02
    0.966489E+02    0.361355E+02
    0.101589E+03    0.355650E+02
    0.106433E+03    0.349775E+02
    0.111163E+03    0.343770E+02
    0.115757E+03    0.337681E+02
    0.120196E+03    0.331557E+02
    0.124462E+03    0.325447E+02
    0.128538E+03    0.319404E+02
    0.132405E+03    0.313483E+02
    0.136047E+03    0.307738E+02
    0.139451E+03    0.302225E+02
    0.142600E+03    0.296997E+02
    0.145482E+03    0.292106E+02
    0.148085E+03    0.287602E+02
    0.150397E+03    0.283530E+02
    0.152410E+03    0.279933E+02
    0.154115E+03    0.276848E+02
    0.155504E+03    0.274307E+02
    0.156572E+03    0.272337E+02
    0.157314E+03    0.270960E+02
    0.157728E+03    0.270190E+02
    0.157839E+03    0.269981E+02
    0.157902E+03    0.269864E+02
    0.158015E+03    0.269654E+02
    0.158177E+03    0.269350E+02
    0.158390E+03    0.268952E+02
    0.158652E+03    0.268461E+02
    0.158963E+03    0.267877E+02
    0.159323E+03    0.267198E+02
    0.159732E+03    0.266427E+02
    0.160189E+03    0.265561E+02
    0.160694E+03    0.264602E+02
    0.161246E+03    0.263550E+02
    0.161845E+03    0.262405E+02
    0.162491E+03    0.261166E+02
    0.163182E+03    0.259833E+02
    0.163917E+03    0.258408E+02
    0.164697E+03    0.256890E+02
    0.165520E+03    0.255279E+02
    0.166386E+03    0.253576E+02
    0.167294E+03    0.251780E+02
    0.168242E+03    0.249893E+02
    0.169231E+03    0.247914E+02
    0.170258E+03    0.245844E+02
    0.171323E+03    0.243683E+02
    0.172426E+03    0.241433E+02
    0.173564E+03    0.239094E+02
    0.174737E+03    0.236666E+02
    0.175943E+03    0.234150E+02
    0.177182E+03    0.231548E+02
    0.178452E+03    0.228859E+02
    0.179752E+03    0.226086E+02
    0.181081E+03    0.223230E+02
    0.182437E+03    0.220292E+02
    0.183819E+03    0.217272E+02
    0.185226E+03    0.214174E+02
    0.186657E+03    0.210998E+02
    0.188109E+03    0.207747E+02
    0.189581E+03    0.204421E+02
    0.191073E+03    0.201024E+02
    0.192583E+03    0.197557E+02
    0.194108E+03    0.194023E+02
    0.195649E+03    0.190425E+02
    0.197202E+03    0.186764E+02
    0.198767E+03    0.183044E+02
    0.200342E+03    0.179268E+02
    0.201926E+03    0.175438E+02
    0.203517E+03    0.171558E+02
    0.205113E+03    0.167632E+02
    0.206713E+03    0.163662E+02
    0.208316E+03    0.159652E+02
    0.209919E+03    0.155606E+02
    0.211522E+03    0.151528E+02
    0.213122E+03    0.147422E+02
    0.214718E+03    0.143292E+02
    0.216309E+03    0.139142E+02
    0.217893E+03    0.134976E+02
    0.219468E+03    0.130800E+02
    0.221033E+03    0.126618E+02
    0.222587E+03    0.122434E+02
    0.224127E+03    0.118254E+02
    0.225652E+03    0.114082E+02
    0.227162E+03    0.109924E+02
    0.228654E+03    0.105786E+02
    0.230126E+03    0.101673E+02
    0.231579E+03    0.975930E+01
    0.233009E+03    0.935515E+01
    0.234416E+03    0.895568E+01
    0.235798E+03    0.856175E+01
    0.237154E+03    0.817381E+01
    0.238483E+03    0.779283E+01
    0.239783E+03    0.741985E+01
    0.241053E+03    0.705597E+01
    0.242292E+03    0.670187E+01
    0.243498E+03    0.635866E+01
    0.244671E+03    0.602761E+01
    0.245809E+03    0.570977E+01
    0.246912E+03    0.540631E+01
    0.247977E+03    0.511840E+01
    0.249004E+03    0.484691E+01
    0.249993E+03    0.459255E+01
    0.250941E+03    0.435634E+01
    0.251849E+03    0.413875E+01
    0.252715E+03    0.393890E+01
    0.253538E+03    0.375623E+01
    0.254318E+03    0.359218E+01
    0.255054E+03    0.344796E+01
    0.255744E+03    0.332315E+01
    0.256390E+03    0.321643E+01
    0.256989E+03    0.312578E+01
    0.257541E+03    0.304841E+01
    0.258046E+03    0.298208E+01
    0.258503E+03    0.292605E+01
    0.258912E+03    0.288011E+01
    0.259272E+03    0.284350E+01
    0.259584E+03    0.281202E+01
    0.259846E+03    0.278058E+01
    0.260058E+03    0.274874E+01
    0.260221E+03    0.271904E+01
    0.260333E+03    0.269518E+01
    0.260396E+03    0.268065E+01
    0.260411E+03    0.267696E+01
    0.260415E+03    0.267618E+01
    0.260420E+03    0.267479E+01
    0.260429E+03    0.267277E+01
    0.260440E+03    0.267012E+01
    0.260453E+03    0.266684E+01
    0.260469E+03    0.266292E+01
    0.260487E+03    0.265837E+01
    0.260508E+03    0.265318E+01
    0.260532E+03    0.264739E+01
    0.260558E+03    0.264100E+01
    0.260586E+03    0.263407E+01
    0.260617E+03    0.262666E+01
    0.260650E+03    0.261883E+01
    0.260685E+03    0.261068E+01
    0.260723E+03    0.260236E+01
    0.260763E+03    0.259400E+01
    0.260805E+03    0.258580E+01
    0.260850E+03    0.257798E+01
    0.260896E+03    0.257080E+01
    0.260945E+03    0.256457E+01
    0.260996E+03    0.255963E+01
    0.261048E+03    0.255637E+01
    0.261103E+03    0.255524E+01
    0.261159E+03    0.255671E+01
    0.261218E+03    0.256131E+01
    0.261278E+03    0.256964E+01
    0.261340E+03    0.258232E+01
    0.261403E+03    0.259965E+01
    0.261468E+03    0.262052E+01
    0.261535E+03    0.264333E+01
    0.261603E+03    0.266623E+01
    0.261673E+03    0.268709E+01
    0.261744E+03    0.270355E+01
    0.261816E+03    0.271302E+01
    0.261889E+03    0.271268E+01
    0.261964E+03    0.269948E+01
    0.262039E+03    0.267021E+01
    0.262116E+03    0.262146E+01
    0.262193E+03    0.255171E+01
    0.262271E+03    0.246704E+01
    0.262350E+03    0.237588E+01
    0.262430E+03    0.228714E+01
    0.262510E+03    0.221021E+01
    0.262591E+03    0.215482E+01
    0.262672E+03    0.213100E+01
    0.262754E+03    0.214803E+01
    0.262836E+03    0.221280E+01
    0.262918E+03    0.233173E+01
    0.263000E+03    0.251007E+01
    0.263082E+03    0.270801E+01
    0.263164E+03    0.283151E+01
    0.263246E+03    0.286061E+01
    0.263328E+03    0.283001E+01
    0.263410E+03    0.277520E+01
    0.263491E+03    0.272685E+01
    0.263572E+03    0.269123E+01
    0.263652E+03    0.266615E+01
    0.263732E+03    0.264948E+01
    0.263811E+03    0.263916E+01
    0.263889E+03    0.263317E+01
    0.263966E+03    0.262960E+01
    0.264043E+03    0.262692E+01
    0.264118E+03    0.262485E+01
    0.264193E+03    0.262337E+01
    0.264266E+03    0.262246E+01
    0.264338E+03    0.262212E+01
    0.264409E+03    0.262232E+01
    0.264479E+03    0.262305E+01
    0.264547E+03    0.262428E+01
    0.264614E+03    0.262598E+01
    0.264679E+03    0.262812E+01
    0.264742E+03    0.263069E+01
    0.264804E+03    0.263363E+01
    0.264864E+03    0.263692E+01
    0.264923E+03    0.264051E+01
    0.264979E+03    0.264435E+01
    0.265034E+03    0.264840E+01
    0.265086E+03    0.265262E+01
    0.265137E+03    0.265696E+01
    0.265186E+03    0.266140E+01
    0.265232E+03    0.266588E+01
    0.265277E+03    0.267037E+01
    0.265319E+03    0.267484E+01
    0.265359E+03    0.267924E+01
    0.265397E+03    0.268355E+01
    0.265432E+03    0.268773E+01
    0.265465E+03    0.269175E+01
    0.265496E+03    0.269559E+01
    0.265524E+03    0.269921E+01
    0.265550E+03    0.270259E+01
    0.265574E+03    0.270571E+01
    0.265595E+03    0.270854E+01
    0.265613E+03    0.271108E+01
    0.265629E+03    0.271330E+01
    0.265642E+03    0.271518E+01
    0.265653E+03    0.271673E+01
    0.265662E+03    0.271792E+01
    0.265667E+03    0.271874E+01
    0.265671E+03    0.271921E+01
    0.265734E+03    0.272859E+01
    0.266003E+03    0.277194E+01
    0.266486E+03    0.285701E+01
    0.267180E+03    0.296284E+01
    0.268083E+03    0.306426E+01
    0.269191E+03    0.325165E+01
    0.270499E+03    0.351402E+01
    0.272002E+03    0.382141E+01
    0.273694E+03    0.424409E+01
    0.275568E+03    0.475945E+01
    0.277615E+03    0.536644E+01
    0.279827E+03    0.605744E+01
    0.282194E+03    0.682757E+01
    0.284708E+03    0.766962E+01
    0.287357E+03    0.857665E+01
    0.290130E+03    0.954093E+01
    0.293016E+03    0.105573E+02
    0.296002E+03    0.116212E+02
    0.299076E+03    0.127273E+02
    0.302225E+03    0.138718E+02
    0.305436E+03    0.150502E+02
    0.308695E+03    0.162588E+02
    0.311989E+03    0.174930E+02
    0.315304E+03    0.187477E+02
    0.318625E+03    0.200179E+02
    0.321940E+03    0.212984E+02
    0.325234E+03    0.225837E+02
    0.328493E+03    0.238681E+02
    0.331704E+03    0.251458E+02
    0.334853E+03    0.264106E+02
    0.337927E+03    0.276567E+02
    0.340913E+03    0.288778E+02
    0.343799E+03    0.300678E+02
    0.346572E+03    0.312206E+02
    0.349221E+03    0.323302E+02
    0.351735E+03    0.333909E+02
    0.354102E+03    0.343968E+02
    0.356314E+03    0.353425E+02
    0.358361E+03    0.362228E+02
    0.360235E+03    0.370328E+02
    0.361926E+03    0.377678E+02
    0.363430E+03    0.384238E+02
    0.364738E+03    0.389968E+02
    0.365846E+03    0.394837E+02
    0.366749E+03    0.398815E+02
    0.367443E+03    0.401880E+02
    0.367926E+03    0.404013E+02
    0.368194E+03    0.405203E+02
    0.368954E+03    0.408569E+02
    0.371913E+03    0.421752E+02
    0.377187E+03    0.445495E+02
    0.384690E+03    0.479825E+02
    0.394298E+03    0.524739E+02
    0.405854E+03    0.580160E+02
    0.419169E+03    0.645887E+02
    0.434022E+03    0.721564E+02
    0.450172E+03    0.806628E+02
    0.467352E+03    0.900259E+02
    0.485280E+03    0.100138E+03
    0.503663E+03    0.110864E+03
    0.522197E+03    0.122037E+03
    0.540580E+03    0.133470E+03
    0.558508E+03    0.144950E+03
    0.575688E+03    0.156250E+03
    0.591837E+03    0.167134E+03
    0.606691E+03    0.177364E+03
    0.620006E+03    0.186708E+03
    0.631562E+03    0.194949E+03
    0.641170E+03    0.201892E+03
    0.648673E+03    0.207370E+03
    0.653946E+03    0.211250E+03
    0.656906E+03    0.213438E+03
    0.659185E+03    0.215127E+03
    0.665912E+03    0.220139E+03
    0.677898E+03    0.229164E+03
    0.694949E+03    0.242204E+03
    0.716786E+03    0.259242E+03
    0.743050E+03    0.280218E+03
    0.773310E+03    0.305017E+03
    0.807068E+03    0.333478E+03
    0.843772E+03    0.365420E+03
    0.882817E+03    0.400636E+03
    0.923564E+03    0.438886E+03
    0.965342E+03    0.479868E+03
    0.100747E+04    0.523165E+03
    0.104924E+04    0.568198E+03
    0.108999E+04    0.614212E+03
    0.112904E+04    0.660271E+03
    0.116574E+04    0.705321E+03
    0.119950E+04    0.748214E+03
    0.122976E+04    0.787807E+03
    0.125602E+04    0.823023E+03
    0.127786E+04    0.852886E+03
    0.129491E+04    0.876565E+03
    0.130690E+04    0.893395E+03
    0.131362E+04    0.902907E+03
    0.132947E+04    0.925506E+03
    0.139014E+04    0.101433E+04
    0.149836E+04    0.118149E+04
    0.165286E+04    0.144031E+04
    0.185246E+04    0.181873E+04
    0.209658E+04    0.232727E+04
    0.238597E+04    0.300869E+04
    0.272332E+04    0.391963E+04
    0.311411E+04    0.512527E+04
    0.356762E+04    0.672674E+04
    0.409834E+04    0.887695E+04
    0.472826E+04    0.118155E+05
    0.549052E+04    0.159322E+05
    0.643555E+04    0.218887E+05
    0.764202E+04    0.308649E+05
    0.923701E+04    0.450933E+05
    0.114356E+05    0.691136E+05
    0.146240E+05    0.113027E+06
    0.195529E+05    0.202056E+06
    0.278400E+05    0.409626E+06
    0.435192E+05    0.100094E+07
    0.791228E+05    0.330866E+07
    0.191484E+06    0.193782E+08
    0.100000E+07    0.528505E+09
