    0.555087E-01    0.135466E+02
    0.292216E+00    0.135462E+02
    0.717029E+00    0.135455E+02
    0.132826E+01    0.135445E+02
    0.212336E+01    0.135429E+02
    0.309899E+01    0.135404E+02
    0.425106E+01    0.135360E+02
    0.557475E+01    0.135288E+02
    0.706450E+01    0.135182E+02
    0.871405E+01    0.135036E+02
    0.105165E+02    0.134843E+02
    0.124643E+02    0.134593E+02
    0.145492E+02    0.134279E+02
    0.167626E+02    0.133890E+02
    0.190951E+02    0.133418E+02
    0.215369E+02    0.132857E+02
    0.240779E+02    0.132201E+02
    0.267073E+02    0.131445E+02
    0.294141E+02    0.130585E+02
    0.321870E+02    0.129616E+02
    0.350143E+02    0.128538E+02
    0.378842E+02    0.127349E+02
    0.407847E+02    0.126052E+02
    0.437035E+02    0.124649E+02
    0.466285E+02    0.123146E+02
    0.495473E+02    0.121548E+02
    0.524478E+02    0.119863E+02
    0.553177E+02    0.118098E+02
    0.581450E+02    0.116266E+02
    0.609179E+02    0.114377E+02
    0.636248E+02    0.112446E+02
    0.662542E+02    0.110488E+02
    0.687951E+02    0.108517E+02
    0.712370E+02    0.106553E+02
    0.735695E+02    0.104612E+02
    0.757828E+02    0.102714E+02
    0.778678E+02    0.100874E+02
    0.798155E+02    0.991121E+01
    0.816180E+02    0.974433E+01
    0.832675E+02    0.958837E+01
    0.847573E+02    0.944485E+01
    0.860810E+02    0.931518E+01
    0.872330E+02    0.920068E+01
    0.882087E+02    0.910252E+01
    0.890038E+02    0.902170E+01
    0.896150E+02    0.895907E+01
    0.900398E+02    0.891529E+01
    0.902765E+02    0.889080E+01
    0.903404E+02    0.888417E+01
    0.903763E+02    0.888046E+01
    0.904408E+02    0.887376E+01
    0.905339E+02    0.886410E+01
    0.906554E+02    0.885146E+01
    0.908054E+02    0.883585E+01
    0.909835E+02    0.881727E+01
    0.911897E+02    0.879571E+01
    0.914237E+02    0.877119E+01
    0.916854E+02    0.874369E+01
    0.919744E+02    0.871323E+01
    0.922905E+02    0.867979E+01
    0.926334E+02    0.864340E+01
    0.930027E+02    0.860404E+01
    0.933981E+02    0.856173E+01
    0.938192E+02    0.851647E+01
    0.942656E+02    0.846827E+01
    0.947368E+02    0.841713E+01
    0.952323E+02    0.836306E+01
    0.957518E+02    0.830607E+01
    0.962947E+02    0.824618E+01
    0.968604E+02    0.818339E+01
    0.974484E+02    0.811773E+01
    0.980582E+02    0.804922E+01
    0.986891E+02    0.797786E+01
    0.993405E+02    0.790369E+01
    0.100012E+03    0.782672E+01
    0.100702E+03    0.774697E+01
    0.101411E+03    0.766449E+01
    0.102138E+03    0.757929E+01
    0.102882E+03    0.749142E+01
    0.103643E+03    0.740089E+01
    0.104419E+03    0.730777E+01
    0.105210E+03    0.721208E+01
    0.106016E+03    0.711387E+01
    0.106834E+03    0.701320E+01
    0.107665E+03    0.691016E+01
    0.108508E+03    0.680482E+01
    0.109362E+03    0.669729E+01
    0.110226E+03    0.658765E+01
    0.111099E+03    0.647603E+01
    0.111981E+03    0.636253E+01
    0.112870E+03    0.624726E+01
    0.113766E+03    0.613034E+01
    0.114667E+03    0.601187E+01
    0.115574E+03    0.589195E+01
    0.116484E+03    0.577070E+01
    0.117398E+03    0.564823E+01
    0.118314E+03    0.552454E+01
    0.119231E+03    0.539943E+01
    0.120149E+03    0.527268E+01
    0.121066E+03    0.514563E+01
    0.121982E+03    0.501691E+01
    0.122896E+03    0.488775E+01
    0.123806E+03    0.475862E+01
    0.124712E+03    0.462839E+01
    0.125614E+03    0.449803E+01
    0.126510E+03    0.436787E+01
    0.127399E+03    0.423760E+01
    0.128281E+03    0.410693E+01
    0.129154E+03    0.397663E+01
    0.130018E+03    0.384730E+01
    0.130872E+03    0.371871E+01
    0.131715E+03    0.359063E+01
    0.132546E+03    0.346326E+01
    0.133364E+03    0.333692E+01
    0.134170E+03    0.321215E+01
    0.134961E+03    0.308947E+01
    0.135737E+03    0.296886E+01
    0.136497E+03    0.284970E+01
    0.137241E+03    0.273170E+01
    0.137968E+03    0.261560E+01
    0.138678E+03    0.250231E+01
    0.139368E+03    0.239206E+01
    0.140039E+03    0.228430E+01
    0.140691E+03    0.217862E+01
    0.141322E+03    0.207555E+01
    0.141931E+03    0.197610E+01
    0.142519E+03    0.188107E+01
    0.143085E+03    0.179051E+01
    0.143628E+03    0.170422E+01
    0.144148E+03    0.162196E+01
    0.144643E+03    0.154316E+01
    0.145114E+03    0.146725E+01
    0.145561E+03    0.139395E+01
    0.145982E+03    0.132430E+01
    0.146377E+03    0.125974E+01
    0.146746E+03    0.120126E+01
    0.147089E+03    0.114863E+01
    0.147405E+03    0.110026E+01
    0.147694E+03    0.105507E+01
    0.147956E+03    0.101259E+01
    0.148190E+03    0.974360E+00
    0.148396E+03    0.942894E+00
    0.148575E+03    0.919060E+00
    0.148724E+03    0.902454E+00
    0.148846E+03    0.891894E+00
    0.148939E+03    0.885577E+00
    0.149004E+03    0.881414E+00
    0.149039E+03    0.878936E+00
    0.149048E+03    0.878293E+00
    0.149050E+03    0.878157E+00
    0.149053E+03    0.877911E+00
    0.149058E+03    0.877552E+00
    0.149064E+03    0.877076E+00
    0.149072E+03    0.876475E+00
    0.149081E+03    0.875743E+00
    0.149092E+03    0.874866E+00
    0.149104E+03    0.873832E+00
    0.149117E+03    0.872621E+00
    0.149132E+03    0.871212E+00
    0.149148E+03    0.869577E+00
    0.149166E+03    0.867681E+00
    0.149185E+03    0.865486E+00
    0.149205E+03    0.862943E+00
    0.149227E+03    0.859998E+00
    0.149250E+03    0.856586E+00
    0.149274E+03    0.852634E+00
    0.149299E+03    0.848057E+00
    0.149326E+03    0.842762E+00
    0.149354E+03    0.836641E+00
    0.149383E+03    0.829578E+00
    0.149413E+03    0.821442E+00
    0.149444E+03    0.812091E+00
    0.149476E+03    0.801370E+00
    0.149510E+03    0.789111E+00
    0.149544E+03    0.775133E+00
    0.149580E+03    0.759243E+00
    0.149616E+03    0.741236E+00
    0.149653E+03    0.720936E+00
    0.149691E+03    0.698604E+00
    0.149730E+03    0.674819E+00
    0.149770E+03    0.650255E+00
    0.149811E+03    0.625675E+00
    0.149852E+03    0.601927E+00
    0.149894E+03    0.579939E+00
    0.149937E+03    0.560718E+00
    0.149980E+03    0.545341E+00
    0.150024E+03    0.534948E+00
    0.150068E+03    0.530736E+00
    0.150113E+03    0.533953E+00
    0.150158E+03    0.545882E+00
    0.150204E+03    0.567141E+00
    0.150250E+03    0.589610E+00
    0.150296E+03    0.598846E+00
    0.150342E+03    0.579786E+00
    0.150389E+03    0.516994E+00
    0.150436E+03    0.394801E+00
    0.150483E+03    0.197460E+00
    0.150530E+03   -0.664166E-01
    0.150577E+03   -0.306652E+00
    0.150624E+03   -0.415974E+00
    0.150671E+03   -0.313334E+00
    0.150718E+03   -0.273634E-01
    0.150764E+03    0.384275E+00
    0.150811E+03    0.864573E+00
    0.150857E+03    0.135772E+01
    0.150903E+03    0.180960E+01
    0.150949E+03    0.216887E+01
    0.150994E+03    0.241171E+01
    0.151039E+03    0.255077E+01
    0.151083E+03    0.260110E+01
    0.151127E+03    0.257727E+01
    0.151170E+03    0.249328E+01
    0.151213E+03    0.236249E+01
    0.151255E+03    0.219749E+01
    0.151296E+03    0.201005E+01
    0.151337E+03    0.181101E+01
    0.151376E+03    0.161029E+01
    0.151415E+03    0.141679E+01
    0.151453E+03    0.123836E+01
    0.151491E+03    0.108177E+01
    0.151527E+03    0.949871E+00
    0.151563E+03    0.840488E+00
    0.151597E+03    0.751143E+00
    0.151630E+03    0.679504E+00
    0.151663E+03    0.623391E+00
    0.151694E+03    0.580776E+00
    0.151724E+03    0.549788E+00
    0.151753E+03    0.528708E+00
    0.151781E+03    0.515970E+00
    0.151808E+03    0.510152E+00
    0.151833E+03    0.509979E+00
    0.151857E+03    0.514311E+00
    0.151880E+03    0.522138E+00
    0.151902E+03    0.532572E+00
    0.151922E+03    0.544843E+00
    0.151941E+03    0.558282E+00
    0.151958E+03    0.572320E+00
    0.151975E+03    0.586476E+00
    0.151990E+03    0.600347E+00
    0.152003E+03    0.613601E+00
    0.152015E+03    0.625966E+00
    0.152026E+03    0.637223E+00
    0.152035E+03    0.647200E+00
    0.152042E+03    0.655762E+00
    0.152049E+03    0.662808E+00
    0.152053E+03    0.668260E+00
    0.152057E+03    0.672067E+00
    0.152058E+03    0.674194E+00
    0.152095E+03    0.717587E+00
    0.152249E+03    0.902129E+00
    0.152525E+03    0.110450E+01
    0.152922E+03    0.115356E+01
    0.153439E+03    0.110764E+01
    0.154073E+03    0.117888E+01
    0.154822E+03    0.131268E+01
    0.155683E+03    0.143247E+01
    0.156651E+03    0.158001E+01
    0.157723E+03    0.175969E+01
    0.158895E+03    0.195546E+01
    0.160161E+03    0.217323E+01
    0.161516E+03    0.241182E+01
    0.162955E+03    0.266800E+01
    0.164471E+03    0.294161E+01
    0.166058E+03    0.323232E+01
    0.167710E+03    0.353792E+01
    0.169419E+03    0.385698E+01
    0.171178E+03    0.418977E+01
    0.172980E+03    0.453329E+01
    0.174818E+03    0.488844E+01
    0.176684E+03    0.525174E+01
    0.178569E+03    0.562180E+01
    0.180466E+03    0.599454E+01
    0.182367E+03    0.637911E+01
    0.184265E+03    0.676620E+01
    0.186150E+03    0.715339E+01
    0.188015E+03    0.753836E+01
    0.189853E+03    0.792236E+01
    0.191656E+03    0.830286E+01
    0.193415E+03    0.867715E+01
    0.195124E+03    0.904349E+01
    0.196776E+03    0.940041E+01
    0.198363E+03    0.974632E+01
    0.199879E+03    0.100794E+02
    0.201318E+03    0.103978E+02
    0.202673E+03    0.106998E+02
    0.203939E+03    0.109836E+02
    0.205111E+03    0.112478E+02
    0.206183E+03    0.114908E+02
    0.207151E+03    0.117113E+02
    0.208012E+03    0.119081E+02
    0.208760E+03    0.120801E+02
    0.209395E+03    0.122262E+02
    0.209911E+03    0.123456E+02
    0.210309E+03    0.124375E+02
    0.210585E+03    0.125016E+02
    0.210739E+03    0.125373E+02
    0.211173E+03    0.126383E+02
    0.212867E+03    0.130342E+02
    0.215886E+03    0.137473E+02
    0.220180E+03    0.147786E+02
    0.225679E+03    0.161285E+02
    0.232294E+03    0.177959E+02
    0.239914E+03    0.197766E+02
    0.248416E+03    0.220618E+02
    0.257659E+03    0.246364E+02
    0.267492E+03    0.274780E+02
    0.277754E+03    0.305564E+02
    0.288275E+03    0.338328E+02
    0.298883E+03    0.372590E+02
    0.309405E+03    0.407783E+02
    0.319666E+03    0.443272E+02
    0.329499E+03    0.478358E+02
    0.338742E+03    0.512297E+02
    0.347244E+03    0.544330E+02
    0.354865E+03    0.573706E+02
    0.361479E+03    0.599708E+02
    0.366978E+03    0.621686E+02
    0.371272E+03    0.639073E+02
    0.374291E+03    0.651414E+02
    0.375985E+03    0.658383E+02
    0.377289E+03    0.663769E+02
    0.381139E+03    0.679775E+02
    0.388000E+03    0.708689E+02
    0.397759E+03    0.750689E+02
    0.410258E+03    0.805960E+02
    0.425290E+03    0.874642E+02
    0.442609E+03    0.956758E+02
    0.461931E+03    0.105213E+03
    0.482939E+03    0.116031E+03
    0.505287E+03    0.128054E+03
    0.528608E+03    0.141165E+03
    0.552520E+03    0.155205E+03
    0.576630E+03    0.169973E+03
    0.600542E+03    0.185226E+03
    0.623864E+03    0.200683E+03
    0.646212E+03    0.216030E+03
    0.667219E+03    0.230933E+03
    0.686541E+03    0.245044E+03
    0.703860E+03    0.258016E+03
    0.718893E+03    0.269522E+03
    0.731391E+03    0.279262E+03
    0.741151E+03    0.286978E+03
    0.748011E+03    0.292460E+03
    0.751861E+03    0.295557E+03
    0.767044E+03    0.307918E+03
    0.827746E+03    0.359609E+03
    0.936022E+03    0.460244E+03
    0.109062E+04    0.628728E+03
    0.129032E+04    0.877081E+03
    0.153459E+04    0.124058E+04
    0.182413E+04    0.175289E+04
    0.216167E+04    0.246162E+04
    0.255269E+04    0.343270E+04
    0.300645E+04    0.476155E+04
    0.353747E+04    0.659213E+04
    0.416775E+04    0.915049E+04
    0.493043E+04    0.128059E+05
    0.587599E+04    0.181888E+05
    0.708315E+04    0.264298E+05
    0.867904E+04    0.396812E+05
    0.108788E+05    0.623455E+05
    0.140691E+05    0.104273E+06
    0.190008E+05    0.190188E+06
    0.272925E+05    0.392399E+06
    0.429805E+05    0.973161E+06
    0.786042E+05    0.325486E+07
    0.191029E+06    0.192238E+08
    0.100000E+07    0.526795E+09
