#     k [MeV]       Xi [MeV]       1/2/Xi [MeV-1]     e(k) [MeV]     Xi_qp [MeV]


# rho=   0.01500 temp=   0.00000
    0.638873E+00    0.135456E+02    0.369122E-01   -0.669043E+01    0.120641E+02
    0.334081E+01    0.135396E+02    0.369288E-01   -0.668335E+01    0.120570E+02
    0.809926E+01    0.135094E+02    0.370113E-01   -0.664806E+01    0.120217E+02
    0.147433E+02    0.134247E+02    0.372449E-01   -0.654982E+01    0.119234E+02
    0.230330E+02    0.132480E+02    0.377416E-01   -0.634702E+01    0.117206E+02
    0.326688E+02    0.129439E+02    0.386281E-01   -0.600295E+01    0.113766E+02
    0.433023E+02    0.124848E+02    0.400486E-01   -0.549539E+01    0.108690E+02
    0.545493E+02    0.118580E+02    0.421655E-01   -0.482125E+01    0.101949E+02
    0.660033E+02    0.110678E+02    0.451760E-01   -0.399917E+01    0.937280E+01
    0.772504E+02    0.101424E+02    0.492978E-01   -0.307470E+01    0.844833E+01
    0.878839E+02    0.913532E+01    0.547326E-01   -0.210712E+01    0.748074E+01
    0.975196E+02    0.810976E+01    0.616541E-01   -0.115696E+01    0.653058E+01
    0.105809E+03    0.713914E+01    0.700365E-01   -0.285595E+00    0.565922E+01
    0.112453E+03    0.630142E+01    0.793472E-01    0.449561E+00    0.492406E+01
    0.117212E+03    0.567323E+01    0.881332E-01    0.996475E+00    0.437715E+01
    0.119914E+03    0.530527E+01    0.942458E-01    0.131487E+01    0.405875E+01
    0.120625E+03    0.520658E+01    0.960324E-01    0.139964E+01    0.397399E+01
    0.120932E+03    0.516416E+01    0.968211E-01    0.143634E+01    0.393728E+01
    0.121479E+03    0.508811E+01    0.982683E-01    0.150195E+01    0.387168E+01
    0.122256E+03    0.497797E+01    0.100443E+00    0.159569E+01    0.377794E+01
    0.123253E+03    0.483730E+01    0.103363E+00    0.171647E+01    0.365715E+01
    0.124451E+03    0.466606E+01    0.107157E+00    0.186283E+01    0.351080E+01
    0.125831E+03    0.446657E+01    0.111943E+00    0.203294E+01    0.334068E+01
    0.127371E+03    0.424172E+01    0.117877E+00    0.222463E+01    0.314899E+01
    0.129046E+03    0.399273E+01    0.125228E+00    0.243536E+01    0.293826E+01
    0.130827E+03    0.372545E+01    0.134212E+00    0.266226E+01    0.271136E+01
    0.132686E+03    0.344166E+01    0.145279E+00    0.290209E+01    0.247153E+01
    0.134592E+03    0.314664E+01    0.158900E+00    0.315129E+01    0.222233E+01
    0.136514E+03    0.284708E+01    0.175619E+00    0.340599E+01    0.196763E+01
    0.138419E+03    0.254358E+01    0.196574E+00    0.366204E+01    0.171159E+01
    0.140278E+03    0.224573E+01    0.222645E+00    0.391505E+01    0.145857E+01
    0.142060E+03    0.195524E+01    0.255723E+00    0.416056E+01    0.121306E+01
    0.143734E+03    0.168743E+01    0.296308E+00    0.439409E+01    0.979534E+00
    0.145274E+03    0.144119E+01    0.346935E+00    0.461127E+01    0.762354E+00
    0.146655E+03    0.121553E+01    0.411342E+00    0.480792E+01    0.565704E+00
    0.147853E+03    0.102954E+01    0.485654E+00    0.498015E+01    0.393478E+00
    0.148849E+03    0.891672E+00    0.560744E+00    0.512445E+01    0.249174E+00
    0.149627E+03    0.735453E+00    0.679853E+00    0.523784E+01    0.135785E+00
    0.150174E+03    0.552371E+00    0.905189E+00    0.531792E+01    0.557022E-01
    0.150480E+03    0.211713E+00    0.236169E+01    0.536300E+01    0.106219E-01
    0.150625E+03   -0.416099E+00   -0.120164E+01    0.538425E+01    0.106219E-01
    0.150932E+03    0.205042E+01    0.243852E+00    0.542947E+01    0.558481E-01
    0.151479E+03    0.112882E+01    0.442940E+00    0.551030E+01    0.136679E+00
    0.152256E+03    0.909827E+00    0.549555E+00    0.562584E+01    0.252213E+00
    0.153253E+03    0.111499E+01    0.448434E+00    0.577474E+01    0.401114E+00
    0.154451E+03    0.125050E+01    0.399840E+00    0.595524E+01    0.581616E+00
    0.155831E+03    0.145316E+01    0.344078E+00    0.616514E+01    0.791510E+00
    0.157371E+03    0.170068E+01    0.294001E+00    0.640176E+01    0.102814E+01
    0.159046E+03    0.198105E+01    0.252391E+00    0.666200E+01    0.128837E+01
    0.160827E+03    0.229018E+01    0.218324E+00    0.694231E+01    0.156868E+01
    0.162686E+03    0.261993E+01    0.190845E+00    0.723873E+01    0.186511E+01
    0.164592E+03    0.296368E+01    0.168709E+00    0.754692E+01    0.217330E+01
    0.166514E+03    0.331646E+01    0.150763E+00    0.786216E+01    0.248853E+01
    0.168419E+03    0.366998E+01    0.136240E+00    0.817934E+01    0.280572E+01
    0.170278E+03    0.401889E+01    0.124413E+00    0.849312E+01    0.311949E+01
    0.172060E+03    0.435779E+01    0.114737E+00    0.879792E+01    0.342430E+01
    0.173734E+03    0.467791E+01    0.106885E+00    0.908816E+01    0.371454E+01
    0.175274E+03    0.497726E+01    0.100457E+00    0.935835E+01    0.398472E+01
    0.176655E+03    0.524614E+01    0.953081E-01    0.960320E+01    0.422958E+01
    0.177853E+03    0.548084E+01    0.912269E-01    0.981779E+01    0.444417E+01
    0.178849E+03    0.567686E+01    0.880769E-01    0.999769E+01    0.462407E+01
    0.179627E+03    0.583070E+01    0.857530E-01    0.101391E+02    0.476549E+01
    0.180174E+03    0.593929E+01    0.841852E-01    0.102390E+02    0.486540E+01
    0.180480E+03    0.599725E+01    0.833716E-01    0.102953E+02    0.492166E+01
    0.180848E+03    0.607382E+01    0.823205E-01    0.103628E+02    0.498922E+01
    0.182107E+03    0.632717E+01    0.790243E-01    0.105956E+02    0.522199E+01
    0.184362E+03    0.678622E+01    0.736787E-01    0.110183E+02    0.564464E+01
    0.187598E+03    0.745182E+01    0.670977E-01    0.116378E+02    0.626414E+01
    0.191793E+03    0.833200E+01    0.600096E-01    0.124643E+02    0.709067E+01
    0.196922E+03    0.943216E+01    0.530101E-01    0.135107E+02    0.813706E+01
    0.202956E+03    0.107631E+02    0.464549E-01    0.147921E+02    0.941843E+01
    0.209864E+03    0.123346E+02    0.405364E-01    0.163251E+02    0.109514E+02
    0.217615E+03    0.141602E+02    0.353102E-01    0.181274E+02    0.127538E+02
    0.226183E+03    0.162538E+02    0.307621E-01    0.202207E+02    0.148471E+02
    0.235543E+03    0.186327E+02    0.268345E-01    0.226346E+02    0.172610E+02
    0.245674E+03    0.213161E+02    0.234565E-01    0.254011E+02    0.200275E+02
    0.256562E+03    0.243259E+02    0.205543E-01    0.285293E+02    0.231557E+02
    0.268201E+03    0.276869E+02    0.180591E-01    0.320126E+02    0.266390E+02
    0.280593E+03    0.314286E+02    0.159091E-01    0.358849E+02    0.305113E+02
    0.293748E+03    0.355851E+02    0.140508E-01    0.401845E+02    0.348109E+02
    0.307689E+03    0.401962E+02    0.124390E-01    0.448994E+02    0.395258E+02
    0.322450E+03    0.453099E+02    0.110351E-01    0.500775E+02    0.447039E+02
    0.338078E+03    0.509827E+02    0.980724E-02    0.557874E+02    0.504138E+02
    0.354639E+03    0.572827E+02    0.872865E-02    0.620917E+02    0.567181E+02
    0.372217E+03    0.642925E+02    0.777696E-02    0.690759E+02    0.637023E+02
    0.390919E+03    0.721146E+02    0.693340E-02    0.768478E+02    0.714742E+02
    0.410883E+03    0.808769E+02    0.618224E-02    0.855347E+02    0.801611E+02
    0.432282E+03    0.907409E+02    0.551019E-02    0.953066E+02    0.899329E+02
    0.455340E+03    0.101915E+03    0.490606E-02    0.106377E+03    0.101003E+03
    0.480345E+03    0.114670E+03    0.436032E-02    0.119021E+03    0.113648E+03
    0.507672E+03    0.129369E+03    0.386491E-02    0.133601E+03    0.128227E+03
    0.537826E+03    0.146506E+03    0.341284E-02    0.150610E+03    0.145237E+03
    0.571499E+03    0.166779E+03    0.299798E-02    0.170739E+03    0.165365E+03
    0.609675E+03    0.191211E+03    0.261491E-02    0.194992E+03    0.189618E+03
    0.653814E+03    0.221370E+03    0.225866E-02    0.224921E+03    0.219547E+03
    0.706225E+03    0.259811E+03    0.192447E-02    0.263111E+03    0.257738E+03
    0.770861E+03    0.311062E+03    0.160740E-02    0.314315E+03    0.308941E+03
    0.855391E+03    0.384260E+03    0.130120E-02    0.387965E+03    0.382592E+03
    0.978023E+03    0.502920E+03    0.994194E-03    0.508657E+03    0.503284E+03
    0.120442E+04    0.765661E+03    0.653031E-03    0.772644E+03    0.767271E+03
