
#   rho [fm-3]      T [MeV]      kf [fm-1]       k [MeV]       av Gap(k) [MeV]       Xi (k)       SigmaHF(k)       Momdis n(k)       Gap_L1       Gap_L2
    6.596431E-02    1.000000E-01    1.250000E+00    0.000000E+00    1.555902E+00
    6.596431E-02    1.000000E-01    1.250000E+00    1.010101E-01    1.551221E+00
    6.596431E-02    1.000000E-01    1.250000E+00    2.020202E-01    1.537232E+00
    6.596431E-02    1.000000E-01    1.250000E+00    3.030303E-01    1.513908E+00
    6.596431E-02    1.000000E-01    1.250000E+00    4.040404E-01    1.481374E+00
    6.596431E-02    1.000000E-01    1.250000E+00    5.050505E-01    1.439630E+00
    6.596431E-02    1.000000E-01    1.250000E+00    6.060606E-01    1.388532E+00
    6.596431E-02    1.000000E-01    1.250000E+00    7.070707E-01    1.328095E+00
    6.596431E-02    1.000000E-01    1.250000E+00    8.080808E-01    1.258070E+00
    6.596431E-02    1.000000E-01    1.250000E+00    9.090909E-01    1.178166E+00
    6.596431E-02    1.000000E-01    1.250000E+00    1.010101E+00    1.088041E+00
    6.596431E-02    1.000000E-01    1.250000E+00    1.111111E+00    9.873622E-01
    6.596431E-02    1.000000E-01    1.250000E+00    1.212121E+00    8.759127E-01
    6.596431E-02    1.000000E-01    1.250000E+00    1.313131E+00    7.536708E-01
    6.596431E-02    1.000000E-01    1.250000E+00    1.414141E+00    6.209080E-01
    6.596431E-02    1.000000E-01    1.250000E+00    1.515152E+00    4.781671E-01
    6.596431E-02    1.000000E-01    1.250000E+00    1.616162E+00    3.261529E-01
    6.596431E-02    1.000000E-01    1.250000E+00    1.717172E+00    1.660771E-01
    6.596431E-02    1.000000E-01    1.250000E+00    1.818182E+00   -2.973680E-04
    6.596431E-02    1.000000E-01    1.250000E+00    1.919192E+00   -1.699410E-01
    6.596431E-02    1.000000E-01    1.250000E+00    2.020202E+00   -3.383184E-01
    6.596431E-02    1.000000E-01    1.250000E+00    2.121212E+00   -5.001334E-01
    6.596431E-02    1.000000E-01    1.250000E+00    2.222222E+00   -6.490011E-01
    6.596431E-02    1.000000E-01    1.250000E+00    2.323232E+00   -7.746306E-01
    6.596431E-02    1.000000E-01    1.250000E+00    2.424242E+00   -8.732131E-01
    6.596431E-02    1.000000E-01    1.250000E+00    2.525253E+00   -9.411693E-01
    6.596431E-02    1.000000E-01    1.250000E+00    2.626263E+00   -9.780567E-01
    6.596431E-02    1.000000E-01    1.250000E+00    2.727273E+00   -9.860643E-01
    6.596431E-02    1.000000E-01    1.250000E+00    2.828283E+00   -9.654791E-01
    6.596431E-02    1.000000E-01    1.250000E+00    2.929293E+00   -9.199334E-01
    6.596431E-02    1.000000E-01    1.250000E+00    3.030303E+00   -8.495622E-01
    6.596431E-02    1.000000E-01    1.250000E+00    3.131313E+00   -7.556817E-01
    6.596431E-02    1.000000E-01    1.250000E+00    3.232323E+00   -6.431489E-01
    6.596431E-02    1.000000E-01    1.250000E+00    3.333333E+00   -5.238070E-01
    6.596431E-02    1.000000E-01    1.250000E+00    3.434343E+00   -4.084948E-01
    6.596431E-02    1.000000E-01    1.250000E+00    3.535354E+00   -3.029182E-01
    6.596431E-02    1.000000E-01    1.250000E+00    3.636364E+00   -2.191290E-01
    6.596431E-02    1.000000E-01    1.250000E+00    3.737374E+00   -1.522159E-01
    6.596431E-02    1.000000E-01    1.250000E+00    3.838384E+00   -9.644431E-02
    6.596431E-02    1.000000E-01    1.250000E+00    3.939394E+00   -6.437908E-02
    6.596431E-02    1.000000E-01    1.250000E+00    4.040404E+00   -3.752484E-02
    6.596431E-02    1.000000E-01    1.250000E+00    4.141414E+00   -2.260138E-02
    6.596431E-02    1.000000E-01    1.250000E+00    4.242424E+00   -1.205721E-02
    6.596431E-02    1.000000E-01    1.250000E+00    4.343434E+00   -6.509909E-03
    6.596431E-02    1.000000E-01    1.250000E+00    4.444444E+00   -3.128809E-03
    6.596431E-02    1.000000E-01    1.250000E+00    4.545455E+00   -1.519195E-03
    6.596431E-02    1.000000E-01    1.250000E+00    4.646465E+00   -6.405247E-04
    6.596431E-02    1.000000E-01    1.250000E+00    4.747475E+00   -2.811774E-04
    6.596431E-02    1.000000E-01    1.250000E+00    4.848485E+00   -1.013533E-04
    6.596431E-02    1.000000E-01    1.250000E+00    4.949495E+00   -3.978694E-05
    6.596431E-02    1.000000E-01    1.250000E+00    5.050505E+00   -1.223787E-05
    6.596431E-02    1.000000E-01    1.250000E+00    5.151515E+00   -4.042023E-06
    6.596431E-02    1.000000E-01    1.250000E+00    5.252525E+00   -1.121394E-06
    6.596431E-02    1.000000E-01    1.250000E+00    5.353535E+00   -2.478301E-07
    6.596431E-02    1.000000E-01    1.250000E+00    5.454545E+00   -7.686933E-08
    6.596431E-02    1.000000E-01    1.250000E+00    5.555556E+00   -9.834576E-09
    6.596431E-02    1.000000E-01    1.250000E+00    5.656566E+00   -3.505780E-09
    6.596431E-02    1.000000E-01    1.250000E+00    5.757576E+00   -4.892507E-10
    6.596431E-02    1.000000E-01    1.250000E+00    5.858586E+00   -5.285456E-11
    6.596431E-02    1.000000E-01    1.250000E+00    5.959596E+00   -9.307058E-12
    6.596431E-02    1.000000E-01    1.250000E+00    6.060606E+00   -1.184362E-12
    6.596431E-02    1.000000E-01    1.250000E+00    6.161616E+00   -1.016198E-13
    6.596431E-02    1.000000E-01    1.250000E+00    6.262626E+00   -1.215468E-14
    6.596431E-02    1.000000E-01    1.250000E+00    6.363636E+00   -2.072465E-15
    6.596431E-02    1.000000E-01    1.250000E+00    6.464646E+00   -1.286263E-15
    6.596431E-02    1.000000E-01    1.250000E+00    6.565657E+00   -5.000600E-16
    6.596431E-02    1.000000E-01    1.250000E+00    6.666667E+00   -8.303478E-19
    6.596431E-02    1.000000E-01    1.250000E+00    6.767677E+00   -6.663956E-19
    6.596431E-02    1.000000E-01    1.250000E+00    6.868687E+00   -5.024434E-19
    6.596431E-02    1.000000E-01    1.250000E+00    6.969697E+00   -3.384912E-19
    6.596431E-02    1.000000E-01    1.250000E+00    7.070707E+00   -1.745390E-19
    6.596431E-02    1.000000E-01    1.250000E+00    7.171717E+00   -1.058683E-20
    6.596431E-02    1.000000E-01    1.250000E+00    7.272727E+00   -2.681027E-26
    6.596431E-02    1.000000E-01    1.250000E+00    7.373737E+00   -2.287739E-26
    6.596431E-02    1.000000E-01    1.250000E+00    7.474747E+00   -1.894452E-26
    6.596431E-02    1.000000E-01    1.250000E+00    7.575758E+00   -1.501165E-26
    6.596431E-02    1.000000E-01    1.250000E+00    7.676768E+00   -1.107878E-26
    6.596431E-02    1.000000E-01    1.250000E+00    7.777778E+00   -7.145904E-27
    6.596431E-02    1.000000E-01    1.250000E+00    7.878788E+00   -3.213032E-27
    6.596431E-02    1.000000E-01    1.250000E+00    7.979798E+00   -5.454538E-33
    6.596431E-02    1.000000E-01    1.250000E+00    8.080808E+00   -5.849969E-33
    6.596431E-02    1.000000E-01    1.250000E+00    8.181818E+00   -6.245400E-33
    6.596431E-02    1.000000E-01    1.250000E+00    8.282828E+00   -6.640831E-33
    6.596431E-02    1.000000E-01    1.250000E+00    8.383838E+00   -7.036262E-33
    6.596431E-02    1.000000E-01    1.250000E+00    8.484848E+00   -7.431693E-33
    6.596431E-02    1.000000E-01    1.250000E+00    8.585859E+00   -7.827125E-33
    6.596431E-02    1.000000E-01    1.250000E+00    8.686869E+00   -8.222556E-33
    6.596431E-02    1.000000E-01    1.250000E+00    8.787879E+00   -8.617987E-33
    6.596431E-02    1.000000E-01    1.250000E+00    8.888889E+00   -9.013418E-33
    6.596431E-02    1.000000E-01    1.250000E+00    8.989899E+00   -9.443007E-33
    6.596431E-02    1.000000E-01    1.250000E+00    9.090909E+00   -1.004128E-32
    6.596431E-02    1.000000E-01    1.250000E+00    9.191919E+00   -1.063954E-32
    6.596431E-02    1.000000E-01    1.250000E+00    9.292929E+00   -1.123781E-32
    6.596431E-02    1.000000E-01    1.250000E+00    9.393939E+00   -1.183608E-32
    6.596431E-02    1.000000E-01    1.250000E+00    9.494949E+00   -1.243435E-32
    6.596431E-02    1.000000E-01    1.250000E+00    9.595960E+00   -1.303262E-32
    6.596431E-02    1.000000E-01    1.250000E+00    9.696970E+00   -1.363089E-32
    6.596431E-02    1.000000E-01    1.250000E+00    9.797980E+00   -1.422916E-32
    6.596431E-02    1.000000E-01    1.250000E+00    9.898990E+00   -1.482743E-32
    6.596431E-02    1.000000E-01    1.250000E+00    1.000000E+01   -1.542569E-32

    6.596431E-02    2.000000E-01    1.250000E+00    0.000000E+00    1.525125E+00
    6.596431E-02    2.000000E-01    1.250000E+00    1.010101E-01    1.520536E+00
    6.596431E-02    2.000000E-01    1.250000E+00    2.020202E-01    1.506823E+00
    6.596431E-02    2.000000E-01    1.250000E+00    3.030303E-01    1.483959E+00
    6.596431E-02    2.000000E-01    1.250000E+00    4.040404E-01    1.452068E+00
    6.596431E-02    2.000000E-01    1.250000E+00    5.050505E-01    1.411148E+00
    6.596431E-02    2.000000E-01    1.250000E+00    6.060606E-01    1.361058E+00
    6.596431E-02    2.000000E-01    1.250000E+00    7.070707E-01    1.301814E+00
    6.596431E-02    2.000000E-01    1.250000E+00    8.080808E-01    1.233172E+00
    6.596431E-02    2.000000E-01    1.250000E+00    9.090909E-01    1.154846E+00
    6.596431E-02    2.000000E-01    1.250000E+00    1.010101E+00    1.066502E+00
    6.596431E-02    2.000000E-01    1.250000E+00    1.111111E+00    9.678125E-01
    6.596431E-02    2.000000E-01    1.250000E+00    1.212121E+00    8.585664E-01
    6.596431E-02    2.000000E-01    1.250000E+00    1.313131E+00    7.387424E-01
    6.596431E-02    2.000000E-01    1.250000E+00    1.414141E+00    6.086068E-01
    6.596431E-02    2.000000E-01    1.250000E+00    1.515152E+00    4.686919E-01
    6.596431E-02    2.000000E-01    1.250000E+00    1.616162E+00    3.196885E-01
    6.596431E-02    2.000000E-01    1.250000E+00    1.717172E+00    1.627842E-01
    6.596431E-02    2.000000E-01    1.250000E+00    1.818182E+00   -2.929130E-04
    6.596431E-02    2.000000E-01    1.250000E+00    1.919192E+00   -1.665736E-01
    6.596431E-02    2.000000E-01    1.250000E+00    2.020202E+00   -3.316124E-01
    6.596431E-02    2.000000E-01    1.250000E+00    2.121212E+00   -4.902183E-01
    6.596431E-02    2.000000E-01    1.250000E+00    2.222222E+00   -6.361332E-01
    6.596431E-02    2.000000E-01    1.250000E+00    2.323232E+00   -7.592704E-01
    6.596431E-02    2.000000E-01    1.250000E+00    2.424242E+00   -8.558968E-01
    6.596431E-02    2.000000E-01    1.250000E+00    2.525253E+00   -9.225042E-01
    6.596431E-02    2.000000E-01    1.250000E+00    2.626263E+00   -9.586591E-01
    6.596431E-02    2.000000E-01    1.250000E+00    2.727273E+00   -9.665069E-01
    6.596431E-02    2.000000E-01    1.250000E+00    2.828283E+00   -9.463292E-01
    6.596431E-02    2.000000E-01    1.250000E+00    2.929293E+00   -9.016863E-01
    6.596431E-02    2.000000E-01    1.250000E+00    3.030303E+00   -8.327104E-01
    6.596431E-02    2.000000E-01    1.250000E+00    3.131313E+00   -7.406918E-01
    6.596431E-02    2.000000E-01    1.250000E+00    3.232323E+00   -6.303909E-01
    6.596431E-02    2.000000E-01    1.250000E+00    3.333333E+00   -5.134162E-01
    6.596431E-02    2.000000E-01    1.250000E+00    3.434343E+00   -4.003913E-01
    6.596431E-02    2.000000E-01    1.250000E+00    3.535354E+00   -2.969091E-01
    6.596431E-02    2.000000E-01    1.250000E+00    3.636364E+00   -2.147819E-01
    6.596431E-02    2.000000E-01    1.250000E+00    3.737374E+00   -1.491962E-01
    6.596431E-02    2.000000E-01    1.250000E+00    3.838384E+00   -9.453104E-02
    6.596431E-02    2.000000E-01    1.250000E+00    3.939394E+00   -6.310192E-02
    6.596431E-02    2.000000E-01    1.250000E+00    4.040404E+00   -3.678041E-02
    6.596431E-02    2.000000E-01    1.250000E+00    4.141414E+00   -2.215301E-02
    6.596431E-02    2.000000E-01    1.250000E+00    4.242424E+00   -1.181801E-02
    6.596431E-02    2.000000E-01    1.250000E+00    4.343434E+00   -6.380764E-03
    6.596431E-02    2.000000E-01    1.250000E+00    4.444444E+00   -3.066739E-03
    6.596431E-02    2.000000E-01    1.250000E+00    4.545455E+00   -1.489057E-03
    6.596431E-02    2.000000E-01    1.250000E+00    4.646465E+00   -6.278179E-04
    6.596431E-02    2.000000E-01    1.250000E+00    4.747475E+00   -2.755994E-04
    6.596431E-02    2.000000E-01    1.250000E+00    4.848485E+00   -9.934267E-05
    6.596431E-02    2.000000E-01    1.250000E+00    4.949495E+00   -3.899765E-05
    6.596431E-02    2.000000E-01    1.250000E+00    5.050505E+00   -1.199510E-05
    6.596431E-02    2.000000E-01    1.250000E+00    5.151515E+00   -3.961839E-06
    6.596431E-02    2.000000E-01    1.250000E+00    5.252525E+00   -1.099148E-06
    6.596431E-02    2.000000E-01    1.250000E+00    5.353535E+00   -2.429138E-07
    6.596431E-02    2.000000E-01    1.250000E+00    5.454545E+00   -7.534445E-08
    6.596431E-02    2.000000E-01    1.250000E+00    5.555556E+00   -9.639487E-09
    6.596431E-02    2.000000E-01    1.250000E+00    5.656566E+00   -3.436236E-09
    6.596431E-02    2.000000E-01    1.250000E+00    5.757576E+00   -4.795455E-10
    6.596431E-02    2.000000E-01    1.250000E+00    5.858586E+00   -5.180609E-11
    6.596431E-02    2.000000E-01    1.250000E+00    5.959596E+00   -9.122436E-12
    6.596431E-02    2.000000E-01    1.250000E+00    6.060606E+00   -1.160868E-12
    6.596431E-02    2.000000E-01    1.250000E+00    6.161616E+00   -9.960407E-14
    6.596431E-02    2.000000E-01    1.250000E+00    6.262626E+00   -1.191357E-14
    6.596431E-02    2.000000E-01    1.250000E+00    6.363636E+00   -2.031355E-15
    6.596431E-02    2.000000E-01    1.250000E+00    6.464646E+00   -1.260748E-15
    6.596431E-02    2.000000E-01    1.250000E+00    6.565657E+00   -4.901407E-16
    6.596431E-02    2.000000E-01    1.250000E+00    6.666667E+00   -8.138771E-19
    6.596431E-02    2.000000E-01    1.250000E+00    6.767677E+00   -6.531770E-19
    6.596431E-02    2.000000E-01    1.250000E+00    6.868687E+00   -4.924770E-19
    6.596431E-02    2.000000E-01    1.250000E+00    6.969697E+00   -3.317769E-19
    6.596431E-02    2.000000E-01    1.250000E+00    7.070707E+00   -1.710769E-19
    6.596431E-02    2.000000E-01    1.250000E+00    7.171717E+00   -1.037683E-20
    6.596431E-02    2.000000E-01    1.250000E+00    7.272727E+00   -2.627847E-26
    6.596431E-02    2.000000E-01    1.250000E+00    7.373737E+00   -2.242361E-26
    6.596431E-02    2.000000E-01    1.250000E+00    7.474747E+00   -1.856875E-26
    6.596431E-02    2.000000E-01    1.250000E+00    7.575758E+00   -1.471389E-26
    6.596431E-02    2.000000E-01    1.250000E+00    7.676768E+00   -1.085902E-26
    6.596431E-02    2.000000E-01    1.250000E+00    7.777778E+00   -7.004162E-27
    6.596431E-02    2.000000E-01    1.250000E+00    7.878788E+00   -3.149300E-27
    6.596431E-02    2.000000E-01    1.250000E+00    7.979798E+00   -5.346330E-33
    6.596431E-02    2.000000E-01    1.250000E+00    8.080808E+00   -5.733917E-33
    6.596431E-02    2.000000E-01    1.250000E+00    8.181818E+00   -6.121505E-33
    6.596431E-02    2.000000E-01    1.250000E+00    8.282828E+00   -6.509092E-33
    6.596431E-02    2.000000E-01    1.250000E+00    8.383838E+00   -6.896679E-33
    6.596431E-02    2.000000E-01    1.250000E+00    8.484848E+00   -7.284266E-33
    6.596431E-02    2.000000E-01    1.250000E+00    8.585859E+00   -7.671853E-33
    6.596431E-02    2.000000E-01    1.250000E+00    8.686869E+00   -8.059440E-33
    6.596431E-02    2.000000E-01    1.250000E+00    8.787879E+00   -8.447028E-33
    6.596431E-02    2.000000E-01    1.250000E+00    8.888889E+00   -8.834615E-33
    6.596431E-02    2.000000E-01    1.250000E+00    8.989899E+00   -9.255682E-33
    6.596431E-02    2.000000E-01    1.250000E+00    9.090909E+00   -9.842084E-33
    6.596431E-02    2.000000E-01    1.250000E+00    9.191919E+00   -1.042849E-32
    6.596431E-02    2.000000E-01    1.250000E+00    9.292929E+00   -1.101489E-32
    6.596431E-02    2.000000E-01    1.250000E+00    9.393939E+00   -1.160129E-32
    6.596431E-02    2.000000E-01    1.250000E+00    9.494949E+00   -1.218769E-32
    6.596431E-02    2.000000E-01    1.250000E+00    9.595960E+00   -1.277409E-32
    6.596431E-02    2.000000E-01    1.250000E+00    9.696970E+00   -1.336049E-32
    6.596431E-02    2.000000E-01    1.250000E+00    9.797980E+00   -1.394689E-32
    6.596431E-02    2.000000E-01    1.250000E+00    9.898990E+00   -1.453330E-32
    6.596431E-02    2.000000E-01    1.250000E+00    1.000000E+01   -1.511970E-32

    6.596431E-02    3.000000E-01    1.250000E+00    0.000000E+00    1.374560E+00
    6.596431E-02    3.000000E-01    1.250000E+00    1.010101E-01    1.370423E+00
    6.596431E-02    3.000000E-01    1.250000E+00    2.020202E-01    1.358061E+00
    6.596431E-02    3.000000E-01    1.250000E+00    3.030303E-01    1.337451E+00
    6.596431E-02    3.000000E-01    1.250000E+00    4.040404E-01    1.308701E+00
    6.596431E-02    3.000000E-01    1.250000E+00    5.050505E-01    1.271814E+00
    6.596431E-02    3.000000E-01    1.250000E+00    6.060606E-01    1.226661E+00
    6.596431E-02    3.000000E-01    1.250000E+00    7.070707E-01    1.173256E+00
    6.596431E-02    3.000000E-01    1.250000E+00    8.080808E-01    1.111380E+00
    6.596431E-02    3.000000E-01    1.250000E+00    9.090909E-01    1.040777E+00
    6.596431E-02    3.000000E-01    1.250000E+00    1.010101E+00    9.611436E-01
    6.596431E-02    3.000000E-01    1.250000E+00    1.111111E+00    8.721894E-01
    6.596431E-02    3.000000E-01    1.250000E+00    1.212121E+00    7.737233E-01
    6.596431E-02    3.000000E-01    1.250000E+00    1.313131E+00    6.657280E-01
    6.596431E-02    3.000000E-01    1.250000E+00    1.414141E+00    5.484442E-01
    6.596431E-02    3.000000E-01    1.250000E+00    1.515152E+00    4.223522E-01
    6.596431E-02    3.000000E-01    1.250000E+00    1.616162E+00    2.880746E-01
    6.596431E-02    3.000000E-01    1.250000E+00    1.717172E+00    1.466816E-01
    6.596431E-02    3.000000E-01    1.250000E+00    1.818182E+00   -2.698040E-04
    6.596431E-02    3.000000E-01    1.250000E+00    1.919192E+00   -1.501044E-01
    6.596431E-02    3.000000E-01    1.250000E+00    2.020202E+00   -2.988170E-01
    6.596431E-02    3.000000E-01    1.250000E+00    2.121212E+00   -4.417307E-01
    6.596431E-02    3.000000E-01    1.250000E+00    2.222222E+00   -5.732069E-01
    6.596431E-02    3.000000E-01    1.250000E+00    2.323232E+00   -6.841575E-01
    6.596431E-02    3.000000E-01    1.250000E+00    2.424242E+00   -7.712194E-01
    6.596431E-02    3.000000E-01    1.250000E+00    2.525253E+00   -8.312321E-01
    6.596431E-02    3.000000E-01    1.250000E+00    2.626263E+00   -8.638055E-01
    6.596431E-02    3.000000E-01    1.250000E+00    2.727273E+00   -8.708729E-01
    6.596431E-02    3.000000E-01    1.250000E+00    2.828283E+00   -8.526885E-01
    6.596431E-02    3.000000E-01    1.250000E+00    2.929293E+00   -8.124605E-01
    6.596431E-02    3.000000E-01    1.250000E+00    3.030303E+00   -7.503080E-01
    6.596431E-02    3.000000E-01    1.250000E+00    3.131313E+00   -6.673937E-01
    6.596431E-02    3.000000E-01    1.250000E+00    3.232323E+00   -5.680071E-01
    6.596431E-02    3.000000E-01    1.250000E+00    3.333333E+00   -4.626075E-01
    6.596431E-02    3.000000E-01    1.250000E+00    3.434343E+00   -3.607674E-01
    6.596431E-02    3.000000E-01    1.250000E+00    3.535354E+00   -2.675257E-01
    6.596431E-02    3.000000E-01    1.250000E+00    3.636364E+00   -1.935261E-01
    6.596431E-02    3.000000E-01    1.250000E+00    3.737374E+00   -1.344310E-01
    6.596431E-02    3.000000E-01    1.250000E+00    3.838384E+00   -8.517566E-02
    6.596431E-02    3.000000E-01    1.250000E+00    3.939394E+00   -5.685695E-02
    6.596431E-02    3.000000E-01    1.250000E+00    4.040404E+00   -3.314038E-02
    6.596431E-02    3.000000E-01    1.250000E+00    4.141414E+00   -1.996060E-02
    6.596431E-02    3.000000E-01    1.250000E+00    4.242424E+00   -1.064842E-02
    6.596431E-02    3.000000E-01    1.250000E+00    4.343434E+00   -5.749280E-03
    6.596431E-02    3.000000E-01    1.250000E+00    4.444444E+00   -2.763234E-03
    6.596431E-02    3.000000E-01    1.250000E+00    4.545455E+00   -1.341690E-03
    6.596431E-02    3.000000E-01    1.250000E+00    4.646465E+00   -5.656852E-04
    6.596431E-02    3.000000E-01    1.250000E+00    4.747475E+00   -2.483245E-04
    6.596431E-02    3.000000E-01    1.250000E+00    4.848485E+00   -8.951118E-05
    6.596431E-02    3.000000E-01    1.250000E+00    4.949495E+00   -3.513824E-05
    6.596431E-02    3.000000E-01    1.250000E+00    5.050505E+00   -1.080801E-05
    6.596431E-02    3.000000E-01    1.250000E+00    5.151515E+00   -3.569758E-06
    6.596431E-02    3.000000E-01    1.250000E+00    5.252525E+00   -9.903721E-07
    6.596431E-02    3.000000E-01    1.250000E+00    5.353535E+00   -2.188742E-07
    6.596431E-02    3.000000E-01    1.250000E+00    5.454545E+00   -6.788815E-08
    6.596431E-02    3.000000E-01    1.250000E+00    5.555556E+00   -8.685544E-09
    6.596431E-02    3.000000E-01    1.250000E+00    5.656566E+00   -3.096179E-09
    6.596431E-02    3.000000E-01    1.250000E+00    5.757576E+00   -4.320891E-10
    6.596431E-02    3.000000E-01    1.250000E+00    5.858586E+00   -4.667933E-11
    6.596431E-02    3.000000E-01    1.250000E+00    5.959596E+00   -8.219677E-12
    6.596431E-02    3.000000E-01    1.250000E+00    6.060606E+00   -1.045989E-12
    6.596431E-02    3.000000E-01    1.250000E+00    6.161616E+00   -8.974733E-14
    6.596431E-02    3.000000E-01    1.250000E+00    6.262626E+00   -1.073462E-14
    6.596431E-02    3.000000E-01    1.250000E+00    6.363636E+00   -1.830335E-15
    6.596431E-02    3.000000E-01    1.250000E+00    6.464646E+00   -1.135986E-15
    6.596431E-02    3.000000E-01    1.250000E+00    6.565657E+00   -4.416371E-16
    6.596431E-02    3.000000E-01    1.250000E+00    6.666667E+00   -7.333381E-19
    6.596431E-02    3.000000E-01    1.250000E+00    6.767677E+00   -5.885405E-19
    6.596431E-02    3.000000E-01    1.250000E+00    6.868687E+00   -4.437429E-19
    6.596431E-02    3.000000E-01    1.250000E+00    6.969697E+00   -2.989452E-19
    6.596431E-02    3.000000E-01    1.250000E+00    7.070707E+00   -1.541476E-19
    6.596431E-02    3.000000E-01    1.250000E+00    7.171717E+00   -9.349970E-21
    6.596431E-02    3.000000E-01    1.250000E+00    7.272727E+00   -2.367808E-26
    6.596431E-02    3.000000E-01    1.250000E+00    7.373737E+00   -2.020468E-26
    6.596431E-02    3.000000E-01    1.250000E+00    7.474747E+00   -1.673128E-26
    6.596431E-02    3.000000E-01    1.250000E+00    7.575758E+00   -1.325787E-26
    6.596431E-02    3.000000E-01    1.250000E+00    7.676768E+00   -9.784468E-27
    6.596431E-02    3.000000E-01    1.250000E+00    7.777778E+00   -6.311064E-27
    6.596431E-02    3.000000E-01    1.250000E+00    7.878788E+00   -2.837661E-27
    6.596431E-02    3.000000E-01    1.250000E+00    7.979798E+00   -4.817224E-33
    6.596431E-02    3.000000E-01    1.250000E+00    8.080808E+00   -5.166456E-33
    6.596431E-02    3.000000E-01    1.250000E+00    8.181818E+00   -5.515688E-33
    6.596431E-02    3.000000E-01    1.250000E+00    8.282828E+00   -5.864919E-33
    6.596431E-02    3.000000E-01    1.250000E+00    8.383838E+00   -6.214151E-33
    6.596431E-02    3.000000E-01    1.250000E+00    8.484848E+00   -6.563383E-33
    6.596431E-02    3.000000E-01    1.250000E+00    8.585859E+00   -6.912615E-33
    6.596431E-02    3.000000E-01    1.250000E+00    8.686869E+00   -7.261847E-33
    6.596431E-02    3.000000E-01    1.250000E+00    8.787879E+00   -7.611079E-33
    6.596431E-02    3.000000E-01    1.250000E+00    8.888889E+00   -7.960311E-33
    6.596431E-02    3.000000E-01    1.250000E+00    8.989899E+00   -8.339710E-33
    6.596431E-02    3.000000E-01    1.250000E+00    9.090909E+00   -8.868083E-33
    6.596431E-02    3.000000E-01    1.250000E+00    9.191919E+00   -9.396456E-33
    6.596431E-02    3.000000E-01    1.250000E+00    9.292929E+00   -9.924829E-33
    6.596431E-02    3.000000E-01    1.250000E+00    9.393939E+00   -1.045320E-32
    6.596431E-02    3.000000E-01    1.250000E+00    9.494949E+00   -1.098158E-32
    6.596431E-02    3.000000E-01    1.250000E+00    9.595960E+00   -1.150995E-32
    6.596431E-02    3.000000E-01    1.250000E+00    9.696970E+00   -1.203832E-32
    6.596431E-02    3.000000E-01    1.250000E+00    9.797980E+00   -1.256669E-32
    6.596431E-02    3.000000E-01    1.250000E+00    9.898990E+00   -1.309507E-32
    6.596431E-02    3.000000E-01    1.250000E+00    1.000000E+01   -1.362344E-32

    6.596431E-02    4.000000E-01    1.250000E+00    0.000000E+00    9.930707E-01
    6.596431E-02    4.000000E-01    1.250000E+00    1.010101E-01    9.900808E-01
    6.596431E-02    4.000000E-01    1.250000E+00    2.020202E-01    9.811463E-01
    6.596431E-02    4.000000E-01    1.250000E+00    3.030303E-01    9.662494E-01
    6.596431E-02    4.000000E-01    1.250000E+00    4.040404E-01    9.454706E-01
    6.596431E-02    4.000000E-01    1.250000E+00    5.050505E-01    9.188100E-01
    6.596431E-02    4.000000E-01    1.250000E+00    6.060606E-01    8.861756E-01
    6.596431E-02    4.000000E-01    1.250000E+00    7.070707E-01    8.475781E-01
    6.596431E-02    4.000000E-01    1.250000E+00    8.080808E-01    8.028594E-01
    6.596431E-02    4.000000E-01    1.250000E+00    9.090909E-01    7.518350E-01
    6.596431E-02    4.000000E-01    1.250000E+00    1.010101E+00    6.942882E-01
    6.596431E-02    4.000000E-01    1.250000E+00    1.111111E+00    6.300099E-01
    6.596431E-02    4.000000E-01    1.250000E+00    1.212121E+00    5.588641E-01
    6.596431E-02    4.000000E-01    1.250000E+00    1.313131E+00    4.808401E-01
    6.596431E-02    4.000000E-01    1.250000E+00    1.414141E+00    3.961133E-01
    6.596431E-02    4.000000E-01    1.250000E+00    1.515152E+00    3.050313E-01
    6.596431E-02    4.000000E-01    1.250000E+00    1.616162E+00    2.080441E-01
    6.596431E-02    4.000000E-01    1.250000E+00    1.717172E+00    1.059245E-01
    6.596431E-02    4.000000E-01    1.250000E+00    1.818182E+00   -2.034302E-04
    6.596431E-02    4.000000E-01    1.250000E+00    1.919192E+00   -1.084083E-01
    6.596431E-02    4.000000E-01    1.250000E+00    2.020202E+00   -2.157982E-01
    6.596431E-02    4.000000E-01    1.250000E+00    2.121212E+00   -3.189969E-01
    6.596431E-02    4.000000E-01    1.250000E+00    2.222222E+00   -4.139336E-01
    6.596431E-02    4.000000E-01    1.250000E+00    2.323232E+00   -4.940463E-01
    6.596431E-02    4.000000E-01    1.250000E+00    2.424242E+00   -5.569076E-01
    6.596431E-02    4.000000E-01    1.250000E+00    2.525253E+00   -6.002362E-01
    6.596431E-02    4.000000E-01    1.250000E+00    2.626263E+00   -6.237510E-01
    6.596431E-02    4.000000E-01    1.250000E+00    2.727273E+00   -6.288486E-01
    6.596431E-02    4.000000E-01    1.250000E+00    2.828283E+00   -6.157130E-01
    6.596431E-02    4.000000E-01    1.250000E+00    2.929293E+00   -5.866610E-01
    6.596431E-02    4.000000E-01    1.250000E+00    3.030303E+00   -5.417789E-01
    6.596431E-02    4.000000E-01    1.250000E+00    3.131313E+00   -4.819063E-01
    6.596431E-02    4.000000E-01    1.250000E+00    3.232323E+00   -4.101404E-01
    6.596431E-02    4.000000E-01    1.250000E+00    3.333333E+00   -3.340336E-01
    6.596431E-02    4.000000E-01    1.250000E+00    3.434343E+00   -2.604975E-01
    6.596431E-02    4.000000E-01    1.250000E+00    3.535354E+00   -1.931704E-01
    6.596431E-02    4.000000E-01    1.250000E+00    3.636364E+00   -1.397378E-01
    6.596431E-02    4.000000E-01    1.250000E+00    3.737374E+00   -9.706733E-02
    6.596431E-02    4.000000E-01    1.250000E+00    3.838384E+00   -6.150192E-02
    6.596431E-02    4.000000E-01    1.250000E+00    3.939394E+00   -4.105410E-02
    6.596431E-02    4.000000E-01    1.250000E+00    4.040404E+00   -2.392930E-02
    6.596431E-02    4.000000E-01    1.250000E+00    4.141414E+00   -1.441272E-02
    6.596431E-02    4.000000E-01    1.250000E+00    4.242424E+00   -7.688787E-03
    6.596431E-02    4.000000E-01    1.250000E+00    4.343434E+00   -4.151319E-03
    6.596431E-02    4.000000E-01    1.250000E+00    4.444444E+00   -1.995218E-03
    6.596431E-02    4.000000E-01    1.250000E+00    4.545455E+00   -9.687801E-04
    6.596431E-02    4.000000E-01    1.250000E+00    4.646465E+00   -4.084586E-04
    6.596431E-02    4.000000E-01    1.250000E+00    4.747475E+00   -1.793053E-04
    6.596431E-02    4.000000E-01    1.250000E+00    4.848485E+00   -6.463254E-05
    6.596431E-02    4.000000E-01    1.250000E+00    4.949495E+00   -2.537197E-05
    6.596431E-02    4.000000E-01    1.250000E+00    5.050505E+00   -7.804059E-06
    6.596431E-02    4.000000E-01    1.250000E+00    5.151515E+00   -2.577590E-06
    6.596431E-02    4.000000E-01    1.250000E+00    5.252525E+00   -7.151120E-07
    6.596431E-02    4.000000E-01    1.250000E+00    5.353535E+00   -1.580414E-07
    6.596431E-02    4.000000E-01    1.250000E+00    5.454545E+00   -4.901968E-08
    6.596431E-02    4.000000E-01    1.250000E+00    5.555556E+00   -6.271542E-09
    6.596431E-02    4.000000E-01    1.250000E+00    5.656566E+00   -2.235648E-09
    6.596431E-02    4.000000E-01    1.250000E+00    5.757576E+00   -3.119977E-10
    6.596431E-02    4.000000E-01    1.250000E+00    5.858586E+00   -3.370570E-11
    6.596431E-02    4.000000E-01    1.250000E+00    5.959596E+00   -5.935180E-12
    6.596431E-02    4.000000E-01    1.250000E+00    6.060606E+00   -7.552779E-13
    6.596431E-02    4.000000E-01    1.250000E+00    6.161616E+00   -6.480399E-14
    6.596431E-02    4.000000E-01    1.250000E+00    6.262626E+00   -7.751170E-15
    6.596431E-02    4.000000E-01    1.250000E+00    6.363636E+00   -1.321635E-15
    6.596431E-02    4.000000E-01    1.250000E+00    6.464646E+00   -8.202647E-16
    6.596431E-02    4.000000E-01    1.250000E+00    6.565657E+00   -3.188941E-16
    6.596431E-02    4.000000E-01    1.250000E+00    6.666667E+00   -5.295250E-19
    6.596431E-02    4.000000E-01    1.250000E+00    6.767677E+00   -4.249703E-19
    6.596431E-02    4.000000E-01    1.250000E+00    6.868687E+00   -3.204156E-19
    6.596431E-02    4.000000E-01    1.250000E+00    6.969697E+00   -2.158608E-19
    6.596431E-02    4.000000E-01    1.250000E+00    7.070707E+00   -1.113061E-19
    6.596431E-02    4.000000E-01    1.250000E+00    7.171717E+00   -6.751379E-21
    6.596431E-02    4.000000E-01    1.250000E+00    7.272727E+00   -1.709743E-26
    6.596431E-02    4.000000E-01    1.250000E+00    7.373737E+00   -1.458936E-26
    6.596431E-02    4.000000E-01    1.250000E+00    7.474747E+00   -1.208129E-26
    6.596431E-02    4.000000E-01    1.250000E+00    7.575758E+00   -9.573222E-27
    6.596431E-02    4.000000E-01    1.250000E+00    7.676768E+00   -7.065153E-27
    6.596431E-02    4.000000E-01    1.250000E+00    7.777778E+00   -4.557083E-27
    6.596431E-02    4.000000E-01    1.250000E+00    7.878788E+00   -2.049013E-27
    6.596431E-02    4.000000E-01    1.250000E+00    7.979798E+00   -3.478322E-33
    6.596431E-02    4.000000E-01    1.250000E+00    8.080808E+00   -3.730493E-33
    6.596431E-02    4.000000E-01    1.250000E+00    8.181818E+00   -3.982663E-33
    6.596431E-02    4.000000E-01    1.250000E+00    8.282828E+00   -4.234834E-33
    6.596431E-02    4.000000E-01    1.250000E+00    8.383838E+00   -4.487005E-33
    6.596431E-02    4.000000E-01    1.250000E+00    8.484848E+00   -4.739175E-33
    6.596431E-02    4.000000E-01    1.250000E+00    8.585859E+00   -4.991346E-33
    6.596431E-02    4.000000E-01    1.250000E+00    8.686869E+00   -5.243516E-33
    6.596431E-02    4.000000E-01    1.250000E+00    8.787879E+00   -5.495687E-33
    6.596431E-02    4.000000E-01    1.250000E+00    8.888889E+00   -5.747857E-33
    6.596431E-02    4.000000E-01    1.250000E+00    8.989899E+00   -6.021811E-33
    6.596431E-02    4.000000E-01    1.250000E+00    9.090909E+00   -6.403336E-33
    6.596431E-02    4.000000E-01    1.250000E+00    9.191919E+00   -6.784861E-33
    6.596431E-02    4.000000E-01    1.250000E+00    9.292929E+00   -7.166386E-33
    6.596431E-02    4.000000E-01    1.250000E+00    9.393939E+00   -7.547911E-33
    6.596431E-02    4.000000E-01    1.250000E+00    9.494949E+00   -7.929435E-33
    6.596431E-02    4.000000E-01    1.250000E+00    9.595960E+00   -8.310960E-33
    6.596431E-02    4.000000E-01    1.250000E+00    9.696970E+00   -8.692485E-33
    6.596431E-02    4.000000E-01    1.250000E+00    9.797980E+00   -9.074010E-33
    6.596431E-02    4.000000E-01    1.250000E+00    9.898990E+00   -9.455535E-33
    6.596431E-02    4.000000E-01    1.250000E+00    1.000000E+01   -9.837060E-33

    6.596431E-02    5.000000E-01    1.250000E+00    0.000000E+00    1.039651E-05
    6.596431E-02    5.000000E-01    1.250000E+00    1.010101E-01    1.036520E-05
    6.596431E-02    5.000000E-01    1.250000E+00    2.020202E-01    1.027163E-05
    6.596431E-02    5.000000E-01    1.250000E+00    3.030303E-01    1.011562E-05
    6.596431E-02    5.000000E-01    1.250000E+00    4.040404E-01    9.898021E-06
    6.596431E-02    5.000000E-01    1.250000E+00    5.050505E-01    9.618848E-06
    6.596431E-02    5.000000E-01    1.250000E+00    6.060606E-01    9.277156E-06
    6.596431E-02    5.000000E-01    1.250000E+00    7.070707E-01    8.873084E-06
    6.596431E-02    5.000000E-01    1.250000E+00    8.080808E-01    8.405017E-06
    6.596431E-02    5.000000E-01    1.250000E+00    9.090909E-01    7.871075E-06
    6.596431E-02    5.000000E-01    1.250000E+00    1.010101E+00    7.269055E-06
    6.596431E-02    5.000000E-01    1.250000E+00    1.111111E+00    6.596835E-06
    6.596431E-02    5.000000E-01    1.250000E+00    1.212121E+00    5.853059E-06
    6.596431E-02    5.000000E-01    1.250000E+00    1.313131E+00    5.037657E-06
    6.596431E-02    5.000000E-01    1.250000E+00    1.414141E+00    4.152481E-06
    6.596431E-02    5.000000E-01    1.250000E+00    1.515152E+00    3.201159E-06
    6.596431E-02    5.000000E-01    1.250000E+00    1.616162E+00    2.188374E-06
    6.596431E-02    5.000000E-01    1.250000E+00    1.717172E+00    1.122175E-06
    6.596431E-02    5.000000E-01    1.250000E+00    1.818182E+00    1.427703E-08
    6.596431E-02    5.000000E-01    1.250000E+00    1.919192E+00   -1.115191E-06
    6.596431E-02    5.000000E-01    1.250000E+00    2.020202E+00   -2.236081E-06
    6.596431E-02    5.000000E-01    1.250000E+00    2.121212E+00   -3.313203E-06
    6.596431E-02    5.000000E-01    1.250000E+00    2.222222E+00   -4.304119E-06
    6.596431E-02    5.000000E-01    1.250000E+00    2.323232E+00   -5.140413E-06
    6.596431E-02    5.000000E-01    1.250000E+00    2.424242E+00   -5.796801E-06
    6.596431E-02    5.000000E-01    1.250000E+00    2.525253E+00   -6.249510E-06
    6.596431E-02    5.000000E-01    1.250000E+00    2.626263E+00   -6.495626E-06
    6.596431E-02    5.000000E-01    1.250000E+00    2.727273E+00   -6.549723E-06
    6.596431E-02    5.000000E-01    1.250000E+00    2.828283E+00   -6.413720E-06
    6.596431E-02    5.000000E-01    1.250000E+00    2.929293E+00   -6.111759E-06
    6.596431E-02    5.000000E-01    1.250000E+00    3.030303E+00   -5.644707E-06
    6.596431E-02    5.000000E-01    1.250000E+00    3.131313E+00   -5.021285E-06
    6.596431E-02    5.000000E-01    1.250000E+00    3.232323E+00   -4.273752E-06
    6.596431E-02    5.000000E-01    1.250000E+00    3.333333E+00   -3.480843E-06
    6.596431E-02    5.000000E-01    1.250000E+00    3.434343E+00   -2.714634E-06
    6.596431E-02    5.000000E-01    1.250000E+00    3.535354E+00   -2.013073E-06
    6.596431E-02    5.000000E-01    1.250000E+00    3.636364E+00   -1.456264E-06
    6.596431E-02    5.000000E-01    1.250000E+00    3.737374E+00   -1.011595E-06
    6.596431E-02    5.000000E-01    1.250000E+00    3.838384E+00   -6.409604E-07
    6.596431E-02    5.000000E-01    1.250000E+00    3.939394E+00   -4.278623E-07
    6.596431E-02    5.000000E-01    1.250000E+00    4.040404E+00   -2.493942E-07
    6.596431E-02    5.000000E-01    1.250000E+00    4.141414E+00   -1.502131E-07
    6.596431E-02    5.000000E-01    1.250000E+00    4.242424E+00   -8.013610E-08
    6.596431E-02    5.000000E-01    1.250000E+00    4.343434E+00   -4.326752E-08
    6.596431E-02    5.000000E-01    1.250000E+00    4.444444E+00   -2.079577E-08
    6.596431E-02    5.000000E-01    1.250000E+00    4.545455E+00   -1.009753E-08
    6.596431E-02    5.000000E-01    1.250000E+00    4.646465E+00   -4.257423E-09
    6.596431E-02    5.000000E-01    1.250000E+00    4.747475E+00   -1.868944E-09
    6.596431E-02    5.000000E-01    1.250000E+00    4.848485E+00   -6.736957E-10
    6.596431E-02    5.000000E-01    1.250000E+00    4.949495E+00   -2.644666E-10
    6.596431E-02    5.000000E-01    1.250000E+00    5.050505E+00   -8.134786E-11
    6.596431E-02    5.000000E-01    1.250000E+00    5.151515E+00   -2.686849E-11
    6.596431E-02    5.000000E-01    1.250000E+00    5.252525E+00   -7.454385E-12
    6.596431E-02    5.000000E-01    1.250000E+00    5.353535E+00   -1.647457E-12
    6.596431E-02    5.000000E-01    1.250000E+00    5.454545E+00   -5.109983E-13
    6.596431E-02    5.000000E-01    1.250000E+00    5.555556E+00   -6.537813E-14
    6.596431E-02    5.000000E-01    1.250000E+00    5.656566E+00   -2.330574E-14
    6.596431E-02    5.000000E-01    1.250000E+00    5.757576E+00   -3.252508E-15
    6.596431E-02    5.000000E-01    1.250000E+00    5.858586E+00   -3.513803E-16
    6.596431E-02    5.000000E-01    1.250000E+00    5.959596E+00   -6.187440E-17
    6.596431E-02    5.000000E-01    1.250000E+00    6.060606E+00   -7.873884E-18
    6.596431E-02    5.000000E-01    1.250000E+00    6.161616E+00   -6.756009E-19
    6.596431E-02    5.000000E-01    1.250000E+00    6.262626E+00   -8.080899E-20
    6.596431E-02    5.000000E-01    1.250000E+00    6.363636E+00   -1.377867E-20
    6.596431E-02    5.000000E-01    1.250000E+00    6.464646E+00   -8.551645E-21
    6.596431E-02    5.000000E-01    1.250000E+00    6.565657E+00   -3.324621E-21
    6.596431E-02    5.000000E-01    1.250000E+00    6.666667E+00   -5.520701E-24
    6.596431E-02    5.000000E-01    1.250000E+00    6.767677E+00   -4.430639E-24
    6.596431E-02    5.000000E-01    1.250000E+00    6.868687E+00   -3.340576E-24
    6.596431E-02    5.000000E-01    1.250000E+00    6.969697E+00   -2.250514E-24
    6.596431E-02    5.000000E-01    1.250000E+00    7.070707E+00   -1.160451E-24
    6.596431E-02    5.000000E-01    1.250000E+00    7.171717E+00   -7.038826E-26
    6.596431E-02    5.000000E-01    1.250000E+00    7.272727E+00   -1.782614E-31
    6.596431E-02    5.000000E-01    1.250000E+00    7.373737E+00   -1.521117E-31
    6.596431E-02    5.000000E-01    1.250000E+00    7.474747E+00   -1.259621E-31
    6.596431E-02    5.000000E-01    1.250000E+00    7.575758E+00   -9.981241E-32
    6.596431E-02    5.000000E-01    1.250000E+00    7.676768E+00   -7.366275E-32
    6.596431E-02    5.000000E-01    1.250000E+00    7.777778E+00   -4.751310E-32
    6.596431E-02    5.000000E-01    1.250000E+00    7.878788E+00   -2.136344E-32
    6.596431E-02    5.000000E-01    1.250000E+00    7.979798E+00   -3.608781E-38
    6.596431E-02    5.000000E-01    1.250000E+00    8.080808E+00   -3.870710E-38
    6.596431E-02    5.000000E-01    1.250000E+00    8.181818E+00   -4.132639E-38
    6.596431E-02    5.000000E-01    1.250000E+00    8.282828E+00   -4.394568E-38
    6.596431E-02    5.000000E-01    1.250000E+00    8.383838E+00   -4.656497E-38
    6.596431E-02    5.000000E-01    1.250000E+00    8.484848E+00   -4.918426E-38
    6.596431E-02    5.000000E-01    1.250000E+00    8.585859E+00   -5.180355E-38
    6.596431E-02    5.000000E-01    1.250000E+00    8.686869E+00   -5.442284E-38
    6.596431E-02    5.000000E-01    1.250000E+00    8.787879E+00   -5.704213E-38
    6.596431E-02    5.000000E-01    1.250000E+00    8.888889E+00   -5.966142E-38
    6.596431E-02    5.000000E-01    1.250000E+00    8.989899E+00   -6.250713E-38
    6.596431E-02    5.000000E-01    1.250000E+00    9.090909E+00   -6.647092E-38
    6.596431E-02    5.000000E-01    1.250000E+00    9.191919E+00   -7.043472E-38
    6.596431E-02    5.000000E-01    1.250000E+00    9.292929E+00   -7.439852E-38
    6.596431E-02    5.000000E-01    1.250000E+00    9.393939E+00   -7.836231E-38
    6.596431E-02    5.000000E-01    1.250000E+00    9.494949E+00   -8.232611E-38
    6.596431E-02    5.000000E-01    1.250000E+00    9.595960E+00   -8.628991E-38
    6.596431E-02    5.000000E-01    1.250000E+00    9.696970E+00   -9.025370E-38
    6.596431E-02    5.000000E-01    1.250000E+00    9.797980E+00   -9.421750E-38
    6.596431E-02    5.000000E-01    1.250000E+00    9.898990E+00   -9.818130E-38
    6.596431E-02    5.000000E-01    1.250000E+00    1.000000E+01   -1.021451E-37

