#     k [MeV]       Xi [MeV]       1/2/Xi [MeV-1]     e(k) [MeV]     Xi_qp [MeV]


# rho=   0.02000 temp=   0.90000
    0.719171E+00    0.161410E+02    0.309770E-01   -0.809530E+01    0.141035E+02
    0.376071E+01    0.161331E+02    0.309921E-01   -0.808618E+01    0.140943E+02
    0.911723E+01    0.160936E+02    0.310683E-01   -0.804422E+01    0.140524E+02
    0.165964E+02    0.159829E+02    0.312833E-01   -0.793082E+01    0.139390E+02
    0.259280E+02    0.157566E+02    0.317327E-01   -0.769573E+01    0.137039E+02
    0.367748E+02    0.153689E+02    0.325331E-01   -0.729020E+01    0.132984E+02
    0.487449E+02    0.147831E+02    0.338224E-01   -0.667519E+01    0.126834E+02
    0.614055E+02    0.139842E+02    0.357547E-01   -0.584140E+01    0.118496E+02
    0.742991E+02    0.129808E+02    0.385186E-01   -0.481482E+01    0.108231E+02
    0.869598E+02    0.118087E+02    0.423417E-01   -0.365748E+01    0.966606E+01
    0.989298E+02    0.105310E+02    0.474790E-01   -0.245104E+01    0.846060E+01
    0.109777E+03    0.923103E+01    0.541651E-01   -0.127444E+01    0.728706E+01
    0.119108E+03    0.800778E+01    0.624393E-01   -0.201271E+00    0.622196E+01
    0.126587E+03    0.696426E+01    0.717952E-01    0.700583E+00    0.533681E+01
    0.131944E+03    0.619032E+01    0.807713E-01    0.137030E+01    0.469179E+01
    0.134985E+03    0.574543E+01    0.870256E-01    0.175985E+01    0.432471E+01
    0.135777E+03    0.562932E+01    0.888207E-01    0.186234E+01    0.422946E+01
    0.136084E+03    0.558428E+01    0.895371E-01    0.190221E+01    0.419258E+01
    0.136631E+03    0.550427E+01    0.908386E-01    0.197343E+01    0.412694E+01
    0.137408E+03    0.539041E+01    0.927574E-01    0.207515E+01    0.403380E+01
    0.138405E+03    0.524475E+01    0.953333E-01    0.220610E+01    0.391498E+01
    0.139603E+03    0.507038E+01    0.986119E-01    0.236464E+01    0.377295E+01
    0.140983E+03    0.487081E+01    0.102652E+00    0.254872E+01    0.361083E+01
    0.142523E+03    0.465038E+01    0.107518E+00    0.275592E+01    0.343242E+01
    0.144198E+03    0.441453E+01    0.113262E+00    0.298343E+01    0.324223E+01
    0.145979E+03    0.416963E+01    0.119915E+00    0.322807E+01    0.304543E+01
    0.147838E+03    0.392271E+01    0.127463E+00    0.348626E+01    0.284774E+01
    0.149744E+03    0.368126E+01    0.135823E+00    0.375412E+01    0.265521E+01
    0.151665E+03    0.345278E+01    0.144811E+00    0.402747E+01    0.247389E+01
    0.153571E+03    0.324434E+01    0.154114E+00    0.430192E+01    0.230936E+01
    0.155430E+03    0.306199E+01    0.163293E+00    0.457294E+01    0.216620E+01
    0.157212E+03    0.290989E+01    0.171828E+00    0.483591E+01    0.204756E+01
    0.158886E+03    0.278965E+01    0.179234E+00    0.508612E+01    0.195475E+01
    0.160426E+03    0.270131E+01    0.185095E+00    0.531892E+01    0.188712E+01
    0.161806E+03    0.264798E+01    0.188823E+00    0.552980E+01    0.184218E+01
    0.163005E+03    0.262853E+01    0.190221E+00    0.571456E+01    0.181593E+01
    0.164001E+03    0.258034E+01    0.193773E+00    0.586942E+01    0.180356E+01
    0.164779E+03    0.302178E+01    0.165465E+00    0.599113E+01    0.180005E+01
    0.165326E+03    0.258623E+01    0.193332E+00    0.607711E+01    0.180088E+01
    0.165632E+03    0.259357E+01    0.192785E+00    0.612552E+01    0.180255E+01
    0.165777E+03    0.258298E+01    0.193575E+00    0.614833E+01    0.180364E+01
    0.166084E+03    0.256268E+01    0.195108E+00    0.619690E+01    0.180659E+01
    0.166631E+03    0.257959E+01    0.193829E+00    0.628372E+01    0.181404E+01
    0.167408E+03    0.261022E+01    0.191555E+00    0.640785E+01    0.182949E+01
    0.168405E+03    0.263990E+01    0.189401E+00    0.656789E+01    0.185765E+01
    0.169603E+03    0.268913E+01    0.185933E+00    0.676200E+01    0.190403E+01
    0.170983E+03    0.277326E+01    0.180293E+00    0.698789E+01    0.197434E+01
    0.172523E+03    0.289076E+01    0.172965E+00    0.724282E+01    0.207382E+01
    0.174198E+03    0.304631E+01    0.164133E+00    0.752354E+01    0.220643E+01
    0.175979E+03    0.324274E+01    0.154191E+00    0.782630E+01    0.237419E+01
    0.177838E+03    0.347848E+01    0.143741E+00    0.814687E+01    0.257672E+01
    0.179744E+03    0.374915E+01    0.133364E+00    0.848049E+01    0.281109E+01
    0.181665E+03    0.404886E+01    0.123492E+00    0.882197E+01    0.307205E+01
    0.183571E+03    0.436940E+01    0.114432E+00    0.916579E+01    0.335256E+01
    0.185430E+03    0.470114E+01    0.106357E+00    0.950612E+01    0.364448E+01
    0.187212E+03    0.503410E+01    0.993227E-01    0.983693E+01    0.393912E+01
    0.188886E+03    0.535852E+01    0.933094E-01    0.101522E+02    0.422777E+01
    0.190426E+03    0.566552E+01    0.882532E-01    0.104457E+02    0.450214E+01
    0.191806E+03    0.594677E+01    0.840792E-01    0.107119E+02    0.475455E+01
    0.193005E+03    0.619504E+01    0.807097E-01    0.109452E+02    0.497815E+01
    0.194001E+03    0.640415E+01    0.780744E-01    0.111408E+02    0.516701E+01
    0.194779E+03    0.656895E+01    0.761156E-01    0.112946E+02    0.531625E+01
    0.195326E+03    0.668551E+01    0.747886E-01    0.114032E+02    0.542203E+01
    0.195632E+03    0.675118E+01    0.740611E-01    0.114644E+02    0.548171E+01
    0.196031E+03    0.683679E+01    0.731338E-01    0.115440E+02    0.555947E+01
    0.197420E+03    0.713753E+01    0.700523E-01    0.118235E+02    0.583351E+01
    0.199909E+03    0.768452E+01    0.650659E-01    0.123314E+02    0.633447E+01
    0.203480E+03    0.848564E+01    0.589231E-01    0.130763E+02    0.707366E+01
    0.208110E+03    0.954882E+01    0.523625E-01    0.140699E+02    0.806381E+01
    0.213770E+03    0.108821E+02    0.459468E-01    0.153262E+02    0.931862E+01
    0.220429E+03    0.124952E+02    0.400153E-01    0.168627E+02    0.108547E+02
    0.228052E+03    0.144004E+02    0.347212E-01    0.187019E+02    0.126937E+02
    0.236607E+03    0.166129E+02    0.300971E-01    0.208731E+02    0.148650E+02
    0.246062E+03    0.191503E+02    0.261092E-01    0.234138E+02    0.174057E+02
    0.256391E+03    0.220342E+02    0.226920E-01    0.263589E+02    0.203508E+02
    0.267572E+03    0.252872E+02    0.197729E-01    0.297095E+02    0.237013E+02
    0.279588E+03    0.289369E+02    0.172790E-01    0.334689E+02    0.274608E+02
    0.292433E+03    0.330147E+02    0.151448E-01    0.376792E+02    0.316711E+02
    0.306108E+03    0.375564E+02    0.133133E-01    0.423465E+02    0.363383E+02
    0.320626E+03    0.426040E+02    0.117360E-01    0.474786E+02    0.414704E+02
    0.336011E+03    0.482066E+02    0.103720E-01    0.531443E+02    0.471361E+02
    0.352301E+03    0.544223E+02    0.918741E-02    0.593804E+02    0.533722E+02
    0.369548E+03    0.613201E+02    0.815393E-02    0.662642E+02    0.602560E+02
    0.387825E+03    0.689834E+02    0.724812E-02    0.738654E+02    0.678573E+02
    0.407223E+03    0.775135E+02    0.645049E-02    0.822874E+02    0.762793E+02
    0.427863E+03    0.870356E+02    0.574477E-02    0.916591E+02    0.856509E+02
    0.449895E+03    0.977054E+02    0.511742E-02    0.102147E+03    0.961386E+02
    0.473511E+03    0.109720E+03    0.455706E-02    0.113957E+03    0.107948E+03
    0.498958E+03    0.123332E+03    0.405410E-02    0.127343E+03    0.121335E+03
    0.526553E+03    0.138871E+03    0.360046E-02    0.142639E+03    0.136631E+03
    0.556711E+03    0.156777E+03    0.318924E-02    0.160286E+03    0.154278E+03
    0.589989E+03    0.177651E+03    0.281450E-02    0.180877E+03    0.174869E+03
    0.627150E+03    0.202343E+03    0.247105E-02    0.205251E+03    0.199242E+03
    0.669280E+03    0.232100E+03    0.215425E-02    0.234643E+03    0.228635E+03
    0.717992E+03    0.268840E+03    0.185984E-02    0.270993E+03    0.264985E+03
    0.775832E+03    0.315713E+03    0.158371E-02    0.317445E+03    0.311437E+03
    0.847164E+03    0.378385E+03    0.132140E-02    0.379627E+03    0.373619E+03
    0.940450E+03    0.468482E+03    0.106728E-02    0.469021E+03    0.463012E+03
    0.107579E+04    0.615716E+03    0.812062E-03    0.615085E+03    0.609076E+03
    0.132564E+04    0.939519E+03    0.532187E-03    0.936897E+03    0.930889E+03
