
#   rho [fm-3]      T [MeV]      kf [fm-1]       k [MeV]       av Gap(k) [MeV]       Xi (k)       SigmaHF(k)       Momdis n(k)       Gap_L1       Gap_L2
    4.221716E-03    1.000000E-01    5.000000E-01    0.000000E+00    2.070495E+00
    4.221716E-03    1.000000E-01    5.000000E-01    1.010101E-01    2.059225E+00
    4.221716E-03    1.000000E-01    5.000000E-01    2.020202E-01    2.025747E+00
    4.221716E-03    1.000000E-01    5.000000E-01    3.030303E-01    1.970777E+00
    4.221716E-03    1.000000E-01    5.000000E-01    4.040404E-01    1.895670E+00
    4.221716E-03    1.000000E-01    5.000000E-01    5.050505E-01    1.802369E+00
    4.221716E-03    1.000000E-01    5.000000E-01    6.060606E-01    1.693305E+00
    4.221716E-03    1.000000E-01    5.000000E-01    7.070707E-01    1.571231E+00
    4.221716E-03    1.000000E-01    5.000000E-01    8.080808E-01    1.438857E+00
    4.221716E-03    1.000000E-01    5.000000E-01    9.090909E-01    1.298913E+00
    4.221716E-03    1.000000E-01    5.000000E-01    1.010101E+00    1.153604E+00
    4.221716E-03    1.000000E-01    5.000000E-01    1.111111E+00    1.004767E+00
    4.221716E-03    1.000000E-01    5.000000E-01    1.212121E+00    8.538634E-01
    4.221716E-03    1.000000E-01    5.000000E-01    1.313131E+00    7.020377E-01
    4.221716E-03    1.000000E-01    5.000000E-01    1.414141E+00    5.502090E-01
    4.221716E-03    1.000000E-01    5.000000E-01    1.515152E+00    3.991671E-01
    4.221716E-03    1.000000E-01    5.000000E-01    1.616162E+00    2.495498E-01
    4.221716E-03    1.000000E-01    5.000000E-01    1.717172E+00    1.023504E-01
    4.221716E-03    1.000000E-01    5.000000E-01    1.818182E+00   -4.153182E-02
    4.221716E-03    1.000000E-01    5.000000E-01    1.919192E+00   -1.802795E-01
    4.221716E-03    1.000000E-01    5.000000E-01    2.020202E+00   -3.104688E-01
    4.221716E-03    1.000000E-01    5.000000E-01    2.121212E+00   -4.299047E-01
    4.221716E-03    1.000000E-01    5.000000E-01    2.222222E+00   -5.347403E-01
    4.221716E-03    1.000000E-01    5.000000E-01    2.323232E+00   -6.192877E-01
    4.221716E-03    1.000000E-01    5.000000E-01    2.424242E+00   -6.818986E-01
    4.221716E-03    1.000000E-01    5.000000E-01    2.525253E+00   -7.184645E-01
    4.221716E-03    1.000000E-01    5.000000E-01    2.626263E+00   -7.216891E-01
    4.221716E-03    1.000000E-01    5.000000E-01    2.727273E+00   -7.070108E-01
    4.221716E-03    1.000000E-01    5.000000E-01    2.828283E+00   -6.923325E-01
    4.221716E-03    1.000000E-01    5.000000E-01    2.929293E+00   -6.491657E-01
    4.221716E-03    1.000000E-01    5.000000E-01    3.030303E+00   -5.760257E-01
    4.221716E-03    1.000000E-01    5.000000E-01    3.131313E+00   -5.028857E-01
    4.221716E-03    1.000000E-01    5.000000E-01    3.232323E+00   -4.297457E-01
    4.221716E-03    1.000000E-01    5.000000E-01    3.333333E+00   -3.566057E-01
    4.221716E-03    1.000000E-01    5.000000E-01    3.434343E+00   -2.854635E-01
    4.221716E-03    1.000000E-01    5.000000E-01    3.535354E+00   -2.495839E-01
    4.221716E-03    1.000000E-01    5.000000E-01    3.636364E+00   -2.137043E-01
    4.221716E-03    1.000000E-01    5.000000E-01    3.737374E+00   -1.778247E-01
    4.221716E-03    1.000000E-01    5.000000E-01    3.838384E+00   -1.419452E-01
    4.221716E-03    1.000000E-01    5.000000E-01    3.939394E+00   -1.060656E-01
    4.221716E-03    1.000000E-01    5.000000E-01    4.040404E+00   -7.018597E-02
    4.221716E-03    1.000000E-01    5.000000E-01    4.141414E+00   -3.430638E-02
    4.221716E-03    1.000000E-01    5.000000E-01    4.242424E+00   -8.762356E-03
    4.221716E-03    1.000000E-01    5.000000E-01    4.343434E+00   -7.861567E-03
    4.221716E-03    1.000000E-01    5.000000E-01    4.444444E+00   -6.960778E-03
    4.221716E-03    1.000000E-01    5.000000E-01    4.545455E+00   -6.059989E-03
    4.221716E-03    1.000000E-01    5.000000E-01    4.646465E+00   -5.159199E-03
    4.221716E-03    1.000000E-01    5.000000E-01    4.747475E+00   -4.258410E-03
    4.221716E-03    1.000000E-01    5.000000E-01    4.848485E+00   -3.357621E-03
    4.221716E-03    1.000000E-01    5.000000E-01    4.949495E+00   -2.456832E-03
    4.221716E-03    1.000000E-01    5.000000E-01    5.050505E+00   -1.556043E-03
    4.221716E-03    1.000000E-01    5.000000E-01    5.151515E+00   -6.552534E-04
    4.221716E-03    1.000000E-01    5.000000E-01    5.252525E+00   -7.478867E-07
    4.221716E-03    1.000000E-01    5.000000E-01    5.353535E+00   -6.854823E-07
    4.221716E-03    1.000000E-01    5.000000E-01    5.454545E+00   -6.230778E-07
    4.221716E-03    1.000000E-01    5.000000E-01    5.555556E+00   -5.606734E-07
    4.221716E-03    1.000000E-01    5.000000E-01    5.656566E+00   -4.982690E-07
    4.221716E-03    1.000000E-01    5.000000E-01    5.757576E+00   -4.358646E-07
    4.221716E-03    1.000000E-01    5.000000E-01    5.858586E+00   -3.734602E-07
    4.221716E-03    1.000000E-01    5.000000E-01    5.959596E+00   -3.110558E-07
    4.221716E-03    1.000000E-01    5.000000E-01    6.060606E+00   -2.486514E-07
    4.221716E-03    1.000000E-01    5.000000E-01    6.161616E+00   -1.862470E-07
    4.221716E-03    1.000000E-01    5.000000E-01    6.262626E+00   -1.238426E-07
    4.221716E-03    1.000000E-01    5.000000E-01    6.363636E+00   -6.143815E-08
    4.221716E-03    1.000000E-01    5.000000E-01    6.464646E+00   -2.699628E-13
    4.221716E-03    1.000000E-01    5.000000E-01    6.565657E+00   -2.513639E-13
    4.221716E-03    1.000000E-01    5.000000E-01    6.666667E+00   -2.327649E-13
    4.221716E-03    1.000000E-01    5.000000E-01    6.767677E+00   -2.141660E-13
    4.221716E-03    1.000000E-01    5.000000E-01    6.868687E+00   -1.955671E-13
    4.221716E-03    1.000000E-01    5.000000E-01    6.969697E+00   -1.769681E-13
    4.221716E-03    1.000000E-01    5.000000E-01    7.070707E+00   -1.583692E-13
    4.221716E-03    1.000000E-01    5.000000E-01    7.171717E+00   -1.397703E-13
    4.221716E-03    1.000000E-01    5.000000E-01    7.272727E+00   -1.211713E-13
    4.221716E-03    1.000000E-01    5.000000E-01    7.373737E+00   -1.025724E-13
    4.221716E-03    1.000000E-01    5.000000E-01    7.474747E+00   -8.397349E-14
    4.221716E-03    1.000000E-01    5.000000E-01    7.575758E+00   -6.537456E-14
    4.221716E-03    1.000000E-01    5.000000E-01    7.676768E+00   -4.677563E-14
    4.221716E-03    1.000000E-01    5.000000E-01    7.777778E+00   -2.817670E-14
    4.221716E-03    1.000000E-01    5.000000E-01    7.878788E+00   -9.577766E-15
    4.221716E-03    1.000000E-01    5.000000E-01    7.979798E+00   -3.116099E-25
    4.221716E-03    1.000000E-01    5.000000E-01    8.080808E+00   -2.926715E-25
    4.221716E-03    1.000000E-01    5.000000E-01    8.181818E+00   -2.737331E-25
    4.221716E-03    1.000000E-01    5.000000E-01    8.282828E+00   -2.547947E-25
    4.221716E-03    1.000000E-01    5.000000E-01    8.383838E+00   -2.358564E-25
    4.221716E-03    1.000000E-01    5.000000E-01    8.484848E+00   -2.169180E-25
    4.221716E-03    1.000000E-01    5.000000E-01    8.585859E+00   -1.979796E-25
    4.221716E-03    1.000000E-01    5.000000E-01    8.686869E+00   -1.790412E-25
    4.221716E-03    1.000000E-01    5.000000E-01    8.787879E+00   -1.601028E-25
    4.221716E-03    1.000000E-01    5.000000E-01    8.888889E+00   -1.411644E-25
    4.221716E-03    1.000000E-01    5.000000E-01    8.989899E+00   -1.222260E-25
    4.221716E-03    1.000000E-01    5.000000E-01    9.090909E+00   -1.032877E-25
    4.221716E-03    1.000000E-01    5.000000E-01    9.191919E+00   -8.434927E-26
    4.221716E-03    1.000000E-01    5.000000E-01    9.292929E+00   -6.541089E-26
    4.221716E-03    1.000000E-01    5.000000E-01    9.393939E+00   -4.647250E-26
    4.221716E-03    1.000000E-01    5.000000E-01    9.494949E+00   -2.753412E-26
    4.221716E-03    1.000000E-01    5.000000E-01    9.595960E+00   -8.595733E-27
    4.221716E-03    1.000000E-01    5.000000E-01    9.696970E+00   -9.324616E-33
    4.221716E-03    1.000000E-01    5.000000E-01    9.797980E+00   -9.920039E-33
    4.221716E-03    1.000000E-01    5.000000E-01    9.898990E+00   -1.051546E-32
    4.221716E-03    1.000000E-01    5.000000E-01    1.000000E+01   -1.111089E-32

    4.221716E-03    2.000000E-01    5.000000E-01    0.000000E+00    2.068857E+00
    4.221716E-03    2.000000E-01    5.000000E-01    1.010101E-01    2.057595E+00
    4.221716E-03    2.000000E-01    5.000000E-01    2.020202E-01    2.024143E+00
    4.221716E-03    2.000000E-01    5.000000E-01    3.030303E-01    1.969213E+00
    4.221716E-03    2.000000E-01    5.000000E-01    4.040404E-01    1.894162E+00
    4.221716E-03    2.000000E-01    5.000000E-01    5.050505E-01    1.800929E+00
    4.221716E-03    2.000000E-01    5.000000E-01    6.060606E-01    1.691945E+00
    4.221716E-03    2.000000E-01    5.000000E-01    7.070707E-01    1.569958E+00
    4.221716E-03    2.000000E-01    5.000000E-01    8.080808E-01    1.437676E+00
    4.221716E-03    2.000000E-01    5.000000E-01    9.090909E-01    1.297830E+00
    4.221716E-03    2.000000E-01    5.000000E-01    1.010101E+00    1.152618E+00
    4.221716E-03    2.000000E-01    5.000000E-01    1.111111E+00    1.003881E+00
    4.221716E-03    2.000000E-01    5.000000E-01    1.212121E+00    8.530775E-01
    4.221716E-03    2.000000E-01    5.000000E-01    1.313131E+00    7.013522E-01
    4.221716E-03    2.000000E-01    5.000000E-01    1.414141E+00    5.496243E-01
    4.221716E-03    2.000000E-01    5.000000E-01    1.515152E+00    3.986836E-01
    4.221716E-03    2.000000E-01    5.000000E-01    1.616162E+00    2.491680E-01
    4.221716E-03    2.000000E-01    5.000000E-01    1.717172E+00    1.020704E-01
    4.221716E-03    2.000000E-01    5.000000E-01    1.818182E+00   -4.171041E-02
    4.221716E-03    2.000000E-01    5.000000E-01    1.919192E+00   -1.803582E-01
    4.221716E-03    2.000000E-01    5.000000E-01    2.020202E+00   -3.104514E-01
    4.221716E-03    2.000000E-01    5.000000E-01    2.121212E+00   -4.297968E-01
    4.221716E-03    2.000000E-01    5.000000E-01    2.222222E+00   -5.345502E-01
    4.221716E-03    2.000000E-01    5.000000E-01    2.323232E+00   -6.190278E-01
    4.221716E-03    2.000000E-01    5.000000E-01    2.424242E+00   -6.815828E-01
    4.221716E-03    2.000000E-01    5.000000E-01    2.525253E+00   -7.181098E-01
    4.221716E-03    2.000000E-01    5.000000E-01    2.626263E+00   -7.213183E-01
    4.221716E-03    2.000000E-01    5.000000E-01    2.727273E+00   -7.066362E-01
    4.221716E-03    2.000000E-01    5.000000E-01    2.828283E+00   -6.919542E-01
    4.221716E-03    2.000000E-01    5.000000E-01    2.929293E+00   -6.488046E-01
    4.221716E-03    2.000000E-01    5.000000E-01    3.030303E+00   -5.757041E-01
    4.221716E-03    2.000000E-01    5.000000E-01    3.131313E+00   -5.026035E-01
    4.221716E-03    2.000000E-01    5.000000E-01    3.232323E+00   -4.295029E-01
    4.221716E-03    2.000000E-01    5.000000E-01    3.333333E+00   -3.564023E-01
    4.221716E-03    2.000000E-01    5.000000E-01    3.434343E+00   -2.852986E-01
    4.221716E-03    2.000000E-01    5.000000E-01    3.535354E+00   -2.494399E-01
    4.221716E-03    2.000000E-01    5.000000E-01    3.636364E+00   -2.135812E-01
    4.221716E-03    2.000000E-01    5.000000E-01    3.737374E+00   -1.777225E-01
    4.221716E-03    2.000000E-01    5.000000E-01    3.838384E+00   -1.418638E-01
    4.221716E-03    2.000000E-01    5.000000E-01    3.939394E+00   -1.060051E-01
    4.221716E-03    2.000000E-01    5.000000E-01    4.040404E+00   -7.014639E-02
    4.221716E-03    2.000000E-01    5.000000E-01    4.141414E+00   -3.428769E-02
    4.221716E-03    2.000000E-01    5.000000E-01    4.242424E+00   -8.758503E-03
    4.221716E-03    2.000000E-01    5.000000E-01    4.343434E+00   -7.858110E-03
    4.221716E-03    2.000000E-01    5.000000E-01    4.444444E+00   -6.957718E-03
    4.221716E-03    2.000000E-01    5.000000E-01    4.545455E+00   -6.057326E-03
    4.221716E-03    2.000000E-01    5.000000E-01    4.646465E+00   -5.156933E-03
    4.221716E-03    2.000000E-01    5.000000E-01    4.747475E+00   -4.256541E-03
    4.221716E-03    2.000000E-01    5.000000E-01    4.848485E+00   -3.356149E-03
    4.221716E-03    2.000000E-01    5.000000E-01    4.949495E+00   -2.455756E-03
    4.221716E-03    2.000000E-01    5.000000E-01    5.050505E+00   -1.555364E-03
    4.221716E-03    2.000000E-01    5.000000E-01    5.151515E+00   -6.549715E-04
    4.221716E-03    2.000000E-01    5.000000E-01    5.252525E+00   -7.541739E-07
    4.221716E-03    2.000000E-01    5.000000E-01    5.353535E+00   -6.912448E-07
    4.221716E-03    2.000000E-01    5.000000E-01    5.454545E+00   -6.283158E-07
    4.221716E-03    2.000000E-01    5.000000E-01    5.555556E+00   -5.653868E-07
    4.221716E-03    2.000000E-01    5.000000E-01    5.656566E+00   -5.024578E-07
    4.221716E-03    2.000000E-01    5.000000E-01    5.757576E+00   -4.395288E-07
    4.221716E-03    2.000000E-01    5.000000E-01    5.858586E+00   -3.765997E-07
    4.221716E-03    2.000000E-01    5.000000E-01    5.959596E+00   -3.136707E-07
    4.221716E-03    2.000000E-01    5.000000E-01    6.060606E+00   -2.507417E-07
    4.221716E-03    2.000000E-01    5.000000E-01    6.161616E+00   -1.878127E-07
    4.221716E-03    2.000000E-01    5.000000E-01    6.262626E+00   -1.248837E-07
    4.221716E-03    2.000000E-01    5.000000E-01    6.363636E+00   -6.195465E-08
    4.221716E-03    2.000000E-01    5.000000E-01    6.464646E+00   -2.918422E-13
    4.221716E-03    2.000000E-01    5.000000E-01    6.565657E+00   -2.717359E-13
    4.221716E-03    2.000000E-01    5.000000E-01    6.666667E+00   -2.516296E-13
    4.221716E-03    2.000000E-01    5.000000E-01    6.767677E+00   -2.315233E-13
    4.221716E-03    2.000000E-01    5.000000E-01    6.868687E+00   -2.114170E-13
    4.221716E-03    2.000000E-01    5.000000E-01    6.969697E+00   -1.913107E-13
    4.221716E-03    2.000000E-01    5.000000E-01    7.070707E+00   -1.712044E-13
    4.221716E-03    2.000000E-01    5.000000E-01    7.171717E+00   -1.510981E-13
    4.221716E-03    2.000000E-01    5.000000E-01    7.272727E+00   -1.309918E-13
    4.221716E-03    2.000000E-01    5.000000E-01    7.373737E+00   -1.108855E-13
    4.221716E-03    2.000000E-01    5.000000E-01    7.474747E+00   -9.077921E-14
    4.221716E-03    2.000000E-01    5.000000E-01    7.575758E+00   -7.067291E-14
    4.221716E-03    2.000000E-01    5.000000E-01    7.676768E+00   -5.056661E-14
    4.221716E-03    2.000000E-01    5.000000E-01    7.777778E+00   -3.046031E-14
    4.221716E-03    2.000000E-01    5.000000E-01    7.878788E+00   -1.035401E-14
    4.221716E-03    2.000000E-01    5.000000E-01    7.979798E+00   -3.379747E-25
    4.221716E-03    2.000000E-01    5.000000E-01    8.080808E+00   -3.174340E-25
    4.221716E-03    2.000000E-01    5.000000E-01    8.181818E+00   -2.968933E-25
    4.221716E-03    2.000000E-01    5.000000E-01    8.282828E+00   -2.763525E-25
    4.221716E-03    2.000000E-01    5.000000E-01    8.383838E+00   -2.558118E-25
    4.221716E-03    2.000000E-01    5.000000E-01    8.484848E+00   -2.352711E-25
    4.221716E-03    2.000000E-01    5.000000E-01    8.585859E+00   -2.147303E-25
    4.221716E-03    2.000000E-01    5.000000E-01    8.686869E+00   -1.941896E-25
    4.221716E-03    2.000000E-01    5.000000E-01    8.787879E+00   -1.736489E-25
    4.221716E-03    2.000000E-01    5.000000E-01    8.888889E+00   -1.531081E-25
    4.221716E-03    2.000000E-01    5.000000E-01    8.989899E+00   -1.325674E-25
    4.221716E-03    2.000000E-01    5.000000E-01    9.090909E+00   -1.120267E-25
    4.221716E-03    2.000000E-01    5.000000E-01    9.191919E+00   -9.148594E-26
    4.221716E-03    2.000000E-01    5.000000E-01    9.292929E+00   -7.094520E-26
    4.221716E-03    2.000000E-01    5.000000E-01    9.393939E+00   -5.040447E-26
    4.221716E-03    2.000000E-01    5.000000E-01    9.494949E+00   -2.986374E-26
    4.221716E-03    2.000000E-01    5.000000E-01    9.595960E+00   -9.323004E-27
    4.221716E-03    2.000000E-01    5.000000E-01    9.696970E+00   -9.317859E-33
    4.221716E-03    2.000000E-01    5.000000E-01    9.797980E+00   -9.912862E-33
    4.221716E-03    2.000000E-01    5.000000E-01    9.898990E+00   -1.050786E-32
    4.221716E-03    2.000000E-01    5.000000E-01    1.000000E+01   -1.110287E-32

    4.221716E-03    3.000000E-01    5.000000E-01    0.000000E+00    2.064077E+00
    4.221716E-03    3.000000E-01    5.000000E-01    1.010101E-01    2.052842E+00
    4.221716E-03    3.000000E-01    5.000000E-01    2.020202E-01    2.019467E+00
    4.221716E-03    3.000000E-01    5.000000E-01    3.030303E-01    1.964666E+00
    4.221716E-03    3.000000E-01    5.000000E-01    4.040404E-01    1.889790E+00
    4.221716E-03    3.000000E-01    5.000000E-01    5.050505E-01    1.796774E+00
    4.221716E-03    3.000000E-01    5.000000E-01    6.060606E-01    1.688044E+00
    4.221716E-03    3.000000E-01    5.000000E-01    7.070707E-01    1.566341E+00
    4.221716E-03    3.000000E-01    5.000000E-01    8.080808E-01    1.434367E+00
    4.221716E-03    3.000000E-01    5.000000E-01    9.090909E-01    1.294844E+00
    4.221716E-03    3.000000E-01    5.000000E-01    1.010101E+00    1.149968E+00
    4.221716E-03    3.000000E-01    5.000000E-01    1.111111E+00    1.001574E+00
    4.221716E-03    3.000000E-01    5.000000E-01    1.212121E+00    8.511186E-01
    4.221716E-03    3.000000E-01    5.000000E-01    1.313131E+00    6.997429E-01
    4.221716E-03    3.000000E-01    5.000000E-01    1.414141E+00    5.483642E-01
    4.221716E-03    3.000000E-01    5.000000E-01    1.515152E+00    3.977707E-01
    4.221716E-03    3.000000E-01    5.000000E-01    1.616162E+00    2.485987E-01
    4.221716E-03    3.000000E-01    5.000000E-01    1.717172E+00    1.018388E-01
    4.221716E-03    3.000000E-01    5.000000E-01    1.818182E+00   -4.161214E-02
    4.221716E-03    3.000000E-01    5.000000E-01    1.919192E+00   -1.799422E-01
    4.221716E-03    3.000000E-01    5.000000E-01    2.020202E+00   -3.097374E-01
    4.221716E-03    3.000000E-01    5.000000E-01    2.121212E+00   -4.288097E-01
    4.221716E-03    3.000000E-01    5.000000E-01    2.222222E+00   -5.333237E-01
    4.221716E-03    3.000000E-01    5.000000E-01    2.323232E+00   -6.176084E-01
    4.221716E-03    3.000000E-01    5.000000E-01    2.424242E+00   -6.800208E-01
    4.221716E-03    3.000000E-01    5.000000E-01    2.525253E+00   -7.164648E-01
    4.221716E-03    3.000000E-01    5.000000E-01    2.626263E+00   -7.196665E-01
    4.221716E-03    3.000000E-01    5.000000E-01    2.727273E+00   -7.050186E-01
    4.221716E-03    3.000000E-01    5.000000E-01    2.828283E+00   -6.903706E-01
    4.221716E-03    3.000000E-01    5.000000E-01    2.929293E+00   -6.473201E-01
    4.221716E-03    3.000000E-01    5.000000E-01    3.030303E+00   -5.743869E-01
    4.221716E-03    3.000000E-01    5.000000E-01    3.131313E+00   -5.014537E-01
    4.221716E-03    3.000000E-01    5.000000E-01    3.232323E+00   -4.285204E-01
    4.221716E-03    3.000000E-01    5.000000E-01    3.333333E+00   -3.555872E-01
    4.221716E-03    3.000000E-01    5.000000E-01    3.434343E+00   -2.846463E-01
    4.221716E-03    3.000000E-01    5.000000E-01    3.535354E+00   -2.488696E-01
    4.221716E-03    3.000000E-01    5.000000E-01    3.636364E+00   -2.130929E-01
    4.221716E-03    3.000000E-01    5.000000E-01    3.737374E+00   -1.773162E-01
    4.221716E-03    3.000000E-01    5.000000E-01    3.838384E+00   -1.415394E-01
    4.221716E-03    3.000000E-01    5.000000E-01    3.939394E+00   -1.057627E-01
    4.221716E-03    3.000000E-01    5.000000E-01    4.040404E+00   -6.998601E-02
    4.221716E-03    3.000000E-01    5.000000E-01    4.141414E+00   -3.420930E-02
    4.221716E-03    3.000000E-01    5.000000E-01    4.242424E+00   -8.738485E-03
    4.221716E-03    3.000000E-01    5.000000E-01    4.343434E+00   -7.840150E-03
    4.221716E-03    3.000000E-01    5.000000E-01    4.444444E+00   -6.941816E-03
    4.221716E-03    3.000000E-01    5.000000E-01    4.545455E+00   -6.043482E-03
    4.221716E-03    3.000000E-01    5.000000E-01    4.646465E+00   -5.145147E-03
    4.221716E-03    3.000000E-01    5.000000E-01    4.747475E+00   -4.246813E-03
    4.221716E-03    3.000000E-01    5.000000E-01    4.848485E+00   -3.348478E-03
    4.221716E-03    3.000000E-01    5.000000E-01    4.949495E+00   -2.450144E-03
    4.221716E-03    3.000000E-01    5.000000E-01    5.050505E+00   -1.551809E-03
    4.221716E-03    3.000000E-01    5.000000E-01    5.151515E+00   -6.534746E-04
    4.221716E-03    3.000000E-01    5.000000E-01    5.252525E+00   -7.524455E-07
    4.221716E-03    3.000000E-01    5.000000E-01    5.353535E+00   -6.896607E-07
    4.221716E-03    3.000000E-01    5.000000E-01    5.454545E+00   -6.268759E-07
    4.221716E-03    3.000000E-01    5.000000E-01    5.555556E+00   -5.640911E-07
    4.221716E-03    3.000000E-01    5.000000E-01    5.656566E+00   -5.013063E-07
    4.221716E-03    3.000000E-01    5.000000E-01    5.757576E+00   -4.385215E-07
    4.221716E-03    3.000000E-01    5.000000E-01    5.858586E+00   -3.757367E-07
    4.221716E-03    3.000000E-01    5.000000E-01    5.959596E+00   -3.129519E-07
    4.221716E-03    3.000000E-01    5.000000E-01    6.060606E+00   -2.501671E-07
    4.221716E-03    3.000000E-01    5.000000E-01    6.161616E+00   -1.873823E-07
    4.221716E-03    3.000000E-01    5.000000E-01    6.262626E+00   -1.245975E-07
    4.221716E-03    3.000000E-01    5.000000E-01    6.363636E+00   -6.181267E-08
    4.221716E-03    3.000000E-01    5.000000E-01    6.464646E+00   -2.911577E-13
    4.221716E-03    3.000000E-01    5.000000E-01    6.565657E+00   -2.710985E-13
    4.221716E-03    3.000000E-01    5.000000E-01    6.666667E+00   -2.510394E-13
    4.221716E-03    3.000000E-01    5.000000E-01    6.767677E+00   -2.309802E-13
    4.221716E-03    3.000000E-01    5.000000E-01    6.868687E+00   -2.109211E-13
    4.221716E-03    3.000000E-01    5.000000E-01    6.969697E+00   -1.908620E-13
    4.221716E-03    3.000000E-01    5.000000E-01    7.070707E+00   -1.708028E-13
    4.221716E-03    3.000000E-01    5.000000E-01    7.171717E+00   -1.507437E-13
    4.221716E-03    3.000000E-01    5.000000E-01    7.272727E+00   -1.306846E-13
    4.221716E-03    3.000000E-01    5.000000E-01    7.373737E+00   -1.106254E-13
    4.221716E-03    3.000000E-01    5.000000E-01    7.474747E+00   -9.056628E-14
    4.221716E-03    3.000000E-01    5.000000E-01    7.575758E+00   -7.050714E-14
    4.221716E-03    3.000000E-01    5.000000E-01    7.676768E+00   -5.044800E-14
    4.221716E-03    3.000000E-01    5.000000E-01    7.777778E+00   -3.038886E-14
    4.221716E-03    3.000000E-01    5.000000E-01    7.878788E+00   -1.032972E-14
    4.221716E-03    3.000000E-01    5.000000E-01    7.979798E+00   -3.371772E-25
    4.221716E-03    3.000000E-01    5.000000E-01    8.080808E+00   -3.166849E-25
    4.221716E-03    3.000000E-01    5.000000E-01    8.181818E+00   -2.961927E-25
    4.221716E-03    3.000000E-01    5.000000E-01    8.282828E+00   -2.757004E-25
    4.221716E-03    3.000000E-01    5.000000E-01    8.383838E+00   -2.552081E-25
    4.221716E-03    3.000000E-01    5.000000E-01    8.484848E+00   -2.347159E-25
    4.221716E-03    3.000000E-01    5.000000E-01    8.585859E+00   -2.142236E-25
    4.221716E-03    3.000000E-01    5.000000E-01    8.686869E+00   -1.937313E-25
    4.221716E-03    3.000000E-01    5.000000E-01    8.787879E+00   -1.732391E-25
    4.221716E-03    3.000000E-01    5.000000E-01    8.888889E+00   -1.527468E-25
    4.221716E-03    3.000000E-01    5.000000E-01    8.989899E+00   -1.322546E-25
    4.221716E-03    3.000000E-01    5.000000E-01    9.090909E+00   -1.117623E-25
    4.221716E-03    3.000000E-01    5.000000E-01    9.191919E+00   -9.127005E-26
    4.221716E-03    3.000000E-01    5.000000E-01    9.292929E+00   -7.077779E-26
    4.221716E-03    3.000000E-01    5.000000E-01    9.393939E+00   -5.028552E-26
    4.221716E-03    3.000000E-01    5.000000E-01    9.494949E+00   -2.979326E-26
    4.221716E-03    3.000000E-01    5.000000E-01    9.595960E+00   -9.301003E-27
    4.221716E-03    3.000000E-01    5.000000E-01    9.696970E+00   -9.296547E-33
    4.221716E-03    3.000000E-01    5.000000E-01    9.797980E+00   -9.890188E-33
    4.221716E-03    3.000000E-01    5.000000E-01    9.898990E+00   -1.048383E-32
    4.221716E-03    3.000000E-01    5.000000E-01    1.000000E+01   -1.107747E-32

    4.221716E-03    4.000000E-01    5.000000E-01    0.000000E+00    2.042028E+00
    4.221716E-03    4.000000E-01    5.000000E-01    1.010101E-01    2.030914E+00
    4.221716E-03    4.000000E-01    5.000000E-01    2.020202E-01    1.997899E+00
    4.221716E-03    4.000000E-01    5.000000E-01    3.030303E-01    1.943688E+00
    4.221716E-03    4.000000E-01    5.000000E-01    4.040404E-01    1.869619E+00
    4.221716E-03    4.000000E-01    5.000000E-01    5.050505E-01    1.777606E+00
    4.221716E-03    4.000000E-01    5.000000E-01    6.060606E-01    1.670047E+00
    4.221716E-03    4.000000E-01    5.000000E-01    7.070707E-01    1.549651E+00
    4.221716E-03    4.000000E-01    5.000000E-01    8.080808E-01    1.419093E+00
    4.221716E-03    4.000000E-01    5.000000E-01    9.090909E-01    1.281064E+00
    4.221716E-03    4.000000E-01    5.000000E-01    1.010101E+00    1.137738E+00
    4.221716E-03    4.000000E-01    5.000000E-01    1.111111E+00    9.909284E-01
    4.221716E-03    4.000000E-01    5.000000E-01    1.212121E+00    8.420771E-01
    4.221716E-03    4.000000E-01    5.000000E-01    1.313131E+00    6.923144E-01
    4.221716E-03    4.000000E-01    5.000000E-01    1.414141E+00    5.425474E-01
    4.221716E-03    4.000000E-01    5.000000E-01    1.515152E+00    3.935559E-01
    4.221716E-03    4.000000E-01    5.000000E-01    1.616162E+00    2.459696E-01
    4.221716E-03    4.000000E-01    5.000000E-01    1.717172E+00    1.007685E-01
    4.221716E-03    4.000000E-01    5.000000E-01    1.818182E+00   -4.116002E-02
    4.221716E-03    4.000000E-01    5.000000E-01    1.919192E+00   -1.780231E-01
    4.221716E-03    4.000000E-01    5.000000E-01    2.020202E+00   -3.064430E-01
    4.221716E-03    4.000000E-01    5.000000E-01    2.121212E+00   -4.242547E-01
    4.221716E-03    4.000000E-01    5.000000E-01    2.222222E+00   -5.276630E-01
    4.221716E-03    4.000000E-01    5.000000E-01    2.323232E+00   -6.110570E-01
    4.221716E-03    4.000000E-01    5.000000E-01    2.424242E+00   -6.728107E-01
    4.221716E-03    4.000000E-01    5.000000E-01    2.525253E+00   -7.088713E-01
    4.221716E-03    4.000000E-01    5.000000E-01    2.626263E+00   -7.120414E-01
    4.221716E-03    4.000000E-01    5.000000E-01    2.727273E+00   -6.975505E-01
    4.221716E-03    4.000000E-01    5.000000E-01    2.828283E+00   -6.830597E-01
    4.221716E-03    4.000000E-01    5.000000E-01    2.929293E+00   -6.404663E-01
    4.221716E-03    4.000000E-01    5.000000E-01    3.030303E+00   -5.683058E-01
    4.221716E-03    4.000000E-01    5.000000E-01    3.131313E+00   -4.961452E-01
    4.221716E-03    4.000000E-01    5.000000E-01    3.232323E+00   -4.239846E-01
    4.221716E-03    4.000000E-01    5.000000E-01    3.333333E+00   -3.518240E-01
    4.221716E-03    4.000000E-01    5.000000E-01    3.434343E+00   -2.816346E-01
    4.221716E-03    4.000000E-01    5.000000E-01    3.535354E+00   -2.462364E-01
    4.221716E-03    4.000000E-01    5.000000E-01    3.636364E+00   -2.108383E-01
    4.221716E-03    4.000000E-01    5.000000E-01    3.737374E+00   -1.754401E-01
    4.221716E-03    4.000000E-01    5.000000E-01    3.838384E+00   -1.400419E-01
    4.221716E-03    4.000000E-01    5.000000E-01    3.939394E+00   -1.046437E-01
    4.221716E-03    4.000000E-01    5.000000E-01    4.040404E+00   -6.924556E-02
    4.221716E-03    4.000000E-01    5.000000E-01    4.141414E+00   -3.384738E-02
    4.221716E-03    4.000000E-01    5.000000E-01    4.242424E+00   -8.646060E-03
    4.221716E-03    4.000000E-01    5.000000E-01    4.343434E+00   -7.757227E-03
    4.221716E-03    4.000000E-01    5.000000E-01    4.444444E+00   -6.868394E-03
    4.221716E-03    4.000000E-01    5.000000E-01    4.545455E+00   -5.979561E-03
    4.221716E-03    4.000000E-01    5.000000E-01    4.646465E+00   -5.090728E-03
    4.221716E-03    4.000000E-01    5.000000E-01    4.747475E+00   -4.201895E-03
    4.221716E-03    4.000000E-01    5.000000E-01    4.848485E+00   -3.313062E-03
    4.221716E-03    4.000000E-01    5.000000E-01    4.949495E+00   -2.424229E-03
    4.221716E-03    4.000000E-01    5.000000E-01    5.050505E+00   -1.535396E-03
    4.221716E-03    4.000000E-01    5.000000E-01    5.151515E+00   -6.465629E-04
    4.221716E-03    4.000000E-01    5.000000E-01    5.252525E+00   -7.444725E-07
    4.221716E-03    4.000000E-01    5.000000E-01    5.353535E+00   -6.823529E-07
    4.221716E-03    4.000000E-01    5.000000E-01    5.454545E+00   -6.202334E-07
    4.221716E-03    4.000000E-01    5.000000E-01    5.555556E+00   -5.581139E-07
    4.221716E-03    4.000000E-01    5.000000E-01    5.656566E+00   -4.959944E-07
    4.221716E-03    4.000000E-01    5.000000E-01    5.757576E+00   -4.338748E-07
    4.221716E-03    4.000000E-01    5.000000E-01    5.858586E+00   -3.717553E-07
    4.221716E-03    4.000000E-01    5.000000E-01    5.959596E+00   -3.096358E-07
    4.221716E-03    4.000000E-01    5.000000E-01    6.060606E+00   -2.475163E-07
    4.221716E-03    4.000000E-01    5.000000E-01    6.161616E+00   -1.853967E-07
    4.221716E-03    4.000000E-01    5.000000E-01    6.262626E+00   -1.232772E-07
    4.221716E-03    4.000000E-01    5.000000E-01    6.363636E+00   -6.115769E-08
    4.221716E-03    4.000000E-01    5.000000E-01    6.464646E+00   -2.880052E-13
    4.221716E-03    4.000000E-01    5.000000E-01    6.565657E+00   -2.681633E-13
    4.221716E-03    4.000000E-01    5.000000E-01    6.666667E+00   -2.483213E-13
    4.221716E-03    4.000000E-01    5.000000E-01    6.767677E+00   -2.284794E-13
    4.221716E-03    4.000000E-01    5.000000E-01    6.868687E+00   -2.086374E-13
    4.221716E-03    4.000000E-01    5.000000E-01    6.969697E+00   -1.887955E-13
    4.221716E-03    4.000000E-01    5.000000E-01    7.070707E+00   -1.689535E-13
    4.221716E-03    4.000000E-01    5.000000E-01    7.171717E+00   -1.491116E-13
    4.221716E-03    4.000000E-01    5.000000E-01    7.272727E+00   -1.292696E-13
    4.221716E-03    4.000000E-01    5.000000E-01    7.373737E+00   -1.094276E-13
    4.221716E-03    4.000000E-01    5.000000E-01    7.474747E+00   -8.958569E-14
    4.221716E-03    4.000000E-01    5.000000E-01    7.575758E+00   -6.974374E-14
    4.221716E-03    4.000000E-01    5.000000E-01    7.676768E+00   -4.990179E-14
    4.221716E-03    4.000000E-01    5.000000E-01    7.777778E+00   -3.005983E-14
    4.221716E-03    4.000000E-01    5.000000E-01    7.878788E+00   -1.021788E-14
    4.221716E-03    4.000000E-01    5.000000E-01    7.979798E+00   -3.334770E-25
    4.221716E-03    4.000000E-01    5.000000E-01    8.080808E+00   -3.132096E-25
    4.221716E-03    4.000000E-01    5.000000E-01    8.181818E+00   -2.929422E-25
    4.221716E-03    4.000000E-01    5.000000E-01    8.282828E+00   -2.726748E-25
    4.221716E-03    4.000000E-01    5.000000E-01    8.383838E+00   -2.524075E-25
    4.221716E-03    4.000000E-01    5.000000E-01    8.484848E+00   -2.321401E-25
    4.221716E-03    4.000000E-01    5.000000E-01    8.585859E+00   -2.118727E-25
    4.221716E-03    4.000000E-01    5.000000E-01    8.686869E+00   -1.916053E-25
    4.221716E-03    4.000000E-01    5.000000E-01    8.787879E+00   -1.713380E-25
    4.221716E-03    4.000000E-01    5.000000E-01    8.888889E+00   -1.510706E-25
    4.221716E-03    4.000000E-01    5.000000E-01    8.989899E+00   -1.308032E-25
    4.221716E-03    4.000000E-01    5.000000E-01    9.090909E+00   -1.105358E-25
    4.221716E-03    4.000000E-01    5.000000E-01    9.191919E+00   -9.026844E-26
    4.221716E-03    4.000000E-01    5.000000E-01    9.292929E+00   -7.000107E-26
    4.221716E-03    4.000000E-01    5.000000E-01    9.393939E+00   -4.973369E-26
    4.221716E-03    4.000000E-01    5.000000E-01    9.494949E+00   -2.946631E-26
    4.221716E-03    4.000000E-01    5.000000E-01    9.595960E+00   -9.198934E-27
    4.221716E-03    4.000000E-01    5.000000E-01    9.696970E+00   -9.198148E-33
    4.221716E-03    4.000000E-01    5.000000E-01    9.797980E+00   -9.785504E-33
    4.221716E-03    4.000000E-01    5.000000E-01    9.898990E+00   -1.037286E-32
    4.221716E-03    4.000000E-01    5.000000E-01    1.000000E+01   -1.096022E-32

    4.221716E-03    5.000000E-01    5.000000E-01    0.000000E+00    1.989290E+00
    4.221716E-03    5.000000E-01    5.000000E-01    1.010101E-01    1.978465E+00
    4.221716E-03    5.000000E-01    5.000000E-01    2.020202E-01    1.946309E+00
    4.221716E-03    5.000000E-01    5.000000E-01    3.030303E-01    1.893509E+00
    4.221716E-03    5.000000E-01    5.000000E-01    4.040404E-01    1.821369E+00
    4.221716E-03    5.000000E-01    5.000000E-01    5.050505E-01    1.731751E+00
    4.221716E-03    5.000000E-01    5.000000E-01    6.060606E-01    1.626989E+00
    4.221716E-03    5.000000E-01    5.000000E-01    7.070707E-01    1.509720E+00
    4.221716E-03    5.000000E-01    5.000000E-01    8.080808E-01    1.382547E+00
    4.221716E-03    5.000000E-01    5.000000E-01    9.090909E-01    1.248090E+00
    4.221716E-03    5.000000E-01    5.000000E-01    1.010101E+00    1.108468E+00
    4.221716E-03    5.000000E-01    5.000000E-01    1.111111E+00    9.654489E-01
    4.221716E-03    5.000000E-01    5.000000E-01    1.212121E+00    8.204366E-01
    4.221716E-03    5.000000E-01    5.000000E-01    1.313131E+00    6.745331E-01
    4.221716E-03    5.000000E-01    5.000000E-01    1.414141E+00    5.286227E-01
    4.221716E-03    5.000000E-01    5.000000E-01    1.515152E+00    3.834651E-01
    4.221716E-03    5.000000E-01    5.000000E-01    1.616162E+00    2.396740E-01
    4.221716E-03    5.000000E-01    5.000000E-01    1.717172E+00    9.820401E-02
    4.221716E-03    5.000000E-01    5.000000E-01    1.818182E+00   -4.007985E-02
    4.221716E-03    5.000000E-01    5.000000E-01    1.919192E+00   -1.734308E-01
    4.221716E-03    5.000000E-01    5.000000E-01    2.020202E+00   -2.985578E-01
    4.221716E-03    5.000000E-01    5.000000E-01    2.121212E+00   -4.133506E-01
    4.221716E-03    5.000000E-01    5.000000E-01    2.222222E+00   -5.141110E-01
    4.221716E-03    5.000000E-01    5.000000E-01    2.323232E+00   -5.953716E-01
    4.221716E-03    5.000000E-01    5.000000E-01    2.424242E+00   -6.555474E-01
    4.221716E-03    5.000000E-01    5.000000E-01    2.525253E+00   -6.906890E-01
    4.221716E-03    5.000000E-01    5.000000E-01    2.626263E+00   -6.937827E-01
    4.221716E-03    5.000000E-01    5.000000E-01    2.727273E+00   -6.796677E-01
    4.221716E-03    5.000000E-01    5.000000E-01    2.828283E+00   -6.655527E-01
    4.221716E-03    5.000000E-01    5.000000E-01    2.929293E+00   -6.240536E-01
    4.221716E-03    5.000000E-01    5.000000E-01    3.030303E+00   -5.537431E-01
    4.221716E-03    5.000000E-01    5.000000E-01    3.131313E+00   -4.834327E-01
    4.221716E-03    5.000000E-01    5.000000E-01    3.232323E+00   -4.131222E-01
    4.221716E-03    5.000000E-01    5.000000E-01    3.333333E+00   -3.428118E-01
    4.221716E-03    5.000000E-01    5.000000E-01    3.434343E+00   -2.744219E-01
    4.221716E-03    5.000000E-01    5.000000E-01    3.535354E+00   -2.399303E-01
    4.221716E-03    5.000000E-01    5.000000E-01    3.636364E+00   -2.054387E-01
    4.221716E-03    5.000000E-01    5.000000E-01    3.737374E+00   -1.709471E-01
    4.221716E-03    5.000000E-01    5.000000E-01    3.838384E+00   -1.364554E-01
    4.221716E-03    5.000000E-01    5.000000E-01    3.939394E+00   -1.019638E-01
    4.221716E-03    5.000000E-01    5.000000E-01    4.040404E+00   -6.747222E-02
    4.221716E-03    5.000000E-01    5.000000E-01    4.141414E+00   -3.298060E-02
    4.221716E-03    5.000000E-01    5.000000E-01    4.242424E+00   -8.424693E-03
    4.221716E-03    5.000000E-01    5.000000E-01    4.343434E+00   -7.558617E-03
    4.221716E-03    5.000000E-01    5.000000E-01    4.444444E+00   -6.692541E-03
    4.221716E-03    5.000000E-01    5.000000E-01    4.545455E+00   -5.826465E-03
    4.221716E-03    5.000000E-01    5.000000E-01    4.646465E+00   -4.960389E-03
    4.221716E-03    5.000000E-01    5.000000E-01    4.747475E+00   -4.094313E-03
    4.221716E-03    5.000000E-01    5.000000E-01    4.848485E+00   -3.228237E-03
    4.221716E-03    5.000000E-01    5.000000E-01    4.949495E+00   -2.362161E-03
    4.221716E-03    5.000000E-01    5.000000E-01    5.050505E+00   -1.496085E-03
    4.221716E-03    5.000000E-01    5.000000E-01    5.151515E+00   -6.300088E-04
    4.221716E-03    5.000000E-01    5.000000E-01    5.252525E+00   -7.253568E-07
    4.221716E-03    5.000000E-01    5.000000E-01    5.353535E+00   -6.648323E-07
    4.221716E-03    5.000000E-01    5.000000E-01    5.454545E+00   -6.043078E-07
    4.221716E-03    5.000000E-01    5.000000E-01    5.555556E+00   -5.437833E-07
    4.221716E-03    5.000000E-01    5.000000E-01    5.656566E+00   -4.832588E-07
    4.221716E-03    5.000000E-01    5.000000E-01    5.757576E+00   -4.227343E-07
    4.221716E-03    5.000000E-01    5.000000E-01    5.858586E+00   -3.622098E-07
    4.221716E-03    5.000000E-01    5.000000E-01    5.959596E+00   -3.016853E-07
    4.221716E-03    5.000000E-01    5.000000E-01    6.060606E+00   -2.411608E-07
    4.221716E-03    5.000000E-01    5.000000E-01    6.161616E+00   -1.806363E-07
    4.221716E-03    5.000000E-01    5.000000E-01    6.262626E+00   -1.201118E-07
    4.221716E-03    5.000000E-01    5.000000E-01    6.363636E+00   -5.958736E-08
    4.221716E-03    5.000000E-01    5.000000E-01    6.464646E+00   -2.804266E-13
    4.221716E-03    5.000000E-01    5.000000E-01    6.565657E+00   -2.611068E-13
    4.221716E-03    5.000000E-01    5.000000E-01    6.666667E+00   -2.417870E-13
    4.221716E-03    5.000000E-01    5.000000E-01    6.767677E+00   -2.224671E-13
    4.221716E-03    5.000000E-01    5.000000E-01    6.868687E+00   -2.031473E-13
    4.221716E-03    5.000000E-01    5.000000E-01    6.969697E+00   -1.838275E-13
    4.221716E-03    5.000000E-01    5.000000E-01    7.070707E+00   -1.645076E-13
    4.221716E-03    5.000000E-01    5.000000E-01    7.171717E+00   -1.451878E-13
    4.221716E-03    5.000000E-01    5.000000E-01    7.272727E+00   -1.258680E-13
    4.221716E-03    5.000000E-01    5.000000E-01    7.373737E+00   -1.065482E-13
    4.221716E-03    5.000000E-01    5.000000E-01    7.474747E+00   -8.722832E-14
    4.221716E-03    5.000000E-01    5.000000E-01    7.575758E+00   -6.790849E-14
    4.221716E-03    5.000000E-01    5.000000E-01    7.676768E+00   -4.858866E-14
    4.221716E-03    5.000000E-01    5.000000E-01    7.777778E+00   -2.926883E-14
    4.221716E-03    5.000000E-01    5.000000E-01    7.878788E+00   -9.949003E-15
    4.221716E-03    5.000000E-01    5.000000E-01    7.979798E+00   -3.246506E-25
    4.221716E-03    5.000000E-01    5.000000E-01    8.080808E+00   -3.049196E-25
    4.221716E-03    5.000000E-01    5.000000E-01    8.181818E+00   -2.851887E-25
    4.221716E-03    5.000000E-01    5.000000E-01    8.282828E+00   -2.654578E-25
    4.221716E-03    5.000000E-01    5.000000E-01    8.383838E+00   -2.457268E-25
    4.221716E-03    5.000000E-01    5.000000E-01    8.484848E+00   -2.259959E-25
    4.221716E-03    5.000000E-01    5.000000E-01    8.585859E+00   -2.062649E-25
    4.221716E-03    5.000000E-01    5.000000E-01    8.686869E+00   -1.865340E-25
    4.221716E-03    5.000000E-01    5.000000E-01    8.787879E+00   -1.668030E-25
    4.221716E-03    5.000000E-01    5.000000E-01    8.888889E+00   -1.470721E-25
    4.221716E-03    5.000000E-01    5.000000E-01    8.989899E+00   -1.273411E-25
    4.221716E-03    5.000000E-01    5.000000E-01    9.090909E+00   -1.076102E-25
    4.221716E-03    5.000000E-01    5.000000E-01    9.191919E+00   -8.787924E-26
    4.221716E-03    5.000000E-01    5.000000E-01    9.292929E+00   -6.814830E-26
    4.221716E-03    5.000000E-01    5.000000E-01    9.393939E+00   -4.841735E-26
    4.221716E-03    5.000000E-01    5.000000E-01    9.494949E+00   -2.868640E-26
    4.221716E-03    5.000000E-01    5.000000E-01    9.595960E+00   -8.955459E-27
    4.221716E-03    5.000000E-01    5.000000E-01    9.696970E+00   -8.962508E-33
    4.221716E-03    5.000000E-01    5.000000E-01    9.797980E+00   -9.534815E-33
    4.221716E-03    5.000000E-01    5.000000E-01    9.898990E+00   -1.010712E-32
    4.221716E-03    5.000000E-01    5.000000E-01    1.000000E+01   -1.067943E-32

    4.221716E-03    6.000000E-01    5.000000E-01    0.000000E+00    1.894381E+00
    4.221716E-03    6.000000E-01    5.000000E-01    1.010101E-01    1.884075E+00
    4.221716E-03    6.000000E-01    5.000000E-01    2.020202E-01    1.853463E+00
    4.221716E-03    6.000000E-01    5.000000E-01    3.030303E-01    1.803200E+00
    4.221716E-03    6.000000E-01    5.000000E-01    4.040404E-01    1.734525E+00
    4.221716E-03    6.000000E-01    5.000000E-01    5.050505E-01    1.649211E+00
    4.221716E-03    6.000000E-01    5.000000E-01    6.060606E-01    1.549476E+00
    4.221716E-03    6.000000E-01    5.000000E-01    7.070707E-01    1.437828E+00
    4.221716E-03    6.000000E-01    5.000000E-01    8.080808E-01    1.316742E+00
    4.221716E-03    6.000000E-01    5.000000E-01    9.090909E-01    1.188712E+00
    4.221716E-03    6.000000E-01    5.000000E-01    1.010101E+00    1.055756E+00
    4.221716E-03    6.000000E-01    5.000000E-01    1.111111E+00    9.195574E-01
    4.221716E-03    6.000000E-01    5.000000E-01    1.212121E+00    7.814558E-01
    4.221716E-03    6.000000E-01    5.000000E-01    1.313131E+00    6.425006E-01
    4.221716E-03    6.000000E-01    5.000000E-01    1.414141E+00    5.035348E-01
    4.221716E-03    6.000000E-01    5.000000E-01    1.515152E+00    3.652816E-01
    4.221716E-03    6.000000E-01    5.000000E-01    1.616162E+00    2.283262E-01
    4.221716E-03    6.000000E-01    5.000000E-01    1.717172E+00    9.357746E-02
    4.221716E-03    6.000000E-01    5.000000E-01    1.818182E+00   -3.814021E-02
    4.221716E-03    6.000000E-01    5.000000E-01    1.919192E+00   -1.651629E-01
    4.221716E-03    6.000000E-01    5.000000E-01    2.020202E+00   -2.843558E-01
    4.221716E-03    6.000000E-01    5.000000E-01    2.121212E+00   -3.937075E-01
    4.221716E-03    6.000000E-01    5.000000E-01    2.222222E+00   -4.896950E-01
    4.221716E-03    6.000000E-01    5.000000E-01    2.323232E+00   -5.671093E-01
    4.221716E-03    6.000000E-01    5.000000E-01    2.424242E+00   -6.244399E-01
    4.221716E-03    6.000000E-01    5.000000E-01    2.525253E+00   -6.579236E-01
    4.221716E-03    6.000000E-01    5.000000E-01    2.626263E+00   -6.608780E-01
    4.221716E-03    6.000000E-01    5.000000E-01    2.727273E+00   -6.474389E-01
    4.221716E-03    6.000000E-01    5.000000E-01    2.828283E+00   -6.339998E-01
    4.221716E-03    6.000000E-01    5.000000E-01    2.929293E+00   -5.944720E-01
    4.221716E-03    6.000000E-01    5.000000E-01    3.030303E+00   -5.274958E-01
    4.221716E-03    6.000000E-01    5.000000E-01    3.131313E+00   -4.605197E-01
    4.221716E-03    6.000000E-01    5.000000E-01    3.232323E+00   -3.935435E-01
    4.221716E-03    6.000000E-01    5.000000E-01    3.333333E+00   -3.265673E-01
    4.221716E-03    6.000000E-01    5.000000E-01    3.434343E+00   -2.614206E-01
    4.221716E-03    6.000000E-01    5.000000E-01    3.535354E+00   -2.285631E-01
    4.221716E-03    6.000000E-01    5.000000E-01    3.636364E+00   -1.957056E-01
    4.221716E-03    6.000000E-01    5.000000E-01    3.737374E+00   -1.628481E-01
    4.221716E-03    6.000000E-01    5.000000E-01    3.838384E+00   -1.299906E-01
    4.221716E-03    6.000000E-01    5.000000E-01    3.939394E+00   -9.713313E-02
    4.221716E-03    6.000000E-01    5.000000E-01    4.040404E+00   -6.427564E-02
    4.221716E-03    6.000000E-01    5.000000E-01    4.141414E+00   -3.141815E-02
    4.221716E-03    6.000000E-01    5.000000E-01    4.242424E+00   -8.025640E-03
    4.221716E-03    6.000000E-01    5.000000E-01    4.343434E+00   -7.200588E-03
    4.221716E-03    6.000000E-01    5.000000E-01    4.444444E+00   -6.375535E-03
    4.221716E-03    6.000000E-01    5.000000E-01    4.545455E+00   -5.550482E-03
    4.221716E-03    6.000000E-01    5.000000E-01    4.646465E+00   -4.725430E-03
    4.221716E-03    6.000000E-01    5.000000E-01    4.747475E+00   -3.900377E-03
    4.221716E-03    6.000000E-01    5.000000E-01    4.848485E+00   -3.075325E-03
    4.221716E-03    6.000000E-01    5.000000E-01    4.949495E+00   -2.250272E-03
    4.221716E-03    6.000000E-01    5.000000E-01    5.050505E+00   -1.425220E-03
    4.221716E-03    6.000000E-01    5.000000E-01    5.151515E+00   -6.001670E-04
    4.221716E-03    6.000000E-01    5.000000E-01    5.252525E+00   -6.908823E-07
    4.221716E-03    6.000000E-01    5.000000E-01    5.353535E+00   -6.332344E-07
    4.221716E-03    6.000000E-01    5.000000E-01    5.454545E+00   -5.755865E-07
    4.221716E-03    6.000000E-01    5.000000E-01    5.555556E+00   -5.179386E-07
    4.221716E-03    6.000000E-01    5.000000E-01    5.656566E+00   -4.602907E-07
    4.221716E-03    6.000000E-01    5.000000E-01    5.757576E+00   -4.026428E-07
    4.221716E-03    6.000000E-01    5.000000E-01    5.858586E+00   -3.449948E-07
    4.221716E-03    6.000000E-01    5.000000E-01    5.959596E+00   -2.873469E-07
    4.221716E-03    6.000000E-01    5.000000E-01    6.060606E+00   -2.296990E-07
    4.221716E-03    6.000000E-01    5.000000E-01    6.161616E+00   -1.720511E-07
    4.221716E-03    6.000000E-01    5.000000E-01    6.262626E+00   -1.144032E-07
    4.221716E-03    6.000000E-01    5.000000E-01    6.363636E+00   -5.675531E-08
    4.221716E-03    6.000000E-01    5.000000E-01    6.464646E+00   -2.667547E-13
    4.221716E-03    6.000000E-01    5.000000E-01    6.565657E+00   -2.483768E-13
    4.221716E-03    6.000000E-01    5.000000E-01    6.666667E+00   -2.299989E-13
    4.221716E-03    6.000000E-01    5.000000E-01    6.767677E+00   -2.116210E-13
    4.221716E-03    6.000000E-01    5.000000E-01    6.868687E+00   -1.932431E-13
    4.221716E-03    6.000000E-01    5.000000E-01    6.969697E+00   -1.748651E-13
    4.221716E-03    6.000000E-01    5.000000E-01    7.070707E+00   -1.564872E-13
    4.221716E-03    6.000000E-01    5.000000E-01    7.171717E+00   -1.381093E-13
    4.221716E-03    6.000000E-01    5.000000E-01    7.272727E+00   -1.197314E-13
    4.221716E-03    6.000000E-01    5.000000E-01    7.373737E+00   -1.013535E-13
    4.221716E-03    6.000000E-01    5.000000E-01    7.474747E+00   -8.297559E-14
    4.221716E-03    6.000000E-01    5.000000E-01    7.575758E+00   -6.459768E-14
    4.221716E-03    6.000000E-01    5.000000E-01    7.676768E+00   -4.621977E-14
    4.221716E-03    6.000000E-01    5.000000E-01    7.777778E+00   -2.784186E-14
    4.221716E-03    6.000000E-01    5.000000E-01    7.878788E+00   -9.463949E-15
    4.221716E-03    6.000000E-01    5.000000E-01    7.979798E+00   -3.088035E-25
    4.221716E-03    6.000000E-01    5.000000E-01    8.080808E+00   -2.900357E-25
    4.221716E-03    6.000000E-01    5.000000E-01    8.181818E+00   -2.712679E-25
    4.221716E-03    6.000000E-01    5.000000E-01    8.282828E+00   -2.525000E-25
    4.221716E-03    6.000000E-01    5.000000E-01    8.383838E+00   -2.337322E-25
    4.221716E-03    6.000000E-01    5.000000E-01    8.484848E+00   -2.149644E-25
    4.221716E-03    6.000000E-01    5.000000E-01    8.585859E+00   -1.961966E-25
    4.221716E-03    6.000000E-01    5.000000E-01    8.686869E+00   -1.774287E-25
    4.221716E-03    6.000000E-01    5.000000E-01    8.787879E+00   -1.586609E-25
    4.221716E-03    6.000000E-01    5.000000E-01    8.888889E+00   -1.398931E-25
    4.221716E-03    6.000000E-01    5.000000E-01    8.989899E+00   -1.211253E-25
    4.221716E-03    6.000000E-01    5.000000E-01    9.090909E+00   -1.023574E-25
    4.221716E-03    6.000000E-01    5.000000E-01    9.191919E+00   -8.358962E-26
    4.221716E-03    6.000000E-01    5.000000E-01    9.292929E+00   -6.482179E-26
    4.221716E-03    6.000000E-01    5.000000E-01    9.393939E+00   -4.605397E-26
    4.221716E-03    6.000000E-01    5.000000E-01    9.494949E+00   -2.728614E-26
    4.221716E-03    6.000000E-01    5.000000E-01    9.595960E+00   -8.518318E-27
    4.221716E-03    6.000000E-01    5.000000E-01    9.696970E+00   -8.537787E-33
    4.221716E-03    6.000000E-01    5.000000E-01    9.797980E+00   -9.082968E-33
    4.221716E-03    6.000000E-01    5.000000E-01    9.898990E+00   -9.628149E-33
    4.221716E-03    6.000000E-01    5.000000E-01    1.000000E+01   -1.017333E-32

    4.221716E-03    7.000000E-01    5.000000E-01    0.000000E+00    1.744391E+00
    4.221716E-03    7.000000E-01    5.000000E-01    1.010101E-01    1.734906E+00
    4.221716E-03    7.000000E-01    5.000000E-01    2.020202E-01    1.706730E+00
    4.221716E-03    7.000000E-01    5.000000E-01    3.030303E-01    1.660467E+00
    4.221716E-03    7.000000E-01    5.000000E-01    4.040404E-01    1.597259E+00
    4.221716E-03    7.000000E-01    5.000000E-01    5.050505E-01    1.518735E+00
    4.221716E-03    7.000000E-01    5.000000E-01    6.060606E-01    1.426932E+00
    4.221716E-03    7.000000E-01    5.000000E-01    7.070707E-01    1.324156E+00
    4.221716E-03    7.000000E-01    5.000000E-01    8.080808E-01    1.212681E+00
    4.221716E-03    7.000000E-01    5.000000E-01    9.090909E-01    1.094803E+00
    4.221716E-03    7.000000E-01    5.000000E-01    1.010101E+00    9.723788E-01
    4.221716E-03    7.000000E-01    5.000000E-01    1.111111E+00    8.469616E-01
    4.221716E-03    7.000000E-01    5.000000E-01    1.212121E+00    7.197847E-01
    4.221716E-03    7.000000E-01    5.000000E-01    1.313131E+00    5.918160E-01
    4.221716E-03    7.000000E-01    5.000000E-01    1.414141E+00    4.638321E-01
    4.221716E-03    7.000000E-01    5.000000E-01    1.515152E+00    3.364994E-01
    4.221716E-03    7.000000E-01    5.000000E-01    1.616162E+00    2.103573E-01
    4.221716E-03    7.000000E-01    5.000000E-01    1.717172E+00    8.624251E-02
    4.221716E-03    7.000000E-01    5.000000E-01    1.818182E+00   -3.508500E-02
    4.221716E-03    7.000000E-01    5.000000E-01    1.919192E+00   -1.520925E-01
    4.221716E-03    7.000000E-01    5.000000E-01    2.020202E+00   -2.618922E-01
    4.221716E-03    7.000000E-01    5.000000E-01    2.121212E+00   -3.626302E-01
    4.221716E-03    7.000000E-01    5.000000E-01    2.222222E+00   -4.510602E-01
    4.221716E-03    7.000000E-01    5.000000E-01    2.323232E+00   -5.223833E-01
    4.221716E-03    7.000000E-01    5.000000E-01    2.424242E+00   -5.752065E-01
    4.221716E-03    7.000000E-01    5.000000E-01    2.525253E+00   -6.060624E-01
    4.221716E-03    7.000000E-01    5.000000E-01    2.626263E+00   -6.087933E-01
    4.221716E-03    7.000000E-01    5.000000E-01    2.727273E+00   -5.964214E-01
    4.221716E-03    7.000000E-01    5.000000E-01    2.828283E+00   -5.840496E-01
    4.221716E-03    7.000000E-01    5.000000E-01    2.929293E+00   -5.476409E-01
    4.221716E-03    7.000000E-01    5.000000E-01    3.030303E+00   -4.859427E-01
    4.221716E-03    7.000000E-01    5.000000E-01    3.131313E+00   -4.242445E-01
    4.221716E-03    7.000000E-01    5.000000E-01    3.232323E+00   -3.625463E-01
    4.221716E-03    7.000000E-01    5.000000E-01    3.333333E+00   -3.008481E-01
    4.221716E-03    7.000000E-01    5.000000E-01    3.434343E+00   -2.408350E-01
    4.221716E-03    7.000000E-01    5.000000E-01    3.535354E+00   -2.105649E-01
    4.221716E-03    7.000000E-01    5.000000E-01    3.636364E+00   -1.802948E-01
    4.221716E-03    7.000000E-01    5.000000E-01    3.737374E+00   -1.500247E-01
    4.221716E-03    7.000000E-01    5.000000E-01    3.838384E+00   -1.197546E-01
    4.221716E-03    7.000000E-01    5.000000E-01    3.939394E+00   -8.948445E-02
    4.221716E-03    7.000000E-01    5.000000E-01    4.040404E+00   -5.921434E-02
    4.221716E-03    7.000000E-01    5.000000E-01    4.141414E+00   -2.894422E-02
    4.221716E-03    7.000000E-01    5.000000E-01    4.242424E+00   -7.393759E-03
    4.221716E-03    7.000000E-01    5.000000E-01    4.343434E+00   -6.633665E-03
    4.221716E-03    7.000000E-01    5.000000E-01    4.444444E+00   -5.873571E-03
    4.221716E-03    7.000000E-01    5.000000E-01    4.545455E+00   -5.113477E-03
    4.221716E-03    7.000000E-01    5.000000E-01    4.646465E+00   -4.353383E-03
    4.221716E-03    7.000000E-01    5.000000E-01    4.747475E+00   -3.593290E-03
    4.221716E-03    7.000000E-01    5.000000E-01    4.848485E+00   -2.833196E-03
    4.221716E-03    7.000000E-01    5.000000E-01    4.949495E+00   -2.073102E-03
    4.221716E-03    7.000000E-01    5.000000E-01    5.050505E+00   -1.313008E-03
    4.221716E-03    7.000000E-01    5.000000E-01    5.151515E+00   -5.529140E-04
    4.221716E-03    7.000000E-01    5.000000E-01    5.252525E+00   -6.363023E-07
    4.221716E-03    7.000000E-01    5.000000E-01    5.353535E+00   -5.832086E-07
    4.221716E-03    7.000000E-01    5.000000E-01    5.454545E+00   -5.301149E-07
    4.221716E-03    7.000000E-01    5.000000E-01    5.555556E+00   -4.770212E-07
    4.221716E-03    7.000000E-01    5.000000E-01    5.656566E+00   -4.239275E-07
    4.221716E-03    7.000000E-01    5.000000E-01    5.757576E+00   -3.708338E-07
    4.221716E-03    7.000000E-01    5.000000E-01    5.858586E+00   -3.177401E-07
    4.221716E-03    7.000000E-01    5.000000E-01    5.959596E+00   -2.646464E-07
    4.221716E-03    7.000000E-01    5.000000E-01    6.060606E+00   -2.115527E-07
    4.221716E-03    7.000000E-01    5.000000E-01    6.161616E+00   -1.584590E-07
    4.221716E-03    7.000000E-01    5.000000E-01    6.262626E+00   -1.053653E-07
    4.221716E-03    7.000000E-01    5.000000E-01    6.363636E+00   -5.227161E-08
    4.221716E-03    7.000000E-01    5.000000E-01    6.464646E+00   -2.451546E-13
    4.221716E-03    7.000000E-01    5.000000E-01    6.565657E+00   -2.282648E-13
    4.221716E-03    7.000000E-01    5.000000E-01    6.666667E+00   -2.113750E-13
    4.221716E-03    7.000000E-01    5.000000E-01    6.767677E+00   -1.944852E-13
    4.221716E-03    7.000000E-01    5.000000E-01    6.868687E+00   -1.775955E-13
    4.221716E-03    7.000000E-01    5.000000E-01    6.969697E+00   -1.607057E-13
    4.221716E-03    7.000000E-01    5.000000E-01    7.070707E+00   -1.438159E-13
    4.221716E-03    7.000000E-01    5.000000E-01    7.171717E+00   -1.269261E-13
    4.221716E-03    7.000000E-01    5.000000E-01    7.272727E+00   -1.100363E-13
    4.221716E-03    7.000000E-01    5.000000E-01    7.373737E+00   -9.314654E-14
    4.221716E-03    7.000000E-01    5.000000E-01    7.474747E+00   -7.625675E-14
    4.221716E-03    7.000000E-01    5.000000E-01    7.575758E+00   -5.936697E-14
    4.221716E-03    7.000000E-01    5.000000E-01    7.676768E+00   -4.247719E-14
    4.221716E-03    7.000000E-01    5.000000E-01    7.777778E+00   -2.558740E-14
    4.221716E-03    7.000000E-01    5.000000E-01    7.878788E+00   -8.697618E-15
    4.221716E-03    7.000000E-01    5.000000E-01    7.979798E+00   -2.838081E-25
    4.221716E-03    7.000000E-01    5.000000E-01    8.080808E+00   -2.665594E-25
    4.221716E-03    7.000000E-01    5.000000E-01    8.181818E+00   -2.493107E-25
    4.221716E-03    7.000000E-01    5.000000E-01    8.282828E+00   -2.320620E-25
    4.221716E-03    7.000000E-01    5.000000E-01    8.383838E+00   -2.148133E-25
    4.221716E-03    7.000000E-01    5.000000E-01    8.484848E+00   -1.975646E-25
    4.221716E-03    7.000000E-01    5.000000E-01    8.585859E+00   -1.803159E-25
    4.221716E-03    7.000000E-01    5.000000E-01    8.686869E+00   -1.630672E-25
    4.221716E-03    7.000000E-01    5.000000E-01    8.787879E+00   -1.458185E-25
    4.221716E-03    7.000000E-01    5.000000E-01    8.888889E+00   -1.285698E-25
    4.221716E-03    7.000000E-01    5.000000E-01    8.989899E+00   -1.113210E-25
    4.221716E-03    7.000000E-01    5.000000E-01    9.090909E+00   -9.407234E-26
    4.221716E-03    7.000000E-01    5.000000E-01    9.191919E+00   -7.682364E-26
    4.221716E-03    7.000000E-01    5.000000E-01    9.292929E+00   -5.957493E-26
    4.221716E-03    7.000000E-01    5.000000E-01    9.393939E+00   -4.232623E-26
    4.221716E-03    7.000000E-01    5.000000E-01    9.494949E+00   -2.507753E-26
    4.221716E-03    7.000000E-01    5.000000E-01    9.595960E+00   -7.828822E-27
    4.221716E-03    7.000000E-01    5.000000E-01    9.696970E+00   -7.865362E-33
    4.221716E-03    7.000000E-01    5.000000E-01    9.797980E+00   -8.367599E-33
    4.221716E-03    7.000000E-01    5.000000E-01    9.898990E+00   -8.869837E-33
    4.221716E-03    7.000000E-01    5.000000E-01    1.000000E+01   -9.372075E-33

    4.221716E-03    8.000000E-01    5.000000E-01    0.000000E+00    1.518523E+00
    4.221716E-03    8.000000E-01    5.000000E-01    1.010101E-01    1.510270E+00
    4.221716E-03    8.000000E-01    5.000000E-01    2.020202E-01    1.485756E+00
    4.221716E-03    8.000000E-01    5.000000E-01    3.030303E-01    1.445506E+00
    4.221716E-03    8.000000E-01    5.000000E-01    4.040404E-01    1.390513E+00
    4.221716E-03    8.000000E-01    5.000000E-01    5.050505E-01    1.322193E+00
    4.221716E-03    8.000000E-01    5.000000E-01    6.060606E-01    1.242315E+00
    4.221716E-03    8.000000E-01    5.000000E-01    7.070707E-01    1.152880E+00
    4.221716E-03    8.000000E-01    5.000000E-01    8.080808E-01    1.055864E+00
    4.221716E-03    8.000000E-01    5.000000E-01    9.090909E-01    9.532653E-01
    4.221716E-03    8.000000E-01    5.000000E-01    1.010101E+00    8.466992E-01
    4.221716E-03    8.000000E-01    5.000000E-01    1.111111E+00    7.375188E-01
    4.221716E-03    8.000000E-01    5.000000E-01    1.212121E+00    6.267993E-01
    4.221716E-03    8.000000E-01    5.000000E-01    1.313131E+00    5.153840E-01
    4.221716E-03    8.000000E-01    5.000000E-01    1.414141E+00    4.039500E-01
    4.221716E-03    8.000000E-01    5.000000E-01    1.515152E+00    2.930775E-01
    4.221716E-03    8.000000E-01    5.000000E-01    1.616162E+00    1.832366E-01
    4.221716E-03    8.000000E-01    5.000000E-01    1.717172E+00    7.515556E-02
    4.221716E-03    8.000000E-01    5.000000E-01    1.818182E+00   -3.050310E-02
    4.221716E-03    8.000000E-01    5.000000E-01    1.919192E+00   -1.324046E-01
    4.221716E-03    8.000000E-01    5.000000E-01    2.020202E+00   -2.280339E-01
    4.221716E-03    8.000000E-01    5.000000E-01    2.121212E+00   -3.157750E-01
    4.221716E-03    8.000000E-01    5.000000E-01    2.222222E+00   -3.927999E-01
    4.221716E-03    8.000000E-01    5.000000E-01    2.323232E+00   -4.549283E-01
    4.221716E-03    8.000000E-01    5.000000E-01    2.424242E+00   -5.009456E-01
    4.221716E-03    8.000000E-01    5.000000E-01    2.525253E+00   -5.278310E-01
    4.221716E-03    8.000000E-01    5.000000E-01    2.626263E+00   -5.302195E-01
    4.221716E-03    8.000000E-01    5.000000E-01    2.727273E+00   -5.194530E-01
    4.221716E-03    8.000000E-01    5.000000E-01    2.828283E+00   -5.086866E-01
    4.221716E-03    8.000000E-01    5.000000E-01    2.929293E+00   -4.769811E-01
    4.221716E-03    8.000000E-01    5.000000E-01    3.030303E+00   -4.232454E-01
    4.221716E-03    8.000000E-01    5.000000E-01    3.131313E+00   -3.695098E-01
    4.221716E-03    8.000000E-01    5.000000E-01    3.232323E+00   -3.157741E-01
    4.221716E-03    8.000000E-01    5.000000E-01    3.333333E+00   -2.620384E-01
    4.221716E-03    8.000000E-01    5.000000E-01    3.434343E+00   -2.097703E-01
    4.221716E-03    8.000000E-01    5.000000E-01    3.535354E+00   -1.834046E-01
    4.221716E-03    8.000000E-01    5.000000E-01    3.636364E+00   -1.570390E-01
    4.221716E-03    8.000000E-01    5.000000E-01    3.737374E+00   -1.306734E-01
    4.221716E-03    8.000000E-01    5.000000E-01    3.838384E+00   -1.043077E-01
    4.221716E-03    8.000000E-01    5.000000E-01    3.939394E+00   -7.794212E-02
    4.221716E-03    8.000000E-01    5.000000E-01    4.040404E+00   -5.157649E-02
    4.221716E-03    8.000000E-01    5.000000E-01    4.141414E+00   -2.521086E-02
    4.221716E-03    8.000000E-01    5.000000E-01    4.242424E+00   -6.440149E-03
    4.221716E-03    8.000000E-01    5.000000E-01    4.343434E+00   -5.778088E-03
    4.221716E-03    8.000000E-01    5.000000E-01    4.444444E+00   -5.116028E-03
    4.221716E-03    8.000000E-01    5.000000E-01    4.545455E+00   -4.453967E-03
    4.221716E-03    8.000000E-01    5.000000E-01    4.646465E+00   -3.791906E-03
    4.221716E-03    8.000000E-01    5.000000E-01    4.747475E+00   -3.129845E-03
    4.221716E-03    8.000000E-01    5.000000E-01    4.848485E+00   -2.467784E-03
    4.221716E-03    8.000000E-01    5.000000E-01    4.949495E+00   -1.805723E-03
    4.221716E-03    8.000000E-01    5.000000E-01    5.050505E+00   -1.143663E-03
    4.221716E-03    8.000000E-01    5.000000E-01    5.151515E+00   -4.816017E-04
    4.221716E-03    8.000000E-01    5.000000E-01    5.252525E+00   -5.539915E-07
    4.221716E-03    8.000000E-01    5.000000E-01    5.353535E+00   -5.077659E-07
    4.221716E-03    8.000000E-01    5.000000E-01    5.454545E+00   -4.615403E-07
    4.221716E-03    8.000000E-01    5.000000E-01    5.555556E+00   -4.153147E-07
    4.221716E-03    8.000000E-01    5.000000E-01    5.656566E+00   -3.690891E-07
    4.221716E-03    8.000000E-01    5.000000E-01    5.757576E+00   -3.228635E-07
    4.221716E-03    8.000000E-01    5.000000E-01    5.858586E+00   -2.766379E-07
    4.221716E-03    8.000000E-01    5.000000E-01    5.959596E+00   -2.304123E-07
    4.221716E-03    8.000000E-01    5.000000E-01    6.060606E+00   -1.841867E-07
    4.221716E-03    8.000000E-01    5.000000E-01    6.161616E+00   -1.379611E-07
    4.221716E-03    8.000000E-01    5.000000E-01    6.262626E+00   -9.173547E-08
    4.221716E-03    8.000000E-01    5.000000E-01    6.363636E+00   -4.550986E-08
    4.221716E-03    8.000000E-01    5.000000E-01    6.464646E+00   -2.127442E-13
    4.221716E-03    8.000000E-01    5.000000E-01    6.565657E+00   -1.980873E-13
    4.221716E-03    8.000000E-01    5.000000E-01    6.666667E+00   -1.834304E-13
    4.221716E-03    8.000000E-01    5.000000E-01    6.767677E+00   -1.687735E-13
    4.221716E-03    8.000000E-01    5.000000E-01    6.868687E+00   -1.541166E-13
    4.221716E-03    8.000000E-01    5.000000E-01    6.969697E+00   -1.394598E-13
    4.221716E-03    8.000000E-01    5.000000E-01    7.070707E+00   -1.248029E-13
    4.221716E-03    8.000000E-01    5.000000E-01    7.171717E+00   -1.101460E-13
    4.221716E-03    8.000000E-01    5.000000E-01    7.272727E+00   -9.548909E-14
    4.221716E-03    8.000000E-01    5.000000E-01    7.373737E+00   -8.083220E-14
    4.221716E-03    8.000000E-01    5.000000E-01    7.474747E+00   -6.617531E-14
    4.221716E-03    8.000000E-01    5.000000E-01    7.575758E+00   -5.151842E-14
    4.221716E-03    8.000000E-01    5.000000E-01    7.676768E+00   -3.686153E-14
    4.221716E-03    8.000000E-01    5.000000E-01    7.777778E+00   -2.220465E-14
    4.221716E-03    8.000000E-01    5.000000E-01    7.878788E+00   -7.547759E-15
    4.221716E-03    8.000000E-01    5.000000E-01    7.979798E+00   -2.462945E-25
    4.221716E-03    8.000000E-01    5.000000E-01    8.080808E+00   -2.313257E-25
    4.221716E-03    8.000000E-01    5.000000E-01    8.181818E+00   -2.163569E-25
    4.221716E-03    8.000000E-01    5.000000E-01    8.282828E+00   -2.013882E-25
    4.221716E-03    8.000000E-01    5.000000E-01    8.383838E+00   -1.864194E-25
    4.221716E-03    8.000000E-01    5.000000E-01    8.484848E+00   -1.714506E-25
    4.221716E-03    8.000000E-01    5.000000E-01    8.585859E+00   -1.564818E-25
    4.221716E-03    8.000000E-01    5.000000E-01    8.686869E+00   -1.415130E-25
    4.221716E-03    8.000000E-01    5.000000E-01    8.787879E+00   -1.265443E-25
    4.221716E-03    8.000000E-01    5.000000E-01    8.888889E+00   -1.115755E-25
    4.221716E-03    8.000000E-01    5.000000E-01    8.989899E+00   -9.660670E-26
    4.221716E-03    8.000000E-01    5.000000E-01    9.090909E+00   -8.163792E-26
    4.221716E-03    8.000000E-01    5.000000E-01    9.191919E+00   -6.666913E-26
    4.221716E-03    8.000000E-01    5.000000E-01    9.292929E+00   -5.170035E-26
    4.221716E-03    8.000000E-01    5.000000E-01    9.393939E+00   -3.673157E-26
    4.221716E-03    8.000000E-01    5.000000E-01    9.494949E+00   -2.176279E-26
    4.221716E-03    8.000000E-01    5.000000E-01    9.595960E+00   -6.794013E-27
    4.221716E-03    8.000000E-01    5.000000E-01    9.696970E+00   -6.850709E-33
    4.221716E-03    8.000000E-01    5.000000E-01    9.797980E+00   -7.288151E-33
    4.221716E-03    8.000000E-01    5.000000E-01    9.898990E+00   -7.725593E-33
    4.221716E-03    8.000000E-01    5.000000E-01    1.000000E+01   -8.163034E-33

    4.221716E-03    9.000000E-01    5.000000E-01    0.000000E+00    1.169450E+00
    4.221716E-03    9.000000E-01    5.000000E-01    1.010101E-01    1.163098E+00
    4.221716E-03    9.000000E-01    5.000000E-01    2.020202E-01    1.144230E+00
    4.221716E-03    9.000000E-01    5.000000E-01    3.030303E-01    1.113253E+00
    4.221716E-03    9.000000E-01    5.000000E-01    4.040404E-01    1.070928E+00
    4.221716E-03    9.000000E-01    5.000000E-01    5.050505E-01    1.018345E+00
    4.221716E-03    9.000000E-01    5.000000E-01    6.060606E-01    9.568625E-01
    4.221716E-03    9.000000E-01    5.000000E-01    7.070707E-01    8.880161E-01
    4.221716E-03    9.000000E-01    5.000000E-01    8.080808E-01    8.133247E-01
    4.221716E-03    9.000000E-01    5.000000E-01    9.090909E-01    7.343249E-01
    4.221716E-03    9.000000E-01    5.000000E-01    1.010101E+00    6.522615E-01
    4.221716E-03    9.000000E-01    5.000000E-01    1.111111E+00    5.681772E-01
    4.221716E-03    9.000000E-01    5.000000E-01    1.212121E+00    4.829011E-01
    4.221716E-03    9.000000E-01    5.000000E-01    1.313131E+00    3.970836E-01
    4.221716E-03    9.000000E-01    5.000000E-01    1.414141E+00    3.112468E-01
    4.221716E-03    9.000000E-01    5.000000E-01    1.515152E+00    2.258375E-01
    4.221716E-03    9.000000E-01    5.000000E-01    1.616162E+00    1.412186E-01
    4.221716E-03    9.000000E-01    5.000000E-01    1.717172E+00    5.795051E-02
    4.221716E-03    9.000000E-01    5.000000E-01    1.818182E+00   -2.345558E-02
    4.221716E-03    9.000000E-01    5.000000E-01    1.919192E+00   -1.019712E-01
    4.221716E-03    9.000000E-01    5.000000E-01    2.020202E+00   -1.756586E-01
    4.221716E-03    9.000000E-01    5.000000E-01    2.121212E+00   -2.432714E-01
    4.221716E-03    9.000000E-01    5.000000E-01    2.222222E+00   -3.026297E-01
    4.221716E-03    9.000000E-01    5.000000E-01    2.323232E+00   -3.505118E-01
    4.221716E-03    9.000000E-01    5.000000E-01    2.424242E+00   -3.859806E-01
    4.221716E-03    9.000000E-01    5.000000E-01    2.525253E+00   -4.067075E-01
    4.221716E-03    9.000000E-01    5.000000E-01    2.626263E+00   -4.085568E-01
    4.221716E-03    9.000000E-01    5.000000E-01    2.727273E+00   -4.002685E-01
    4.221716E-03    9.000000E-01    5.000000E-01    2.828283E+00   -3.919802E-01
    4.221716E-03    9.000000E-01    5.000000E-01    2.929293E+00   -3.675535E-01
    4.221716E-03    9.000000E-01    5.000000E-01    3.030303E+00   -3.261473E-01
    4.221716E-03    9.000000E-01    5.000000E-01    3.131313E+00   -2.847412E-01
    4.221716E-03    9.000000E-01    5.000000E-01    3.232323E+00   -2.433350E-01
    4.221716E-03    9.000000E-01    5.000000E-01    3.333333E+00   -2.019289E-01
    4.221716E-03    9.000000E-01    5.000000E-01    3.434343E+00   -1.616535E-01
    4.221716E-03    9.000000E-01    5.000000E-01    3.535354E+00   -1.413355E-01
    4.221716E-03    9.000000E-01    5.000000E-01    3.636364E+00   -1.210176E-01
    4.221716E-03    9.000000E-01    5.000000E-01    3.737374E+00   -1.006997E-01
    4.221716E-03    9.000000E-01    5.000000E-01    3.838384E+00   -8.038182E-02
    4.221716E-03    9.000000E-01    5.000000E-01    3.939394E+00   -6.006392E-02
    4.221716E-03    9.000000E-01    5.000000E-01    4.040404E+00   -3.974601E-02
    4.221716E-03    9.000000E-01    5.000000E-01    4.141414E+00   -1.942810E-02
    4.221716E-03    9.000000E-01    5.000000E-01    4.242424E+00   -4.962992E-03
    4.221716E-03    9.000000E-01    5.000000E-01    4.343434E+00   -4.452786E-03
    4.221716E-03    9.000000E-01    5.000000E-01    4.444444E+00   -3.942580E-03
    4.221716E-03    9.000000E-01    5.000000E-01    4.545455E+00   -3.432374E-03
    4.221716E-03    9.000000E-01    5.000000E-01    4.646465E+00   -2.922168E-03
    4.221716E-03    9.000000E-01    5.000000E-01    4.747475E+00   -2.411962E-03
    4.221716E-03    9.000000E-01    5.000000E-01    4.848485E+00   -1.901756E-03
    4.221716E-03    9.000000E-01    5.000000E-01    4.949495E+00   -1.391550E-03
    4.221716E-03    9.000000E-01    5.000000E-01    5.050505E+00   -8.813439E-04
    4.221716E-03    9.000000E-01    5.000000E-01    5.151515E+00   -3.711379E-04
    4.221716E-03    9.000000E-01    5.000000E-01    5.252525E+00   -4.266611E-07
    4.221716E-03    9.000000E-01    5.000000E-01    5.353535E+00   -3.910601E-07
    4.221716E-03    9.000000E-01    5.000000E-01    5.454545E+00   -3.554590E-07
    4.221716E-03    9.000000E-01    5.000000E-01    5.555556E+00   -3.198580E-07
    4.221716E-03    9.000000E-01    5.000000E-01    5.656566E+00   -2.842570E-07
    4.221716E-03    9.000000E-01    5.000000E-01    5.757576E+00   -2.486560E-07
    4.221716E-03    9.000000E-01    5.000000E-01    5.858586E+00   -2.130549E-07
    4.221716E-03    9.000000E-01    5.000000E-01    5.959596E+00   -1.774539E-07
    4.221716E-03    9.000000E-01    5.000000E-01    6.060606E+00   -1.418529E-07
    4.221716E-03    9.000000E-01    5.000000E-01    6.161616E+00   -1.062518E-07
    4.221716E-03    9.000000E-01    5.000000E-01    6.262626E+00   -7.065082E-08
    4.221716E-03    9.000000E-01    5.000000E-01    6.363636E+00   -3.504979E-08
    4.221716E-03    9.000000E-01    5.000000E-01    6.464646E+00   -1.630747E-13
    4.221716E-03    9.000000E-01    5.000000E-01    6.565657E+00   -1.518398E-13
    4.221716E-03    9.000000E-01    5.000000E-01    6.666667E+00   -1.406048E-13
    4.221716E-03    9.000000E-01    5.000000E-01    6.767677E+00   -1.293699E-13
    4.221716E-03    9.000000E-01    5.000000E-01    6.868687E+00   -1.181350E-13
    4.221716E-03    9.000000E-01    5.000000E-01    6.969697E+00   -1.069000E-13
    4.221716E-03    9.000000E-01    5.000000E-01    7.070707E+00   -9.566508E-14
    4.221716E-03    9.000000E-01    5.000000E-01    7.171717E+00   -8.443014E-14
    4.221716E-03    9.000000E-01    5.000000E-01    7.272727E+00   -7.319520E-14
    4.221716E-03    9.000000E-01    5.000000E-01    7.373737E+00   -6.196027E-14
    4.221716E-03    9.000000E-01    5.000000E-01    7.474747E+00   -5.072533E-14
    4.221716E-03    9.000000E-01    5.000000E-01    7.575758E+00   -3.949039E-14
    4.221716E-03    9.000000E-01    5.000000E-01    7.676768E+00   -2.825545E-14
    4.221716E-03    9.000000E-01    5.000000E-01    7.777778E+00   -1.702052E-14
    4.221716E-03    9.000000E-01    5.000000E-01    7.878788E+00   -5.785580E-15
    4.221716E-03    9.000000E-01    5.000000E-01    7.979798E+00   -1.887657E-25
    4.221716E-03    9.000000E-01    5.000000E-01    8.080808E+00   -1.772933E-25
    4.221716E-03    9.000000E-01    5.000000E-01    8.181818E+00   -1.658209E-25
    4.221716E-03    9.000000E-01    5.000000E-01    8.282828E+00   -1.543485E-25
    4.221716E-03    9.000000E-01    5.000000E-01    8.383838E+00   -1.428761E-25
    4.221716E-03    9.000000E-01    5.000000E-01    8.484848E+00   -1.314037E-25
    4.221716E-03    9.000000E-01    5.000000E-01    8.585859E+00   -1.199312E-25
    4.221716E-03    9.000000E-01    5.000000E-01    8.686869E+00   -1.084588E-25
    4.221716E-03    9.000000E-01    5.000000E-01    8.787879E+00   -9.698641E-26
    4.221716E-03    9.000000E-01    5.000000E-01    8.888889E+00   -8.551399E-26
    4.221716E-03    9.000000E-01    5.000000E-01    8.989899E+00   -7.404158E-26
    4.221716E-03    9.000000E-01    5.000000E-01    9.090909E+00   -6.256916E-26
    4.221716E-03    9.000000E-01    5.000000E-01    9.191919E+00   -5.109675E-26
    4.221716E-03    9.000000E-01    5.000000E-01    9.292929E+00   -3.962433E-26
    4.221716E-03    9.000000E-01    5.000000E-01    9.393939E+00   -2.815192E-26
    4.221716E-03    9.000000E-01    5.000000E-01    9.494949E+00   -1.667950E-26
    4.221716E-03    9.000000E-01    5.000000E-01    9.595960E+00   -5.207086E-27
    4.221716E-03    9.000000E-01    5.000000E-01    9.696970E+00   -5.279208E-33
    4.221716E-03    9.000000E-01    5.000000E-01    9.797980E+00   -5.616298E-33
    4.221716E-03    9.000000E-01    5.000000E-01    9.898990E+00   -5.953389E-33
    4.221716E-03    9.000000E-01    5.000000E-01    1.000000E+01   -6.290479E-33

    4.221716E-03    1.000000E+00    5.000000E-01    0.000000E+00    4.692172E-01
    4.221716E-03    1.000000E+00    5.000000E-01    1.010101E-01    4.666702E-01
    4.221716E-03    1.000000E+00    5.000000E-01    2.020202E-01    4.591049E-01
    4.221716E-03    1.000000E+00    5.000000E-01    3.030303E-01    4.466841E-01
    4.221716E-03    1.000000E+00    5.000000E-01    4.040404E-01    4.297140E-01
    4.221716E-03    1.000000E+00    5.000000E-01    5.050505E-01    4.086301E-01
    4.221716E-03    1.000000E+00    5.000000E-01    6.060606E-01    3.839757E-01
    4.221716E-03    1.000000E+00    5.000000E-01    7.070707E-01    3.563654E-01
    4.221716E-03    1.000000E+00    5.000000E-01    8.080808E-01    3.264070E-01
    4.221716E-03    1.000000E+00    5.000000E-01    9.090909E-01    2.947163E-01
    4.221716E-03    1.000000E+00    5.000000E-01    1.010101E+00    2.617927E-01
    4.221716E-03    1.000000E+00    5.000000E-01    1.111111E+00    2.280550E-01
    4.221716E-03    1.000000E+00    5.000000E-01    1.212121E+00    1.938363E-01
    4.221716E-03    1.000000E+00    5.000000E-01    1.313131E+00    1.593978E-01
    4.221716E-03    1.000000E+00    5.000000E-01    1.414141E+00    1.249495E-01
    4.221716E-03    1.000000E+00    5.000000E-01    1.515152E+00    9.067054E-02
    4.221716E-03    1.000000E+00    5.000000E-01    1.616162E+00    5.670682E-02
    4.221716E-03    1.000000E+00    5.000000E-01    1.717172E+00    2.328321E-02
    4.221716E-03    1.000000E+00    5.000000E-01    1.818182E+00   -9.394901E-03
    4.221716E-03    1.000000E+00    5.000000E-01    1.919192E+00   -4.091465E-02
    4.221716E-03    1.000000E+00    5.000000E-01    2.020202E+00   -7.049809E-02
    4.221716E-03    1.000000E+00    5.000000E-01    2.121212E+00   -9.764430E-02
    4.221716E-03    1.000000E+00    5.000000E-01    2.222222E+00   -1.214779E-01
    4.221716E-03    1.000000E+00    5.000000E-01    2.323232E+00   -1.407052E-01
    4.221716E-03    1.000000E+00    5.000000E-01    2.424242E+00   -1.549493E-01
    4.221716E-03    1.000000E+00    5.000000E-01    2.525253E+00   -1.632752E-01
    4.221716E-03    1.000000E+00    5.000000E-01    2.626263E+00   -1.640216E-01
    4.221716E-03    1.000000E+00    5.000000E-01    2.727273E+00   -1.606975E-01
    4.221716E-03    1.000000E+00    5.000000E-01    2.828283E+00   -1.573734E-01
    4.221716E-03    1.000000E+00    5.000000E-01    2.929293E+00   -1.475686E-01
    4.221716E-03    1.000000E+00    5.000000E-01    3.030303E+00   -1.309452E-01
    4.221716E-03    1.000000E+00    5.000000E-01    3.131313E+00   -1.143218E-01
    4.221716E-03    1.000000E+00    5.000000E-01    3.232323E+00   -9.769844E-02
    4.221716E-03    1.000000E+00    5.000000E-01    3.333333E+00   -8.107506E-02
    4.221716E-03    1.000000E+00    5.000000E-01    3.434343E+00   -6.490560E-02
    4.221716E-03    1.000000E+00    5.000000E-01    3.535354E+00   -5.674775E-02
    4.221716E-03    1.000000E+00    5.000000E-01    3.636364E+00   -4.858989E-02
    4.221716E-03    1.000000E+00    5.000000E-01    3.737374E+00   -4.043204E-02
    4.221716E-03    1.000000E+00    5.000000E-01    3.838384E+00   -3.227418E-02
    4.221716E-03    1.000000E+00    5.000000E-01    3.939394E+00   -2.411633E-02
    4.221716E-03    1.000000E+00    5.000000E-01    4.040404E+00   -1.595847E-02
    4.221716E-03    1.000000E+00    5.000000E-01    4.141414E+00   -7.800618E-03
    4.221716E-03    1.000000E+00    5.000000E-01    4.242424E+00   -1.992723E-03
    4.221716E-03    1.000000E+00    5.000000E-01    4.343434E+00   -1.787867E-03
    4.221716E-03    1.000000E+00    5.000000E-01    4.444444E+00   -1.583011E-03
    4.221716E-03    1.000000E+00    5.000000E-01    4.545455E+00   -1.378155E-03
    4.221716E-03    1.000000E+00    5.000000E-01    4.646465E+00   -1.173298E-03
    4.221716E-03    1.000000E+00    5.000000E-01    4.747475E+00   -9.684423E-04
    4.221716E-03    1.000000E+00    5.000000E-01    4.848485E+00   -7.635862E-04
    4.221716E-03    1.000000E+00    5.000000E-01    4.949495E+00   -5.587301E-04
    4.221716E-03    1.000000E+00    5.000000E-01    5.050505E+00   -3.538740E-04
    4.221716E-03    1.000000E+00    5.000000E-01    5.151515E+00   -1.490179E-04
    4.221716E-03    1.000000E+00    5.000000E-01    5.252525E+00   -1.711711E-07
    4.221716E-03    1.000000E+00    5.000000E-01    5.353535E+00   -1.568884E-07
    4.221716E-03    1.000000E+00    5.000000E-01    5.454545E+00   -1.426057E-07
    4.221716E-03    1.000000E+00    5.000000E-01    5.555556E+00   -1.283231E-07
    4.221716E-03    1.000000E+00    5.000000E-01    5.656566E+00   -1.140404E-07
    4.221716E-03    1.000000E+00    5.000000E-01    5.757576E+00   -9.975768E-08
    4.221716E-03    1.000000E+00    5.000000E-01    5.858586E+00   -8.547499E-08
    4.221716E-03    1.000000E+00    5.000000E-01    5.959596E+00   -7.119230E-08
    4.221716E-03    1.000000E+00    5.000000E-01    6.060606E+00   -5.690961E-08
    4.221716E-03    1.000000E+00    5.000000E-01    6.161616E+00   -4.262692E-08
    4.221716E-03    1.000000E+00    5.000000E-01    6.262626E+00   -2.834423E-08
    4.221716E-03    1.000000E+00    5.000000E-01    6.363636E+00   -1.406154E-08
    4.221716E-03    1.000000E+00    5.000000E-01    6.464646E+00   -6.499903E-14
    4.221716E-03    1.000000E+00    5.000000E-01    6.565657E+00   -6.052096E-14
    4.221716E-03    1.000000E+00    5.000000E-01    6.666667E+00   -5.604289E-14
    4.221716E-03    1.000000E+00    5.000000E-01    6.767677E+00   -5.156482E-14
    4.221716E-03    1.000000E+00    5.000000E-01    6.868687E+00   -4.708675E-14
    4.221716E-03    1.000000E+00    5.000000E-01    6.969697E+00   -4.260868E-14
    4.221716E-03    1.000000E+00    5.000000E-01    7.070707E+00   -3.813061E-14
    4.221716E-03    1.000000E+00    5.000000E-01    7.171717E+00   -3.365254E-14
    4.221716E-03    1.000000E+00    5.000000E-01    7.272727E+00   -2.917447E-14
    4.221716E-03    1.000000E+00    5.000000E-01    7.373737E+00   -2.469640E-14
    4.221716E-03    1.000000E+00    5.000000E-01    7.474747E+00   -2.021833E-14
    4.221716E-03    1.000000E+00    5.000000E-01    7.575758E+00   -1.574025E-14
    4.221716E-03    1.000000E+00    5.000000E-01    7.676768E+00   -1.126218E-14
    4.221716E-03    1.000000E+00    5.000000E-01    7.777778E+00   -6.784113E-15
    4.221716E-03    1.000000E+00    5.000000E-01    7.878788E+00   -2.306042E-15
    4.221716E-03    1.000000E+00    5.000000E-01    7.979798E+00   -7.520181E-26
    4.221716E-03    1.000000E+00    5.000000E-01    8.080808E+00   -7.063135E-26
    4.221716E-03    1.000000E+00    5.000000E-01    8.181818E+00   -6.606089E-26
    4.221716E-03    1.000000E+00    5.000000E-01    8.282828E+00   -6.149043E-26
    4.221716E-03    1.000000E+00    5.000000E-01    8.383838E+00   -5.691997E-26
    4.221716E-03    1.000000E+00    5.000000E-01    8.484848E+00   -5.234951E-26
    4.221716E-03    1.000000E+00    5.000000E-01    8.585859E+00   -4.777905E-26
    4.221716E-03    1.000000E+00    5.000000E-01    8.686869E+00   -4.320859E-26
    4.221716E-03    1.000000E+00    5.000000E-01    8.787879E+00   -3.863812E-26
    4.221716E-03    1.000000E+00    5.000000E-01    8.888889E+00   -3.406766E-26
    4.221716E-03    1.000000E+00    5.000000E-01    8.989899E+00   -2.949720E-26
    4.221716E-03    1.000000E+00    5.000000E-01    9.090909E+00   -2.492674E-26
    4.221716E-03    1.000000E+00    5.000000E-01    9.191919E+00   -2.035628E-26
    4.221716E-03    1.000000E+00    5.000000E-01    9.292929E+00   -1.578582E-26
    4.221716E-03    1.000000E+00    5.000000E-01    9.393939E+00   -1.121536E-26
    4.221716E-03    1.000000E+00    5.000000E-01    9.494949E+00   -6.644897E-27
    4.221716E-03    1.000000E+00    5.000000E-01    9.595960E+00   -2.074436E-27
    4.221716E-03    1.000000E+00    5.000000E-01    9.696970E+00   -2.119620E-33
    4.221716E-03    1.000000E+00    5.000000E-01    9.797980E+00   -2.254961E-33
    4.221716E-03    1.000000E+00    5.000000E-01    9.898990E+00   -2.390301E-33
    4.221716E-03    1.000000E+00    5.000000E-01    1.000000E+01   -2.525642E-33

    4.221716E-03    1.100000E+00    5.000000E-01    0.000000E+00    3.482337E-06
    4.221716E-03    1.100000E+00    5.000000E-01    1.010101E-01    3.463561E-06
    4.221716E-03    1.100000E+00    5.000000E-01    2.020202E-01    3.407791E-06
    4.221716E-03    1.100000E+00    5.000000E-01    3.030303E-01    3.316234E-06
    4.221716E-03    1.100000E+00    5.000000E-01    4.040404E-01    3.191139E-06
    4.221716E-03    1.100000E+00    5.000000E-01    5.050505E-01    3.035694E-06
    4.221716E-03    1.100000E+00    5.000000E-01    6.060606E-01    2.853859E-06
    4.221716E-03    1.100000E+00    5.000000E-01    7.070707E-01    2.650113E-06
    4.221716E-03    1.100000E+00    5.000000E-01    8.080808E-01    2.428885E-06
    4.221716E-03    1.100000E+00    5.000000E-01    9.090909E-01    2.194690E-06
    4.221716E-03    1.100000E+00    5.000000E-01    1.010101E+00    1.951198E-06
    4.221716E-03    1.100000E+00    5.000000E-01    1.111111E+00    1.701503E-06
    4.221716E-03    1.100000E+00    5.000000E-01    1.212121E+00    1.448072E-06
    4.221716E-03    1.100000E+00    5.000000E-01    1.313131E+00    1.192843E-06
    4.221716E-03    1.100000E+00    5.000000E-01    1.414141E+00    9.373790E-07
    4.221716E-03    1.100000E+00    5.000000E-01    1.515152E+00    6.830037E-07
    4.221716E-03    1.100000E+00    5.000000E-01    1.616162E+00    4.308135E-07
    4.221716E-03    1.100000E+00    5.000000E-01    1.717172E+00    1.824657E-07
    4.221716E-03    1.100000E+00    5.000000E-01    1.818182E+00   -6.049503E-08
    4.221716E-03    1.100000E+00    5.000000E-01    1.919192E+00   -2.950022E-07
    4.221716E-03    1.100000E+00    5.000000E-01    2.020202E+00   -5.152775E-07
    4.221716E-03    1.100000E+00    5.000000E-01    2.121212E+00   -7.175610E-07
    4.221716E-03    1.100000E+00    5.000000E-01    2.222222E+00   -8.953287E-07
    4.221716E-03    1.100000E+00    5.000000E-01    2.323232E+00   -1.038947E-06
    4.221716E-03    1.100000E+00    5.000000E-01    2.424242E+00   -1.145581E-06
    4.221716E-03    1.100000E+00    5.000000E-01    2.525253E+00   -1.208253E-06
    4.221716E-03    1.100000E+00    5.000000E-01    2.626263E+00   -1.214573E-06
    4.221716E-03    1.100000E+00    5.000000E-01    2.727273E+00   -1.190617E-06
    4.221716E-03    1.100000E+00    5.000000E-01    2.828283E+00   -1.166662E-06
    4.221716E-03    1.100000E+00    5.000000E-01    2.929293E+00   -1.094375E-06
    4.221716E-03    1.100000E+00    5.000000E-01    3.030303E+00   -9.712382E-07
    4.221716E-03    1.100000E+00    5.000000E-01    3.131313E+00   -8.481009E-07
    4.221716E-03    1.100000E+00    5.000000E-01    3.232323E+00   -7.249637E-07
    4.221716E-03    1.100000E+00    5.000000E-01    3.333333E+00   -6.018264E-07
    4.221716E-03    1.100000E+00    5.000000E-01    3.434343E+00   -4.820431E-07
    4.221716E-03    1.100000E+00    5.000000E-01    3.535354E+00   -4.214574E-07
    4.221716E-03    1.100000E+00    5.000000E-01    3.636364E+00   -3.608717E-07
    4.221716E-03    1.100000E+00    5.000000E-01    3.737374E+00   -3.002860E-07
    4.221716E-03    1.100000E+00    5.000000E-01    3.838384E+00   -2.397003E-07
    4.221716E-03    1.100000E+00    5.000000E-01    3.939394E+00   -1.791146E-07
    4.221716E-03    1.100000E+00    5.000000E-01    4.040404E+00   -1.185289E-07
    4.221716E-03    1.100000E+00    5.000000E-01    4.141414E+00   -5.794317E-08
    4.221716E-03    1.100000E+00    5.000000E-01    4.242424E+00   -1.480953E-08
    4.221716E-03    1.100000E+00    5.000000E-01    4.343434E+00   -1.328708E-08
    4.221716E-03    1.100000E+00    5.000000E-01    4.444444E+00   -1.176463E-08
    4.221716E-03    1.100000E+00    5.000000E-01    4.545455E+00   -1.024218E-08
    4.221716E-03    1.100000E+00    5.000000E-01    4.646465E+00   -8.719727E-09
    4.221716E-03    1.100000E+00    5.000000E-01    4.747475E+00   -7.197276E-09
    4.221716E-03    1.100000E+00    5.000000E-01    4.848485E+00   -5.674825E-09
    4.221716E-03    1.100000E+00    5.000000E-01    4.949495E+00   -4.152374E-09
    4.221716E-03    1.100000E+00    5.000000E-01    5.050505E+00   -2.629923E-09
    4.221716E-03    1.100000E+00    5.000000E-01    5.151515E+00   -1.107471E-09
    4.221716E-03    1.100000E+00    5.000000E-01    5.252525E+00   -1.271689E-12
    4.221716E-03    1.100000E+00    5.000000E-01    5.353535E+00   -1.165578E-12
    4.221716E-03    1.100000E+00    5.000000E-01    5.454545E+00   -1.059467E-12
    4.221716E-03    1.100000E+00    5.000000E-01    5.555556E+00   -9.533561E-13
    4.221716E-03    1.100000E+00    5.000000E-01    5.656566E+00   -8.472451E-13
    4.221716E-03    1.100000E+00    5.000000E-01    5.757576E+00   -7.411341E-13
    4.221716E-03    1.100000E+00    5.000000E-01    5.858586E+00   -6.350231E-13
    4.221716E-03    1.100000E+00    5.000000E-01    5.959596E+00   -5.289121E-13
    4.221716E-03    1.100000E+00    5.000000E-01    6.060606E+00   -4.228011E-13
    4.221716E-03    1.100000E+00    5.000000E-01    6.161616E+00   -3.166900E-13
    4.221716E-03    1.100000E+00    5.000000E-01    6.262626E+00   -2.105790E-13
    4.221716E-03    1.100000E+00    5.000000E-01    6.363636E+00   -1.044680E-13
    4.221716E-03    1.100000E+00    5.000000E-01    6.464646E+00   -4.786695E-19
    4.221716E-03    1.100000E+00    5.000000E-01    6.565657E+00   -4.456919E-19
    4.221716E-03    1.100000E+00    5.000000E-01    6.666667E+00   -4.127142E-19
    4.221716E-03    1.100000E+00    5.000000E-01    6.767677E+00   -3.797366E-19
    4.221716E-03    1.100000E+00    5.000000E-01    6.868687E+00   -3.467589E-19
    4.221716E-03    1.100000E+00    5.000000E-01    6.969697E+00   -3.137812E-19
    4.221716E-03    1.100000E+00    5.000000E-01    7.070707E+00   -2.808036E-19
    4.221716E-03    1.100000E+00    5.000000E-01    7.171717E+00   -2.478259E-19
    4.221716E-03    1.100000E+00    5.000000E-01    7.272727E+00   -2.148483E-19
    4.221716E-03    1.100000E+00    5.000000E-01    7.373737E+00   -1.818706E-19
    4.221716E-03    1.100000E+00    5.000000E-01    7.474747E+00   -1.488929E-19
    4.221716E-03    1.100000E+00    5.000000E-01    7.575758E+00   -1.159153E-19
    4.221716E-03    1.100000E+00    5.000000E-01    7.676768E+00   -8.293761E-20
    4.221716E-03    1.100000E+00    5.000000E-01    7.777778E+00   -4.995995E-20
    4.221716E-03    1.100000E+00    5.000000E-01    7.878788E+00   -1.698228E-20
    4.221716E-03    1.100000E+00    5.000000E-01    7.979798E+00   -5.511979E-31
    4.221716E-03    1.100000E+00    5.000000E-01    8.080808E+00   -5.176983E-31
    4.221716E-03    1.100000E+00    5.000000E-01    8.181818E+00   -4.841987E-31
    4.221716E-03    1.100000E+00    5.000000E-01    8.282828E+00   -4.506992E-31
    4.221716E-03    1.100000E+00    5.000000E-01    8.383838E+00   -4.171996E-31
    4.221716E-03    1.100000E+00    5.000000E-01    8.484848E+00   -3.837000E-31
    4.221716E-03    1.100000E+00    5.000000E-01    8.585859E+00   -3.502004E-31
    4.221716E-03    1.100000E+00    5.000000E-01    8.686869E+00   -3.167009E-31
    4.221716E-03    1.100000E+00    5.000000E-01    8.787879E+00   -2.832013E-31
    4.221716E-03    1.100000E+00    5.000000E-01    8.888889E+00   -2.497017E-31
    4.221716E-03    1.100000E+00    5.000000E-01    8.989899E+00   -2.162022E-31
    4.221716E-03    1.100000E+00    5.000000E-01    9.090909E+00   -1.827026E-31
    4.221716E-03    1.100000E+00    5.000000E-01    9.191919E+00   -1.492030E-31
    4.221716E-03    1.100000E+00    5.000000E-01    9.292929E+00   -1.157035E-31
    4.221716E-03    1.100000E+00    5.000000E-01    9.393939E+00   -8.220389E-32
    4.221716E-03    1.100000E+00    5.000000E-01    9.494949E+00   -4.870432E-32
    4.221716E-03    1.100000E+00    5.000000E-01    9.595960E+00   -1.520475E-32
    4.221716E-03    1.100000E+00    5.000000E-01    9.696970E+00   -1.558027E-38
    4.221716E-03    1.100000E+00    5.000000E-01    9.797980E+00   -1.657717E-38
    4.221716E-03    1.100000E+00    5.000000E-01    9.898990E+00   -1.757406E-38
    4.221716E-03    1.100000E+00    5.000000E-01    1.000000E+01   -1.857096E-38

