#     k [MeV]       Xi [MeV]       1/2/Xi [MeV-1]     e(k) [MeV]     Xi_qp [MeV]


# rho=   0.03200 temp=   0.60000
    0.868113E+00    0.218849E+02    0.228468E-01   -0.114745E+02    0.198018E+02
    0.453956E+01    0.218739E+02    0.228583E-01   -0.114629E+02    0.197901E+02
    0.110054E+02    0.218177E+02    0.229172E-01   -0.114003E+02    0.197275E+02
    0.200335E+02    0.216597E+02    0.230844E-01   -0.112219E+02    0.195491E+02
    0.312977E+02    0.213346E+02    0.234362E-01   -0.108429E+02    0.191702E+02
    0.443909E+02    0.207771E+02    0.240650E-01   -0.101947E+02    0.185219E+02
    0.588400E+02    0.199338E+02    0.250830E-01   -0.925740E+01    0.175847E+02
    0.741227E+02    0.187828E+02    0.266200E-01   -0.803807E+01    0.163653E+02
    0.896866E+02    0.173380E+02    0.288383E-01   -0.656057E+01    0.148878E+02
    0.104969E+03    0.156493E+02    0.319503E-01   -0.489296E+01    0.132202E+02
    0.119418E+03    0.138048E+02    0.362194E-01   -0.313751E+01    0.114648E+02
    0.132512E+03    0.119232E+02    0.419351E-01   -0.141573E+01    0.974299E+01
    0.143776E+03    0.101412E+02    0.493037E-01    0.159940E+00    0.816733E+01
    0.152804E+03    0.860217E+01    0.581249E-01    0.148732E+01    0.684008E+01
    0.159270E+03    0.743879E+01    0.672153E-01    0.247545E+01    0.585248E+01
    0.162941E+03    0.675600E+01    0.740083E-01    0.305127E+01    0.527758E+01
    0.163882E+03    0.657862E+01    0.760038E-01    0.320048E+01    0.512877E+01
    0.164188E+03    0.652062E+01    0.766798E-01    0.324932E+01    0.508007E+01
    0.164735E+03    0.641697E+01    0.779184E-01    0.333655E+01    0.499314E+01
    0.165513E+03    0.626887E+01    0.797591E-01    0.346106E+01    0.486911E+01
    0.166509E+03    0.607856E+01    0.822563E-01    0.362125E+01    0.470970E+01
    0.167707E+03    0.584845E+01    0.854928E-01    0.381501E+01    0.451713E+01
    0.169088E+03    0.558182E+01    0.895765E-01    0.403977E+01    0.429424E+01
    0.170628E+03    0.528281E+01    0.946466E-01    0.429248E+01    0.404447E+01
    0.172302E+03    0.495638E+01    0.100880E+00    0.456962E+01    0.377198E+01
    0.174084E+03    0.460846E+01    0.108496E+00    0.486719E+01    0.348179E+01
    0.175943E+03    0.424628E+01    0.117750E+00    0.518074E+01    0.317990E+01
    0.177848E+03    0.387846E+01    0.128917E+00    0.550545E+01    0.287345E+01
    0.179770E+03    0.351509E+01    0.142244E+00    0.583618E+01    0.257073E+01
    0.181676E+03    0.316717E+01    0.157870E+00    0.616757E+01    0.228108E+01
    0.183535E+03    0.284647E+01    0.175656E+00    0.649411E+01    0.201441E+01
    0.185316E+03    0.256388E+01    0.195017E+00    0.681015E+01    0.178015E+01
    0.186991E+03    0.232819E+01    0.214759E+00    0.711010E+01    0.158580E+01
    0.188531E+03    0.214437E+01    0.233169E+00    0.738845E+01    0.143538E+01
    0.189911E+03    0.201170E+01    0.248547E+00    0.763998E+01    0.132842E+01
    0.191109E+03    0.192567E+01    0.259650E+00    0.785987E+01    0.126007E+01
    0.192106E+03    0.188866E+01    0.264737E+00    0.804381E+01    0.122223E+01
    0.192883E+03    0.186250E+01    0.268456E+00    0.818816E+01    0.120537E+01
    0.193430E+03    0.200122E+01    0.249848E+00    0.829000E+01    0.120039E+01
    0.193737E+03    0.170771E+01    0.292790E+00    0.834729E+01    0.120011E+01
    0.193882E+03    0.180634E+01    0.276802E+00    0.837428E+01    0.120061E+01
    0.194188E+03    0.182160E+01    0.274484E+00    0.843172E+01    0.120303E+01
    0.194735E+03    0.181238E+01    0.275881E+00    0.853431E+01    0.121189E+01
    0.195513E+03    0.185983E+01    0.268842E+00    0.868079E+01    0.123452E+01
    0.196509E+03    0.190525E+01    0.262433E+00    0.886932E+01    0.128053E+01
    0.197707E+03    0.198934E+01    0.251340E+00    0.909748E+01    0.136044E+01
    0.199088E+03    0.212651E+01    0.235127E+00    0.936226E+01    0.148379E+01
    0.200628E+03    0.232213E+01    0.215320E+00    0.966012E+01    0.165714E+01
    0.202302E+03    0.257628E+01    0.194078E+00    0.998690E+01    0.188248E+01
    0.204084E+03    0.288787E+01    0.173138E+00    0.103380E+02    0.215675E+01
    0.205943E+03    0.325061E+01    0.153817E+00    0.107081E+02    0.247262E+01
    0.207848E+03    0.364972E+01    0.136997E+00    0.110917E+02    0.282015E+01
    0.209770E+03    0.407404E+01    0.122728E+00    0.114827E+02    0.318841E+01
    0.211676E+03    0.450993E+01    0.110867E+00    0.118747E+02    0.356670E+01
    0.213535E+03    0.494581E+01    0.101096E+00    0.122612E+02    0.394512E+01
    0.215316E+03    0.537116E+01    0.930897E-01    0.126354E+02    0.431473E+01
    0.216991E+03    0.577635E+01    0.865598E-01    0.129907E+02    0.466741E+01
    0.218531E+03    0.615317E+01    0.812590E-01    0.133206E+02    0.499582E+01
    0.219911E+03    0.649386E+01    0.769959E-01    0.136189E+02    0.529324E+01
    0.221109E+03    0.679159E+01    0.736204E-01    0.138798E+02    0.555363E+01
    0.222106E+03    0.704048E+01    0.710179E-01    0.140982E+02    0.577170E+01
    0.222883E+03    0.723561E+01    0.691027E-01    0.142696E+02    0.594295E+01
    0.223430E+03    0.737331E+01    0.678121E-01    0.143906E+02    0.606385E+01
    0.223737E+03    0.745069E+01    0.671079E-01    0.144587E+02    0.613189E+01
    0.224192E+03    0.756558E+01    0.660888E-01    0.145599E+02    0.623301E+01
    0.225823E+03    0.797961E+01    0.626597E-01    0.149250E+02    0.659797E+01
    0.228745E+03    0.872860E+01    0.572830E-01    0.155887E+02    0.726157E+01
    0.232938E+03    0.982020E+01    0.509155E-01    0.165639E+02    0.823664E+01
    0.238374E+03    0.112651E+02    0.443847E-01    0.178698E+02    0.954256E+01
    0.245020E+03    0.130769E+02    0.382353E-01    0.195332E+02    0.112060E+02
    0.252838E+03    0.152721E+02    0.327393E-01    0.215872E+02    0.132599E+02
    0.261789E+03    0.178707E+02    0.279788E-01    0.240709E+02    0.157436E+02
    0.271833E+03    0.208957E+02    0.239283E-01    0.270197E+02    0.186924E+02
    0.282935E+03    0.243735E+02    0.205141E-01    0.304557E+02    0.221285E+02
    0.295062E+03    0.283337E+02    0.176469E-01    0.344228E+02    0.260956E+02
    0.308189E+03    0.328086E+02    0.152399E-01    0.389677E+02    0.306405E+02
    0.322298E+03    0.378352E+02    0.132152E-01    0.440626E+02    0.357354E+02
    0.337379E+03    0.434557E+02    0.115060E-01    0.497579E+02    0.414307E+02
    0.353435E+03    0.497173E+02    0.100569E-01    0.560720E+02    0.477447E+02
    0.370481E+03    0.566758E+02    0.882211E-02    0.630578E+02    0.547306E+02
    0.388545E+03    0.643963E+02    0.776442E-02    0.707588E+02    0.624315E+02
    0.407671E+03    0.729560E+02    0.685344E-02    0.792548E+02    0.709275E+02
    0.427921E+03    0.824473E+02    0.606448E-02    0.886319E+02    0.803046E+02
    0.449380E+03    0.929823E+02    0.537737E-02    0.990105E+02    0.906833E+02
    0.472156E+03    0.104698E+03    0.477564E-02    0.110536E+03    0.102208E+03
    0.496389E+03    0.117765E+03    0.424576E-02    0.123380E+03    0.115053E+03
    0.522256E+03    0.132395E+03    0.377658E-02    0.137758E+03    0.129430E+03
    0.549985E+03    0.148859E+03    0.335888E-02    0.153946E+03    0.145619E+03
    0.579862E+03    0.167505E+03    0.298499E-02    0.172308E+03    0.163981E+03
    0.612261E+03    0.188780E+03    0.264859E-02    0.193312E+03    0.184985E+03
    0.647670E+03    0.213274E+03    0.234440E-02    0.217556E+03    0.209228E+03
    0.686742E+03    0.241769E+03    0.206809E-02    0.245762E+03    0.237434E+03
    0.730374E+03    0.275350E+03    0.181587E-02    0.279000E+03    0.270673E+03
    0.779839E+03    0.315559E+03    0.158449E-02    0.318890E+03    0.310563E+03
    0.837032E+03    0.364785E+03    0.137067E-02    0.367993E+03    0.359666E+03
    0.904943E+03    0.427089E+03    0.117072E-02    0.431188E+03    0.422861E+03
    0.988694E+03    0.510229E+03    0.979952E-03    0.516217E+03    0.507890E+03
    0.109822E+04    0.630982E+03    0.792416E-03    0.640579E+03    0.632252E+03
    0.125712E+04    0.831187E+03    0.601549E-03    0.843634E+03    0.835306E+03
    0.155047E+04    0.127089E+04    0.393425E-03    0.127975E+04    0.127143E+04
