
#   rho [fm-3]      T [MeV]      kf [fm-1]       k [MeV]       av Gap(k) [MeV]       Xi (k)       SigmaHF(k)       Momdis n(k)       Gap_L1       Gap_L2
    4.495283E-02    1.000000E-01    1.100000E+00    0.000000E+00    2.139444E+00
    4.495283E-02    1.000000E-01    1.100000E+00    1.010101E-01    2.132022E+00
    4.495283E-02    1.000000E-01    1.100000E+00    2.020202E-01    2.109846E+00
    4.495283E-02    1.000000E-01    1.100000E+00    3.030303E-01    2.072937E+00
    4.495283E-02    1.000000E-01    1.100000E+00    4.040404E-01    2.021310E+00
    4.495283E-02    1.000000E-01    1.100000E+00    5.050505E-01    1.954809E+00
    4.495283E-02    1.000000E-01    1.100000E+00    6.060606E-01    1.873520E+00
    4.495283E-02    1.000000E-01    1.100000E+00    7.070707E-01    1.777388E+00
    4.495283E-02    1.000000E-01    1.100000E+00    8.080808E-01    1.666422E+00
    4.495283E-02    1.000000E-01    1.100000E+00    9.090909E-01    1.540836E+00
    4.495283E-02    1.000000E-01    1.100000E+00    1.010101E+00    1.401077E+00
    4.495283E-02    1.000000E-01    1.100000E+00    1.111111E+00    1.247950E+00
    4.495283E-02    1.000000E-01    1.100000E+00    1.212121E+00    1.082600E+00
    4.495283E-02    1.000000E-01    1.100000E+00    1.313131E+00    9.064157E-01
    4.495283E-02    1.000000E-01    1.100000E+00    1.414141E+00    7.208745E-01
    4.495283E-02    1.000000E-01    1.100000E+00    1.515152E+00    5.272941E-01
    4.495283E-02    1.000000E-01    1.100000E+00    1.616162E+00    3.269616E-01
    4.495283E-02    1.000000E-01    1.100000E+00    1.717172E+00    1.214944E-01
    4.495283E-02    1.000000E-01    1.100000E+00    1.818182E+00   -8.680890E-02
    4.495283E-02    1.000000E-01    1.100000E+00    1.919192E+00   -2.946573E-01
    4.495283E-02    1.000000E-01    1.100000E+00    2.020202E+00   -4.977711E-01
    4.495283E-02    1.000000E-01    1.100000E+00    2.121212E+00   -6.887251E-01
    4.495283E-02    1.000000E-01    1.100000E+00    2.222222E+00   -8.599641E-01
    4.495283E-02    1.000000E-01    1.100000E+00    2.323232E+00   -1.005492E+00
    4.495283E-02    1.000000E-01    1.100000E+00    2.424242E+00   -1.115535E+00
    4.495283E-02    1.000000E-01    1.100000E+00    2.525253E+00   -1.188048E+00
    4.495283E-02    1.000000E-01    1.100000E+00    2.626263E+00   -1.221964E+00
    4.495283E-02    1.000000E-01    1.100000E+00    2.727273E+00   -1.221116E+00
    4.495283E-02    1.000000E-01    1.100000E+00    2.828283E+00   -1.188034E+00
    4.495283E-02    1.000000E-01    1.100000E+00    2.929293E+00   -1.124192E+00
    4.495283E-02    1.000000E-01    1.100000E+00    3.030303E+00   -1.032252E+00
    4.495283E-02    1.000000E-01    1.100000E+00    3.131313E+00   -9.155206E-01
    4.495283E-02    1.000000E-01    1.100000E+00    3.232323E+00   -7.794066E-01
    4.495283E-02    1.000000E-01    1.100000E+00    3.333333E+00   -6.336807E-01
    4.495283E-02    1.000000E-01    1.100000E+00    3.434343E+00   -4.962307E-01
    4.495283E-02    1.000000E-01    1.100000E+00    3.535354E+00   -3.668702E-01
    4.495283E-02    1.000000E-01    1.100000E+00    3.636364E+00   -2.673800E-01
    4.495283E-02    1.000000E-01    1.100000E+00    3.737374E+00   -1.839728E-01
    4.495283E-02    1.000000E-01    1.100000E+00    3.838384E+00   -1.201420E-01
    4.495283E-02    1.000000E-01    1.100000E+00    3.939394E+00   -7.840608E-02
    4.495283E-02    1.000000E-01    1.100000E+00    4.040404E+00   -4.413447E-02
    4.495283E-02    1.000000E-01    1.100000E+00    4.141414E+00   -2.787501E-02
    4.495283E-02    1.000000E-01    1.100000E+00    4.242424E+00   -1.446465E-02
    4.495283E-02    1.000000E-01    1.100000E+00    4.343434E+00   -8.011914E-03
    4.495283E-02    1.000000E-01    1.100000E+00    4.444444E+00   -3.941011E-03
    4.495283E-02    1.000000E-01    1.100000E+00    4.545455E+00   -1.734772E-03
    4.495283E-02    1.000000E-01    1.100000E+00    4.646465E+00   -8.742730E-04
    4.495283E-02    1.000000E-01    1.100000E+00    4.747475E+00   -3.316214E-04
    4.495283E-02    1.000000E-01    1.100000E+00    4.848485E+00   -1.459923E-04
    4.495283E-02    1.000000E-01    1.100000E+00    4.949495E+00   -5.993993E-05
    4.495283E-02    1.000000E-01    1.100000E+00    5.050505E+00   -2.152280E-05
    4.495283E-02    1.000000E-01    1.100000E+00    5.151515E+00   -7.760702E-06
    4.495283E-02    1.000000E-01    1.100000E+00    5.252525E+00   -2.977728E-06
    4.495283E-02    1.000000E-01    1.100000E+00    5.353535E+00   -1.213007E-06
    4.495283E-02    1.000000E-01    1.100000E+00    5.454545E+00   -4.836836E-07
    4.495283E-02    1.000000E-01    1.100000E+00    5.555556E+00   -1.971779E-07
    4.495283E-02    1.000000E-01    1.100000E+00    5.656566E+00   -1.186962E-07
    4.495283E-02    1.000000E-01    1.100000E+00    5.757576E+00   -6.850114E-08
    4.495283E-02    1.000000E-01    1.100000E+00    5.858586E+00   -1.830607E-08
    4.495283E-02    1.000000E-01    1.100000E+00    5.959596E+00   -6.617604E-09
    4.495283E-02    1.000000E-01    1.100000E+00    6.060606E+00   -5.194060E-09
    4.495283E-02    1.000000E-01    1.100000E+00    6.161616E+00   -3.770515E-09
    4.495283E-02    1.000000E-01    1.100000E+00    6.262626E+00   -2.346971E-09
    4.495283E-02    1.000000E-01    1.100000E+00    6.363636E+00   -9.234262E-10
    4.495283E-02    1.000000E-01    1.100000E+00    6.464646E+00   -1.051713E-11
    4.495283E-02    1.000000E-01    1.100000E+00    6.565657E+00   -9.094840E-12
    4.495283E-02    1.000000E-01    1.100000E+00    6.666667E+00   -7.672550E-12
    4.495283E-02    1.000000E-01    1.100000E+00    6.767677E+00   -6.250260E-12
    4.495283E-02    1.000000E-01    1.100000E+00    6.868687E+00   -4.827970E-12
    4.495283E-02    1.000000E-01    1.100000E+00    6.969697E+00   -3.405679E-12
    4.495283E-02    1.000000E-01    1.100000E+00    7.070707E+00   -1.983389E-12
    4.495283E-02    1.000000E-01    1.100000E+00    7.171717E+00   -5.610992E-13
    4.495283E-02    1.000000E-01    1.100000E+00    7.272727E+00   -3.570428E-17
    4.495283E-02    1.000000E-01    1.100000E+00    7.373737E+00   -3.191023E-17
    4.495283E-02    1.000000E-01    1.100000E+00    7.474747E+00   -2.811618E-17
    4.495283E-02    1.000000E-01    1.100000E+00    7.575758E+00   -2.432213E-17
    4.495283E-02    1.000000E-01    1.100000E+00    7.676768E+00   -2.052807E-17
    4.495283E-02    1.000000E-01    1.100000E+00    7.777778E+00   -1.673402E-17
    4.495283E-02    1.000000E-01    1.100000E+00    7.878788E+00   -1.293997E-17
    4.495283E-02    1.000000E-01    1.100000E+00    7.979798E+00   -9.145920E-18
    4.495283E-02    1.000000E-01    1.100000E+00    8.080808E+00   -5.351869E-18
    4.495283E-02    1.000000E-01    1.100000E+00    8.181818E+00   -1.557818E-18
    4.495283E-02    1.000000E-01    1.100000E+00    8.282828E+00   -2.765311E-27
    4.495283E-02    1.000000E-01    1.100000E+00    8.383838E+00   -2.528176E-27
    4.495283E-02    1.000000E-01    1.100000E+00    8.484848E+00   -2.291041E-27
    4.495283E-02    1.000000E-01    1.100000E+00    8.585859E+00   -2.053906E-27
    4.495283E-02    1.000000E-01    1.100000E+00    8.686869E+00   -1.816771E-27
    4.495283E-02    1.000000E-01    1.100000E+00    8.787879E+00   -1.579636E-27
    4.495283E-02    1.000000E-01    1.100000E+00    8.888889E+00   -1.342501E-27
    4.495283E-02    1.000000E-01    1.100000E+00    8.989899E+00   -1.105365E-27
    4.495283E-02    1.000000E-01    1.100000E+00    9.090909E+00   -8.682303E-28
    4.495283E-02    1.000000E-01    1.100000E+00    9.191919E+00   -6.310952E-28
    4.495283E-02    1.000000E-01    1.100000E+00    9.292929E+00   -3.939601E-28
    4.495283E-02    1.000000E-01    1.100000E+00    9.393939E+00   -1.568250E-28
    4.495283E-02    1.000000E-01    1.100000E+00    9.494949E+00   -1.400903E-32
    4.495283E-02    1.000000E-01    1.100000E+00    9.595960E+00   -1.486187E-32
    4.495283E-02    1.000000E-01    1.100000E+00    9.696970E+00   -1.571472E-32
    4.495283E-02    1.000000E-01    1.100000E+00    9.797980E+00   -1.656756E-32
    4.495283E-02    1.000000E-01    1.100000E+00    9.898990E+00   -1.742040E-32
    4.495283E-02    1.000000E-01    1.100000E+00    1.000000E+01   -1.827325E-32

    4.495283E-02    2.000000E-01    1.100000E+00    0.000000E+00    2.132845E+00
    4.495283E-02    2.000000E-01    1.100000E+00    1.010101E-01    2.125444E+00
    4.495283E-02    2.000000E-01    1.100000E+00    2.020202E-01    2.103332E+00
    4.495283E-02    2.000000E-01    1.100000E+00    3.030303E-01    2.066529E+00
    4.495283E-02    2.000000E-01    1.100000E+00    4.040404E-01    2.015050E+00
    4.495283E-02    2.000000E-01    1.100000E+00    5.050505E-01    1.948741E+00
    4.495283E-02    2.000000E-01    1.100000E+00    6.060606E-01    1.867689E+00
    4.495283E-02    2.000000E-01    1.100000E+00    7.070707E-01    1.771837E+00
    4.495283E-02    2.000000E-01    1.100000E+00    8.080808E-01    1.661196E+00
    4.495283E-02    2.000000E-01    1.100000E+00    9.090909E-01    1.535979E+00
    4.495283E-02    2.000000E-01    1.100000E+00    1.010101E+00    1.396631E+00
    4.495283E-02    2.000000E-01    1.100000E+00    1.111111E+00    1.243956E+00
    4.495283E-02    2.000000E-01    1.100000E+00    1.212121E+00    1.079095E+00
    4.495283E-02    2.000000E-01    1.100000E+00    1.313131E+00    9.034313E-01
    4.495283E-02    2.000000E-01    1.100000E+00    1.414141E+00    7.184388E-01
    4.495283E-02    2.000000E-01    1.100000E+00    1.515152E+00    5.254310E-01
    4.495283E-02    2.000000E-01    1.100000E+00    1.616162E+00    3.256911E-01
    4.495283E-02    2.000000E-01    1.100000E+00    1.717172E+00    1.208319E-01
    4.495283E-02    2.000000E-01    1.100000E+00    1.818182E+00   -8.685466E-02
    4.495283E-02    2.000000E-01    1.100000E+00    1.919192E+00   -2.940868E-01
    4.495283E-02    2.000000E-01    1.100000E+00    2.020202E+00   -4.965974E-01
    4.495283E-02    2.000000E-01    1.100000E+00    2.121212E+00   -6.869825E-01
    4.495283E-02    2.000000E-01    1.100000E+00    2.222222E+00   -8.577088E-01
    4.495283E-02    2.000000E-01    1.100000E+00    2.323232E+00   -1.002798E+00
    4.495283E-02    2.000000E-01    1.100000E+00    2.424242E+00   -1.112504E+00
    4.495283E-02    2.000000E-01    1.100000E+00    2.525253E+00   -1.184788E+00
    4.495283E-02    2.000000E-01    1.100000E+00    2.626263E+00   -1.218588E+00
    4.495283E-02    2.000000E-01    1.100000E+00    2.727273E+00   -1.217724E+00
    4.495283E-02    2.000000E-01    1.100000E+00    2.828283E+00   -1.184720E+00
    4.495283E-02    2.000000E-01    1.100000E+00    2.929293E+00   -1.121046E+00
    4.495283E-02    2.000000E-01    1.100000E+00    3.030303E+00   -1.029357E+00
    4.495283E-02    2.000000E-01    1.100000E+00    3.131313E+00   -9.129490E-01
    4.495283E-02    2.000000E-01    1.100000E+00    3.232323E+00   -7.772154E-01
    4.495283E-02    2.000000E-01    1.100000E+00    3.333333E+00   -6.318995E-01
    4.495283E-02    2.000000E-01    1.100000E+00    3.434343E+00   -4.948369E-01
    4.495283E-02    2.000000E-01    1.100000E+00    3.535354E+00   -3.658413E-01
    4.495283E-02    2.000000E-01    1.100000E+00    3.636364E+00   -2.666317E-01
    4.495283E-02    2.000000E-01    1.100000E+00    3.737374E+00   -1.834596E-01
    4.495283E-02    2.000000E-01    1.100000E+00    3.838384E+00   -1.198084E-01
    4.495283E-02    2.000000E-01    1.100000E+00    3.939394E+00   -7.818950E-02
    4.495283E-02    2.000000E-01    1.100000E+00    4.040404E+00   -4.401377E-02
    4.495283E-02    2.000000E-01    1.100000E+00    4.141414E+00   -2.779936E-02
    4.495283E-02    2.000000E-01    1.100000E+00    4.242424E+00   -1.442607E-02
    4.495283E-02    2.000000E-01    1.100000E+00    4.343434E+00   -7.990900E-03
    4.495283E-02    2.000000E-01    1.100000E+00    4.444444E+00   -3.930979E-03
    4.495283E-02    2.000000E-01    1.100000E+00    4.545455E+00   -1.730563E-03
    4.495283E-02    2.000000E-01    1.100000E+00    4.646465E+00   -8.722499E-04
    4.495283E-02    2.000000E-01    1.100000E+00    4.747475E+00   -3.309395E-04
    4.495283E-02    2.000000E-01    1.100000E+00    4.848485E+00   -1.457268E-04
    4.495283E-02    2.000000E-01    1.100000E+00    4.949495E+00   -5.985247E-05
    4.495283E-02    2.000000E-01    1.100000E+00    5.050505E+00   -2.150333E-05
    4.495283E-02    2.000000E-01    1.100000E+00    5.151515E+00   -7.758573E-06
    4.495283E-02    2.000000E-01    1.100000E+00    5.252525E+00   -2.978610E-06
    4.495283E-02    2.000000E-01    1.100000E+00    5.353535E+00   -1.213900E-06
    4.495283E-02    2.000000E-01    1.100000E+00    5.454545E+00   -4.842072E-07
    4.495283E-02    2.000000E-01    1.100000E+00    5.555556E+00   -1.974343E-07
    4.495283E-02    2.000000E-01    1.100000E+00    5.656566E+00   -1.188578E-07
    4.495283E-02    2.000000E-01    1.100000E+00    5.757576E+00   -6.859535E-08
    4.495283E-02    2.000000E-01    1.100000E+00    5.858586E+00   -1.833286E-08
    4.495283E-02    2.000000E-01    1.100000E+00    5.959596E+00   -6.628374E-09
    4.495283E-02    2.000000E-01    1.100000E+00    6.060606E+00   -5.202513E-09
    4.495283E-02    2.000000E-01    1.100000E+00    6.161616E+00   -3.776652E-09
    4.495283E-02    2.000000E-01    1.100000E+00    6.262626E+00   -2.350791E-09
    4.495283E-02    2.000000E-01    1.100000E+00    6.363636E+00   -9.249305E-10
    4.495283E-02    2.000000E-01    1.100000E+00    6.464646E+00   -1.053591E-11
    4.495283E-02    2.000000E-01    1.100000E+00    6.565657E+00   -9.111080E-12
    4.495283E-02    2.000000E-01    1.100000E+00    6.666667E+00   -7.686250E-12
    4.495283E-02    2.000000E-01    1.100000E+00    6.767677E+00   -6.261420E-12
    4.495283E-02    2.000000E-01    1.100000E+00    6.868687E+00   -4.836590E-12
    4.495283E-02    2.000000E-01    1.100000E+00    6.969697E+00   -3.411761E-12
    4.495283E-02    2.000000E-01    1.100000E+00    7.070707E+00   -1.986931E-12
    4.495283E-02    2.000000E-01    1.100000E+00    7.171717E+00   -5.621011E-13
    4.495283E-02    2.000000E-01    1.100000E+00    7.272727E+00   -3.577486E-17
    4.495283E-02    2.000000E-01    1.100000E+00    7.373737E+00   -3.197331E-17
    4.495283E-02    2.000000E-01    1.100000E+00    7.474747E+00   -2.817176E-17
    4.495283E-02    2.000000E-01    1.100000E+00    7.575758E+00   -2.437021E-17
    4.495283E-02    2.000000E-01    1.100000E+00    7.676768E+00   -2.056865E-17
    4.495283E-02    2.000000E-01    1.100000E+00    7.777778E+00   -1.676710E-17
    4.495283E-02    2.000000E-01    1.100000E+00    7.878788E+00   -1.296555E-17
    4.495283E-02    2.000000E-01    1.100000E+00    7.979798E+00   -9.164000E-18
    4.495283E-02    2.000000E-01    1.100000E+00    8.080808E+00   -5.362449E-18
    4.495283E-02    2.000000E-01    1.100000E+00    8.181818E+00   -1.560897E-18
    4.495283E-02    2.000000E-01    1.100000E+00    8.282828E+00   -2.771461E-27
    4.495283E-02    2.000000E-01    1.100000E+00    8.383838E+00   -2.533799E-27
    4.495283E-02    2.000000E-01    1.100000E+00    8.484848E+00   -2.296136E-27
    4.495283E-02    2.000000E-01    1.100000E+00    8.585859E+00   -2.058474E-27
    4.495283E-02    2.000000E-01    1.100000E+00    8.686869E+00   -1.820811E-27
    4.495283E-02    2.000000E-01    1.100000E+00    8.787879E+00   -1.583149E-27
    4.495283E-02    2.000000E-01    1.100000E+00    8.888889E+00   -1.345486E-27
    4.495283E-02    2.000000E-01    1.100000E+00    8.989899E+00   -1.107824E-27
    4.495283E-02    2.000000E-01    1.100000E+00    9.090909E+00   -8.701612E-28
    4.495283E-02    2.000000E-01    1.100000E+00    9.191919E+00   -6.324987E-28
    4.495283E-02    2.000000E-01    1.100000E+00    9.292929E+00   -3.948362E-28
    4.495283E-02    2.000000E-01    1.100000E+00    9.393939E+00   -1.571737E-28
    4.495283E-02    2.000000E-01    1.100000E+00    9.494949E+00   -1.396757E-32
    4.495283E-02    2.000000E-01    1.100000E+00    9.595960E+00   -1.481790E-32
    4.495283E-02    2.000000E-01    1.100000E+00    9.696970E+00   -1.566823E-32
    4.495283E-02    2.000000E-01    1.100000E+00    9.797980E+00   -1.651857E-32
    4.495283E-02    2.000000E-01    1.100000E+00    9.898990E+00   -1.736890E-32
    4.495283E-02    2.000000E-01    1.100000E+00    1.000000E+01   -1.821923E-32

    4.495283E-02    3.000000E-01    1.100000E+00    0.000000E+00    2.096523E+00
    4.495283E-02    3.000000E-01    1.100000E+00    1.010101E-01    2.089247E+00
    4.495283E-02    3.000000E-01    1.100000E+00    2.020202E-01    2.067511E+00
    4.495283E-02    3.000000E-01    1.100000E+00    3.030303E-01    2.031332E+00
    4.495283E-02    3.000000E-01    1.100000E+00    4.040404E-01    1.980726E+00
    4.495283E-02    3.000000E-01    1.100000E+00    5.050505E-01    1.915543E+00
    4.495283E-02    3.000000E-01    1.100000E+00    6.060606E-01    1.835866E+00
    4.495283E-02    3.000000E-01    1.100000E+00    7.070707E-01    1.741640E+00
    4.495283E-02    3.000000E-01    1.100000E+00    8.080808E-01    1.632878E+00
    4.495283E-02    3.000000E-01    1.100000E+00    9.090909E-01    1.509787E+00
    4.495283E-02    3.000000E-01    1.100000E+00    1.010101E+00    1.372808E+00
    4.495283E-02    3.000000E-01    1.100000E+00    1.111111E+00    1.222730E+00
    4.495283E-02    3.000000E-01    1.100000E+00    1.212121E+00    1.060675E+00
    4.495283E-02    3.000000E-01    1.100000E+00    1.313131E+00    8.880042E-01
    4.495283E-02    3.000000E-01    1.100000E+00    1.414141E+00    7.061659E-01
    4.495283E-02    3.000000E-01    1.100000E+00    1.515152E+00    5.164511E-01
    4.495283E-02    3.000000E-01    1.100000E+00    1.616162E+00    3.201213E-01
    4.495283E-02    3.000000E-01    1.100000E+00    1.717172E+00    1.187614E-01
    4.495283E-02    3.000000E-01    1.100000E+00    1.818182E+00   -8.537601E-02
    4.495283E-02    3.000000E-01    1.100000E+00    1.919192E+00   -2.890651E-01
    4.495283E-02    3.000000E-01    1.100000E+00    2.020202E+00   -4.881121E-01
    4.495283E-02    3.000000E-01    1.100000E+00    2.121212E+00   -6.752398E-01
    4.495283E-02    3.000000E-01    1.100000E+00    2.222222E+00   -8.430441E-01
    4.495283E-02    3.000000E-01    1.100000E+00    2.323232E+00   -9.856487E-01
    4.495283E-02    3.000000E-01    1.100000E+00    2.424242E+00   -1.093476E+00
    4.495283E-02    3.000000E-01    1.100000E+00    2.525253E+00   -1.164521E+00
    4.495283E-02    3.000000E-01    1.100000E+00    2.626263E+00   -1.197740E+00
    4.495283E-02    3.000000E-01    1.100000E+00    2.727273E+00   -1.196889E+00
    4.495283E-02    3.000000E-01    1.100000E+00    2.828283E+00   -1.164448E+00
    4.495283E-02    3.000000E-01    1.100000E+00    2.929293E+00   -1.101862E+00
    4.495283E-02    3.000000E-01    1.100000E+00    3.030303E+00   -1.011741E+00
    4.495283E-02    3.000000E-01    1.100000E+00    3.131313E+00   -8.973242E-01
    4.495283E-02    3.000000E-01    1.100000E+00    3.232323E+00   -7.639130E-01
    4.495283E-02    3.000000E-01    1.100000E+00    3.333333E+00   -6.210839E-01
    4.495283E-02    3.000000E-01    1.100000E+00    3.434343E+00   -4.863670E-01
    4.495283E-02    3.000000E-01    1.100000E+00    3.535354E+00   -3.595792E-01
    4.495283E-02    3.000000E-01    1.100000E+00    3.636364E+00   -2.620677E-01
    4.495283E-02    3.000000E-01    1.100000E+00    3.737374E+00   -1.803192E-01
    4.495283E-02    3.000000E-01    1.100000E+00    3.838384E+00   -1.177575E-01
    4.495283E-02    3.000000E-01    1.100000E+00    3.939394E+00   -7.685105E-02
    4.495283E-02    3.000000E-01    1.100000E+00    4.040404E+00   -4.326034E-02
    4.495283E-02    3.000000E-01    1.100000E+00    4.141414E+00   -2.732349E-02
    4.495283E-02    3.000000E-01    1.100000E+00    4.242424E+00   -1.417913E-02
    4.495283E-02    3.000000E-01    1.100000E+00    4.343434E+00   -7.854112E-03
    4.495283E-02    3.000000E-01    1.100000E+00    4.444444E+00   -3.863690E-03
    4.495283E-02    3.000000E-01    1.100000E+00    4.545455E+00   -1.700941E-03
    4.495283E-02    3.000000E-01    1.100000E+00    4.646465E+00   -8.573201E-04
    4.495283E-02    3.000000E-01    1.100000E+00    4.747475E+00   -3.252755E-04
    4.495283E-02    3.000000E-01    1.100000E+00    4.848485E+00   -1.432329E-04
    4.495283E-02    3.000000E-01    1.100000E+00    4.949495E+00   -5.882832E-05
    4.495283E-02    3.000000E-01    1.100000E+00    5.050505E+00   -2.113546E-05
    4.495283E-02    3.000000E-01    1.100000E+00    5.151515E+00   -7.625880E-06
    4.495283E-02    3.000000E-01    1.100000E+00    5.252525E+00   -2.927683E-06
    4.495283E-02    3.000000E-01    1.100000E+00    5.353535E+00   -1.193151E-06
    4.495283E-02    3.000000E-01    1.100000E+00    5.454545E+00   -4.759329E-07
    4.495283E-02    3.000000E-01    1.100000E+00    5.555556E+00   -1.940612E-07
    4.495283E-02    3.000000E-01    1.100000E+00    5.656566E+00   -1.168274E-07
    4.495283E-02    3.000000E-01    1.100000E+00    5.757576E+00   -6.742356E-08
    4.495283E-02    3.000000E-01    1.100000E+00    5.858586E+00   -1.801975E-08
    4.495283E-02    3.000000E-01    1.100000E+00    5.959596E+00   -6.515210E-09
    4.495283E-02    3.000000E-01    1.100000E+00    6.060606E+00   -5.113692E-09
    4.495283E-02    3.000000E-01    1.100000E+00    6.161616E+00   -3.712175E-09
    4.495283E-02    3.000000E-01    1.100000E+00    6.262626E+00   -2.310657E-09
    4.495283E-02    3.000000E-01    1.100000E+00    6.363636E+00   -9.091396E-10
    4.495283E-02    3.000000E-01    1.100000E+00    6.464646E+00   -1.035623E-11
    4.495283E-02    3.000000E-01    1.100000E+00    6.565657E+00   -8.955699E-12
    4.495283E-02    3.000000E-01    1.100000E+00    6.666667E+00   -7.555168E-12
    4.495283E-02    3.000000E-01    1.100000E+00    6.767677E+00   -6.154637E-12
    4.495283E-02    3.000000E-01    1.100000E+00    6.868687E+00   -4.754107E-12
    4.495283E-02    3.000000E-01    1.100000E+00    6.969697E+00   -3.353576E-12
    4.495283E-02    3.000000E-01    1.100000E+00    7.070707E+00   -1.953046E-12
    4.495283E-02    3.000000E-01    1.100000E+00    7.171717E+00   -5.525150E-13
    4.495283E-02    3.000000E-01    1.100000E+00    7.272727E+00   -3.516586E-17
    4.495283E-02    3.000000E-01    1.100000E+00    7.373737E+00   -3.142902E-17
    4.495283E-02    3.000000E-01    1.100000E+00    7.474747E+00   -2.769219E-17
    4.495283E-02    3.000000E-01    1.100000E+00    7.575758E+00   -2.395535E-17
    4.495283E-02    3.000000E-01    1.100000E+00    7.676768E+00   -2.021851E-17
    4.495283E-02    3.000000E-01    1.100000E+00    7.777778E+00   -1.648167E-17
    4.495283E-02    3.000000E-01    1.100000E+00    7.878788E+00   -1.274484E-17
    4.495283E-02    3.000000E-01    1.100000E+00    7.979798E+00   -9.008000E-18
    4.495283E-02    3.000000E-01    1.100000E+00    8.080808E+00   -5.271163E-18
    4.495283E-02    3.000000E-01    1.100000E+00    8.181818E+00   -1.534326E-18
    4.495283E-02    3.000000E-01    1.100000E+00    8.282828E+00   -2.724413E-27
    4.495283E-02    3.000000E-01    1.100000E+00    8.383838E+00   -2.490785E-27
    4.495283E-02    3.000000E-01    1.100000E+00    8.484848E+00   -2.257157E-27
    4.495283E-02    3.000000E-01    1.100000E+00    8.585859E+00   -2.023529E-27
    4.495283E-02    3.000000E-01    1.100000E+00    8.686869E+00   -1.789901E-27
    4.495283E-02    3.000000E-01    1.100000E+00    8.787879E+00   -1.556273E-27
    4.495283E-02    3.000000E-01    1.100000E+00    8.888889E+00   -1.322645E-27
    4.495283E-02    3.000000E-01    1.100000E+00    8.989899E+00   -1.089017E-27
    4.495283E-02    3.000000E-01    1.100000E+00    9.090909E+00   -8.553893E-28
    4.495283E-02    3.000000E-01    1.100000E+00    9.191919E+00   -6.217614E-28
    4.495283E-02    3.000000E-01    1.100000E+00    9.292929E+00   -3.881335E-28
    4.495283E-02    3.000000E-01    1.100000E+00    9.393939E+00   -1.545056E-28
    4.495283E-02    3.000000E-01    1.100000E+00    9.494949E+00   -1.372851E-32
    4.495283E-02    3.000000E-01    1.100000E+00    9.595960E+00   -1.456429E-32
    4.495283E-02    3.000000E-01    1.100000E+00    9.696970E+00   -1.540007E-32
    4.495283E-02    3.000000E-01    1.100000E+00    9.797980E+00   -1.623585E-32
    4.495283E-02    3.000000E-01    1.100000E+00    9.898990E+00   -1.707163E-32
    4.495283E-02    3.000000E-01    1.100000E+00    1.000000E+01   -1.790741E-32

    4.495283E-02    4.000000E-01    1.100000E+00    0.000000E+00    1.989729E+00
    4.495283E-02    4.000000E-01    1.100000E+00    1.010101E-01    1.982823E+00
    4.495283E-02    4.000000E-01    1.100000E+00    2.020202E-01    1.962189E+00
    4.495283E-02    4.000000E-01    1.100000E+00    3.030303E-01    1.927847E+00
    4.495283E-02    4.000000E-01    1.100000E+00    4.040404E-01    1.879810E+00
    4.495283E-02    4.000000E-01    1.100000E+00    5.050505E-01    1.817935E+00
    4.495283E-02    4.000000E-01    1.100000E+00    6.060606E-01    1.742303E+00
    4.495283E-02    4.000000E-01    1.100000E+00    7.070707E-01    1.652863E+00
    4.495283E-02    4.000000E-01    1.100000E+00    8.080808E-01    1.549625E+00
    4.495283E-02    4.000000E-01    1.100000E+00    9.090909E-01    1.432789E+00
    4.495283E-02    4.000000E-01    1.100000E+00    1.010101E+00    1.302775E+00
    4.495283E-02    4.000000E-01    1.100000E+00    1.111111E+00    1.160333E+00
    4.495283E-02    4.000000E-01    1.100000E+00    1.212121E+00    1.006530E+00
    4.495283E-02    4.000000E-01    1.100000E+00    1.313131E+00    8.426590E-01
    4.495283E-02    4.000000E-01    1.100000E+00    1.414141E+00    6.700938E-01
    4.495283E-02    4.000000E-01    1.100000E+00    1.515152E+00    4.900599E-01
    4.495283E-02    4.000000E-01    1.100000E+00    1.616162E+00    3.037541E-01
    4.495283E-02    4.000000E-01    1.100000E+00    1.717172E+00    1.126802E-01
    4.495283E-02    4.000000E-01    1.100000E+00    1.818182E+00   -8.102490E-02
    4.495283E-02    4.000000E-01    1.100000E+00    1.919192E+00   -2.743001E-01
    4.495283E-02    4.000000E-01    1.100000E+00    2.020202E+00   -4.631673E-01
    4.495283E-02    4.000000E-01    1.100000E+00    2.121212E+00   -6.407215E-01
    4.495283E-02    4.000000E-01    1.100000E+00    2.222222E+00   -7.999382E-01
    4.495283E-02    4.000000E-01    1.100000E+00    2.323232E+00   -9.352425E-01
    4.495283E-02    4.000000E-01    1.100000E+00    2.424242E+00   -1.037548E+00
    4.495283E-02    4.000000E-01    1.100000E+00    2.525253E+00   -1.104952E+00
    4.495283E-02    4.000000E-01    1.100000E+00    2.626263E+00   -1.136465E+00
    4.495283E-02    4.000000E-01    1.100000E+00    2.727273E+00   -1.135652E+00
    4.495283E-02    4.000000E-01    1.100000E+00    2.828283E+00   -1.104865E+00
    4.495283E-02    4.000000E-01    1.100000E+00    2.929293E+00   -1.045478E+00
    4.495283E-02    4.000000E-01    1.100000E+00    3.030303E+00   -9.599662E-01
    4.495283E-02    4.000000E-01    1.100000E+00    3.131313E+00   -8.514022E-01
    4.495283E-02    4.000000E-01    1.100000E+00    3.232323E+00   -7.248169E-01
    4.495283E-02    4.000000E-01    1.100000E+00    3.333333E+00   -5.892967E-01
    4.495283E-02    4.000000E-01    1.100000E+00    3.434343E+00   -4.614739E-01
    4.495283E-02    4.000000E-01    1.100000E+00    3.535354E+00   -3.411748E-01
    4.495283E-02    4.000000E-01    1.100000E+00    3.636364E+00   -2.486540E-01
    4.495283E-02    4.000000E-01    1.100000E+00    3.737374E+00   -1.710896E-01
    4.495283E-02    4.000000E-01    1.100000E+00    3.838384E+00   -1.117300E-01
    4.495283E-02    4.000000E-01    1.100000E+00    3.939394E+00   -7.291733E-02
    4.495283E-02    4.000000E-01    1.100000E+00    4.040404E+00   -4.104597E-02
    4.495283E-02    4.000000E-01    1.100000E+00    4.141414E+00   -2.592488E-02
    4.495283E-02    4.000000E-01    1.100000E+00    4.242424E+00   -1.345333E-02
    4.495283E-02    4.000000E-01    1.100000E+00    4.343434E+00   -7.452081E-03
    4.495283E-02    4.000000E-01    1.100000E+00    4.444444E+00   -3.665918E-03
    4.495283E-02    4.000000E-01    1.100000E+00    4.545455E+00   -1.613875E-03
    4.495283E-02    4.000000E-01    1.100000E+00    4.646465E+00   -8.134367E-04
    4.495283E-02    4.000000E-01    1.100000E+00    4.747475E+00   -3.086260E-04
    4.495283E-02    4.000000E-01    1.100000E+00    4.848485E+00   -1.359016E-04
    4.495283E-02    4.000000E-01    1.100000E+00    4.949495E+00   -5.581737E-05
    4.495283E-02    4.000000E-01    1.100000E+00    5.050505E+00   -2.005380E-05
    4.495283E-02    4.000000E-01    1.100000E+00    5.151515E+00   -7.235658E-06
    4.495283E-02    4.000000E-01    1.100000E+00    5.252525E+00   -2.777894E-06
    4.495283E-02    4.000000E-01    1.100000E+00    5.353535E+00   -1.132116E-06
    4.495283E-02    4.000000E-01    1.100000E+00    5.454545E+00   -4.515910E-07
    4.495283E-02    4.000000E-01    1.100000E+00    5.555556E+00   -1.841375E-07
    4.495283E-02    4.000000E-01    1.100000E+00    5.656566E+00   -1.108535E-07
    4.495283E-02    4.000000E-01    1.100000E+00    5.757576E+00   -6.397599E-08
    4.495283E-02    4.000000E-01    1.100000E+00    5.858586E+00   -1.709850E-08
    4.495283E-02    4.000000E-01    1.100000E+00    5.959596E+00   -6.182229E-09
    4.495283E-02    4.000000E-01    1.100000E+00    6.060606E+00   -4.852340E-09
    4.495283E-02    4.000000E-01    1.100000E+00    6.161616E+00   -3.522452E-09
    4.495283E-02    4.000000E-01    1.100000E+00    6.262626E+00   -2.192564E-09
    4.495283E-02    4.000000E-01    1.100000E+00    6.363636E+00   -8.626755E-10
    4.495283E-02    4.000000E-01    1.100000E+00    6.464646E+00   -9.827455E-12
    4.495283E-02    4.000000E-01    1.100000E+00    6.565657E+00   -8.498433E-12
    4.495283E-02    4.000000E-01    1.100000E+00    6.666667E+00   -7.169412E-12
    4.495283E-02    4.000000E-01    1.100000E+00    6.767677E+00   -5.840390E-12
    4.495283E-02    4.000000E-01    1.100000E+00    6.868687E+00   -4.511369E-12
    4.495283E-02    4.000000E-01    1.100000E+00    6.969697E+00   -3.182347E-12
    4.495283E-02    4.000000E-01    1.100000E+00    7.070707E+00   -1.853326E-12
    4.495283E-02    4.000000E-01    1.100000E+00    7.171717E+00   -5.243043E-13
    4.495283E-02    4.000000E-01    1.100000E+00    7.272727E+00   -3.337326E-17
    4.495283E-02    4.000000E-01    1.100000E+00    7.373737E+00   -2.982691E-17
    4.495283E-02    4.000000E-01    1.100000E+00    7.474747E+00   -2.628056E-17
    4.495283E-02    4.000000E-01    1.100000E+00    7.575758E+00   -2.273421E-17
    4.495283E-02    4.000000E-01    1.100000E+00    7.676768E+00   -1.918786E-17
    4.495283E-02    4.000000E-01    1.100000E+00    7.777778E+00   -1.564151E-17
    4.495283E-02    4.000000E-01    1.100000E+00    7.878788E+00   -1.209516E-17
    4.495283E-02    4.000000E-01    1.100000E+00    7.979798E+00   -8.548813E-18
    4.495283E-02    4.000000E-01    1.100000E+00    8.080808E+00   -5.002463E-18
    4.495283E-02    4.000000E-01    1.100000E+00    8.181818E+00   -1.456113E-18
    4.495283E-02    4.000000E-01    1.100000E+00    8.282828E+00   -2.585880E-27
    4.495283E-02    4.000000E-01    1.100000E+00    8.383838E+00   -2.364132E-27
    4.495283E-02    4.000000E-01    1.100000E+00    8.484848E+00   -2.142384E-27
    4.495283E-02    4.000000E-01    1.100000E+00    8.585859E+00   -1.920635E-27
    4.495283E-02    4.000000E-01    1.100000E+00    8.686869E+00   -1.698887E-27
    4.495283E-02    4.000000E-01    1.100000E+00    8.787879E+00   -1.477139E-27
    4.495283E-02    4.000000E-01    1.100000E+00    8.888889E+00   -1.255391E-27
    4.495283E-02    4.000000E-01    1.100000E+00    8.989899E+00   -1.033642E-27
    4.495283E-02    4.000000E-01    1.100000E+00    9.090909E+00   -8.118940E-28
    4.495283E-02    4.000000E-01    1.100000E+00    9.191919E+00   -5.901457E-28
    4.495283E-02    4.000000E-01    1.100000E+00    9.292929E+00   -3.683974E-28
    4.495283E-02    4.000000E-01    1.100000E+00    9.393939E+00   -1.466492E-28
    4.495283E-02    4.000000E-01    1.100000E+00    9.494949E+00   -1.302593E-32
    4.495283E-02    4.000000E-01    1.100000E+00    9.595960E+00   -1.381894E-32
    4.495283E-02    4.000000E-01    1.100000E+00    9.696970E+00   -1.461196E-32
    4.495283E-02    4.000000E-01    1.100000E+00    9.797980E+00   -1.540497E-32
    4.495283E-02    4.000000E-01    1.100000E+00    9.898990E+00   -1.619798E-32
    4.495283E-02    4.000000E-01    1.100000E+00    1.000000E+01   -1.699100E-32

    4.495283E-02    5.000000E-01    1.100000E+00    0.000000E+00    1.778609E+00
    4.495283E-02    5.000000E-01    1.100000E+00    1.010101E-01    1.772434E+00
    4.495283E-02    5.000000E-01    1.100000E+00    2.020202E-01    1.753984E+00
    4.495283E-02    5.000000E-01    1.100000E+00    3.030303E-01    1.723275E+00
    4.495283E-02    5.000000E-01    1.100000E+00    4.040404E-01    1.680320E+00
    4.495283E-02    5.000000E-01    1.100000E+00    5.050505E-01    1.624993E+00
    4.495283E-02    5.000000E-01    1.100000E+00    6.060606E-01    1.557364E+00
    4.495283E-02    5.000000E-01    1.100000E+00    7.070707E-01    1.477389E+00
    4.495283E-02    5.000000E-01    1.100000E+00    8.080808E-01    1.385079E+00
    4.495283E-02    5.000000E-01    1.100000E+00    9.090909E-01    1.280616E+00
    4.495283E-02    5.000000E-01    1.100000E+00    1.010101E+00    1.164377E+00
    4.495283E-02    5.000000E-01    1.100000E+00    1.111111E+00    1.037035E+00
    4.495283E-02    5.000000E-01    1.100000E+00    1.212121E+00    8.995474E-01
    4.495283E-02    5.000000E-01    1.100000E+00    1.313131E+00    7.530705E-01
    4.495283E-02    5.000000E-01    1.100000E+00    1.414141E+00    5.988329E-01
    4.495283E-02    5.000000E-01    1.100000E+00    1.515152E+00    4.379298E-01
    4.495283E-02    5.000000E-01    1.100000E+00    1.616162E+00    2.714305E-01
    4.495283E-02    5.000000E-01    1.100000E+00    1.717172E+00    1.006785E-01
    4.495283E-02    5.000000E-01    1.100000E+00    1.818182E+00   -7.241761E-02
    4.495283E-02    5.000000E-01    1.100000E+00    1.919192E+00   -2.451223E-01
    4.495283E-02    5.000000E-01    1.100000E+00    2.020202E+00   -4.138827E-01
    4.495283E-02    5.000000E-01    1.100000E+00    2.121212E+00   -5.725291E-01
    4.495283E-02    5.000000E-01    1.100000E+00    2.222222E+00   -7.147863E-01
    4.495283E-02    5.000000E-01    1.100000E+00    2.323232E+00   -8.356747E-01
    4.495283E-02    5.000000E-01    1.100000E+00    2.424242E+00   -9.270759E-01
    4.495283E-02    5.000000E-01    1.100000E+00    2.525253E+00   -9.872917E-01
    4.495283E-02    5.000000E-01    1.100000E+00    2.626263E+00   -1.015439E+00
    4.495283E-02    5.000000E-01    1.100000E+00    2.727273E+00   -1.014704E+00
    4.495283E-02    5.000000E-01    1.100000E+00    2.828283E+00   -9.871887E-01
    4.495283E-02    5.000000E-01    1.100000E+00    2.929293E+00   -9.341207E-01
    4.495283E-02    5.000000E-01    1.100000E+00    3.030303E+00   -8.577122E-01
    4.495283E-02    5.000000E-01    1.100000E+00    3.131313E+00   -7.607088E-01
    4.495283E-02    5.000000E-01    1.100000E+00    3.232323E+00   -6.476051E-01
    4.495283E-02    5.000000E-01    1.100000E+00    3.333333E+00   -5.265198E-01
    4.495283E-02    5.000000E-01    1.100000E+00    3.434343E+00   -4.123126E-01
    4.495283E-02    5.000000E-01    1.100000E+00    3.535354E+00   -3.048281E-01
    4.495283E-02    5.000000E-01    1.100000E+00    3.636364E+00   -2.221636E-01
    4.495283E-02    5.000000E-01    1.100000E+00    3.737374E+00   -1.528622E-01
    4.495283E-02    5.000000E-01    1.100000E+00    3.838384E+00   -9.982640E-02
    4.495283E-02    5.000000E-01    1.100000E+00    3.939394E+00   -6.514870E-02
    4.495283E-02    5.000000E-01    1.100000E+00    4.040404E+00   -3.667286E-02
    4.495283E-02    5.000000E-01    1.100000E+00    4.141414E+00   -2.316278E-02
    4.495283E-02    5.000000E-01    1.100000E+00    4.242424E+00   -1.201996E-02
    4.495283E-02    5.000000E-01    1.100000E+00    4.343434E+00   -6.658098E-03
    4.495283E-02    5.000000E-01    1.100000E+00    4.444444E+00   -3.275326E-03
    4.495283E-02    5.000000E-01    1.100000E+00    4.545455E+00   -1.441918E-03
    4.495283E-02    5.000000E-01    1.100000E+00    4.646465E+00   -7.267644E-04
    4.495283E-02    5.000000E-01    1.100000E+00    4.747475E+00   -2.757405E-04
    4.495283E-02    5.000000E-01    1.100000E+00    4.848485E+00   -1.214202E-04
    4.495283E-02    5.000000E-01    1.100000E+00    4.949495E+00   -4.986938E-05
    4.495283E-02    5.000000E-01    1.100000E+00    5.050505E+00   -1.791674E-05
    4.495283E-02    5.000000E-01    1.100000E+00    5.151515E+00   -6.464563E-06
    4.495283E-02    5.000000E-01    1.100000E+00    5.252525E+00   -2.481861E-06
    4.495283E-02    5.000000E-01    1.100000E+00    5.353535E+00   -1.011474E-06
    4.495283E-02    5.000000E-01    1.100000E+00    5.454545E+00   -4.034717E-07
    4.495283E-02    5.000000E-01    1.100000E+00    5.555556E+00   -1.645184E-07
    4.495283E-02    5.000000E-01    1.100000E+00    5.656566E+00   -9.904296E-08
    4.495283E-02    5.000000E-01    1.100000E+00    5.757576E+00   -5.716001E-08
    4.495283E-02    5.000000E-01    1.100000E+00    5.858586E+00   -1.527705E-08
    4.495283E-02    5.000000E-01    1.100000E+00    5.959596E+00   -5.523804E-09
    4.495283E-02    5.000000E-01    1.100000E+00    6.060606E+00   -4.335553E-09
    4.495283E-02    5.000000E-01    1.100000E+00    6.161616E+00   -3.147301E-09
    4.495283E-02    5.000000E-01    1.100000E+00    6.262626E+00   -1.959050E-09
    4.495283E-02    5.000000E-01    1.100000E+00    6.363636E+00   -7.707989E-10
    4.495283E-02    5.000000E-01    1.100000E+00    6.464646E+00   -8.781612E-12
    4.495283E-02    5.000000E-01    1.100000E+00    6.565657E+00   -7.594025E-12
    4.495283E-02    5.000000E-01    1.100000E+00    6.666667E+00   -6.406439E-12
    4.495283E-02    5.000000E-01    1.100000E+00    6.767677E+00   -5.218853E-12
    4.495283E-02    5.000000E-01    1.100000E+00    6.868687E+00   -4.031267E-12
    4.495283E-02    5.000000E-01    1.100000E+00    6.969697E+00   -2.843680E-12
    4.495283E-02    5.000000E-01    1.100000E+00    7.070707E+00   -1.656094E-12
    4.495283E-02    5.000000E-01    1.100000E+00    7.171717E+00   -4.685076E-13
    4.495283E-02    5.000000E-01    1.100000E+00    7.272727E+00   -2.982630E-17
    4.495283E-02    5.000000E-01    1.100000E+00    7.373737E+00   -2.665686E-17
    4.495283E-02    5.000000E-01    1.100000E+00    7.474747E+00   -2.348742E-17
    4.495283E-02    5.000000E-01    1.100000E+00    7.575758E+00   -2.031799E-17
    4.495283E-02    5.000000E-01    1.100000E+00    7.676768E+00   -1.714855E-17
    4.495283E-02    5.000000E-01    1.100000E+00    7.777778E+00   -1.397911E-17
    4.495283E-02    5.000000E-01    1.100000E+00    7.878788E+00   -1.080967E-17
    4.495283E-02    5.000000E-01    1.100000E+00    7.979798E+00   -7.640232E-18
    4.495283E-02    5.000000E-01    1.100000E+00    8.080808E+00   -4.470794E-18
    4.495283E-02    5.000000E-01    1.100000E+00    8.181818E+00   -1.301355E-18
    4.495283E-02    5.000000E-01    1.100000E+00    8.282828E+00   -2.311600E-27
    4.495283E-02    5.000000E-01    1.100000E+00    8.383838E+00   -2.113372E-27
    4.495283E-02    5.000000E-01    1.100000E+00    8.484848E+00   -1.915144E-27
    4.495283E-02    5.000000E-01    1.100000E+00    8.585859E+00   -1.716916E-27
    4.495283E-02    5.000000E-01    1.100000E+00    8.686869E+00   -1.518689E-27
    4.495283E-02    5.000000E-01    1.100000E+00    8.787879E+00   -1.320461E-27
    4.495283E-02    5.000000E-01    1.100000E+00    8.888889E+00   -1.122233E-27
    4.495283E-02    5.000000E-01    1.100000E+00    8.989899E+00   -9.240054E-28
    4.495283E-02    5.000000E-01    1.100000E+00    9.090909E+00   -7.257776E-28
    4.495283E-02    5.000000E-01    1.100000E+00    9.191919E+00   -5.275498E-28
    4.495283E-02    5.000000E-01    1.100000E+00    9.292929E+00   -3.293221E-28
    4.495283E-02    5.000000E-01    1.100000E+00    9.393939E+00   -1.310943E-28
    4.495283E-02    5.000000E-01    1.100000E+00    9.494949E+00   -1.163842E-32
    4.495283E-02    5.000000E-01    1.100000E+00    9.595960E+00   -1.234697E-32
    4.495283E-02    5.000000E-01    1.100000E+00    9.696970E+00   -1.305552E-32
    4.495283E-02    5.000000E-01    1.100000E+00    9.797980E+00   -1.376407E-32
    4.495283E-02    5.000000E-01    1.100000E+00    9.898990E+00   -1.447262E-32
    4.495283E-02    5.000000E-01    1.100000E+00    1.000000E+01   -1.518117E-32

    4.495283E-02    6.000000E-01    1.100000E+00    0.000000E+00    1.404891E+00
    4.495283E-02    6.000000E-01    1.100000E+00    1.010101E-01    1.400011E+00
    4.495283E-02    6.000000E-01    1.100000E+00    2.020202E-01    1.385430E+00
    4.495283E-02    6.000000E-01    1.100000E+00    3.030303E-01    1.361162E+00
    4.495283E-02    6.000000E-01    1.100000E+00    4.040404E-01    1.327216E+00
    4.495283E-02    6.000000E-01    1.100000E+00    5.050505E-01    1.283492E+00
    4.495283E-02    6.000000E-01    1.100000E+00    6.060606E-01    1.230047E+00
    4.495283E-02    6.000000E-01    1.100000E+00    7.070707E-01    1.166847E+00
    4.495283E-02    6.000000E-01    1.100000E+00    8.080808E-01    1.093904E+00
    4.495283E-02    6.000000E-01    1.100000E+00    9.090909E-01    1.011362E+00
    4.495283E-02    6.000000E-01    1.100000E+00    1.010101E+00    9.195229E-01
    4.495283E-02    6.000000E-01    1.100000E+00    1.111111E+00    8.189228E-01
    4.495283E-02    6.000000E-01    1.100000E+00    1.212121E+00    7.103191E-01
    4.495283E-02    6.000000E-01    1.100000E+00    1.313131E+00    5.946278E-01
    4.495283E-02    6.000000E-01    1.100000E+00    1.414141E+00    4.728194E-01
    4.495283E-02    6.000000E-01    1.100000E+00    1.515152E+00    3.457588E-01
    4.495283E-02    6.000000E-01    1.100000E+00    1.616162E+00    2.142902E-01
    4.495283E-02    6.000000E-01    1.100000E+00    1.717172E+00    7.947370E-02
    4.495283E-02    6.000000E-01    1.100000E+00    1.818182E+00   -5.718496E-02
    4.495283E-02    6.000000E-01    1.100000E+00    1.919192E+00   -1.935260E-01
    4.495283E-02    6.000000E-01    1.100000E+00    2.020202E+00   -3.267467E-01
    4.495283E-02    6.000000E-01    1.100000E+00    2.121212E+00   -4.519771E-01
    4.495283E-02    6.000000E-01    1.100000E+00    2.222222E+00   -5.642651E-01
    4.495283E-02    6.000000E-01    1.100000E+00    2.323232E+00   -6.596817E-01
    4.495283E-02    6.000000E-01    1.100000E+00    2.424242E+00   -7.318198E-01
    4.495283E-02    6.000000E-01    1.100000E+00    2.525253E+00   -7.793401E-01
    4.495283E-02    6.000000E-01    1.100000E+00    2.626263E+00   -8.015470E-01
    4.495283E-02    6.000000E-01    1.100000E+00    2.727273E+00   -8.009564E-01
    4.495283E-02    6.000000E-01    1.100000E+00    2.828283E+00   -7.792287E-01
    4.495283E-02    6.000000E-01    1.100000E+00    2.929293E+00   -7.373330E-01
    4.495283E-02    6.000000E-01    1.100000E+00    3.030303E+00   -6.770158E-01
    4.495283E-02    6.000000E-01    1.100000E+00    3.131313E+00   -6.004443E-01
    4.495283E-02    6.000000E-01    1.100000E+00    3.232323E+00   -5.111660E-01
    4.495283E-02    6.000000E-01    1.100000E+00    3.333333E+00   -4.155893E-01
    4.495283E-02    6.000000E-01    1.100000E+00    3.434343E+00   -3.254426E-01
    4.495283E-02    6.000000E-01    1.100000E+00    3.535354E+00   -2.406029E-01
    4.495283E-02    6.000000E-01    1.100000E+00    3.636364E+00   -1.753547E-01
    4.495283E-02    6.000000E-01    1.100000E+00    3.737374E+00   -1.206544E-01
    4.495283E-02    6.000000E-01    1.100000E+00    3.838384E+00   -7.879293E-02
    4.495283E-02    6.000000E-01    1.100000E+00    3.939394E+00   -5.142172E-02
    4.495283E-02    6.000000E-01    1.100000E+00    4.040404E+00   -2.894570E-02
    4.495283E-02    6.000000E-01    1.100000E+00    4.141414E+00   -1.828223E-02
    4.495283E-02    6.000000E-01    1.100000E+00    4.242424E+00   -9.487244E-03
    4.495283E-02    6.000000E-01    1.100000E+00    4.343434E+00   -5.255162E-03
    4.495283E-02    6.000000E-01    1.100000E+00    4.444444E+00   -2.585167E-03
    4.495283E-02    6.000000E-01    1.100000E+00    4.545455E+00   -1.138078E-03
    4.495283E-02    6.000000E-01    1.100000E+00    4.646465E+00   -5.736179E-04
    4.495283E-02    6.000000E-01    1.100000E+00    4.747475E+00   -2.176328E-04
    4.495283E-02    6.000000E-01    1.100000E+00    4.848485E+00   -9.583203E-05
    4.495283E-02    6.000000E-01    1.100000E+00    4.949495E+00   -3.935931E-05
    4.495283E-02    6.000000E-01    1.100000E+00    5.050505E+00   -1.414048E-05
    4.495283E-02    6.000000E-01    1.100000E+00    5.151515E+00   -5.101958E-06
    4.495283E-02    6.000000E-01    1.100000E+00    5.252525E+00   -1.958713E-06
    4.495283E-02    6.000000E-01    1.100000E+00    5.353535E+00   -7.982657E-07
    4.495283E-02    6.000000E-01    1.100000E+00    5.454545E+00   -3.184259E-07
    4.495283E-02    6.000000E-01    1.100000E+00    5.555556E+00   -1.298419E-07
    4.495283E-02    6.000000E-01    1.100000E+00    5.656566E+00   -7.816750E-08
    4.495283E-02    6.000000E-01    1.100000E+00    5.757576E+00   -4.511243E-08
    4.495283E-02    6.000000E-01    1.100000E+00    5.858586E+00   -1.205736E-08
    4.495283E-02    6.000000E-01    1.100000E+00    5.959596E+00   -4.359802E-09
    4.495283E-02    6.000000E-01    1.100000E+00    6.060606E+00   -3.421945E-09
    4.495283E-02    6.000000E-01    1.100000E+00    6.161616E+00   -2.484088E-09
    4.495283E-02    6.000000E-01    1.100000E+00    6.262626E+00   -1.546231E-09
    4.495283E-02    6.000000E-01    1.100000E+00    6.363636E+00   -6.083734E-10
    4.495283E-02    6.000000E-01    1.100000E+00    6.464646E+00   -6.932041E-12
    4.495283E-02    6.000000E-01    1.100000E+00    6.565657E+00   -5.994582E-12
    4.495283E-02    6.000000E-01    1.100000E+00    6.666667E+00   -5.057124E-12
    4.495283E-02    6.000000E-01    1.100000E+00    6.767677E+00   -4.119665E-12
    4.495283E-02    6.000000E-01    1.100000E+00    6.868687E+00   -3.182207E-12
    4.495283E-02    6.000000E-01    1.100000E+00    6.969697E+00   -2.244748E-12
    4.495283E-02    6.000000E-01    1.100000E+00    7.070707E+00   -1.307290E-12
    4.495283E-02    6.000000E-01    1.100000E+00    7.171717E+00   -3.698312E-13
    4.495283E-02    6.000000E-01    1.100000E+00    7.272727E+00   -2.354970E-17
    4.495283E-02    6.000000E-01    1.100000E+00    7.373737E+00   -2.104724E-17
    4.495283E-02    6.000000E-01    1.100000E+00    7.474747E+00   -1.854477E-17
    4.495283E-02    6.000000E-01    1.100000E+00    7.575758E+00   -1.604230E-17
    4.495283E-02    6.000000E-01    1.100000E+00    7.676768E+00   -1.353984E-17
    4.495283E-02    6.000000E-01    1.100000E+00    7.777778E+00   -1.103737E-17
    4.495283E-02    6.000000E-01    1.100000E+00    7.878788E+00   -8.534901E-18
    4.495283E-02    6.000000E-01    1.100000E+00    7.979798E+00   -6.032434E-18
    4.495283E-02    6.000000E-01    1.100000E+00    8.080808E+00   -3.529967E-18
    4.495283E-02    6.000000E-01    1.100000E+00    8.181818E+00   -1.027500E-18
    4.495283E-02    6.000000E-01    1.100000E+00    8.282828E+00   -1.825790E-27
    4.495283E-02    6.000000E-01    1.100000E+00    8.383838E+00   -1.669222E-27
    4.495283E-02    6.000000E-01    1.100000E+00    8.484848E+00   -1.512654E-27
    4.495283E-02    6.000000E-01    1.100000E+00    8.585859E+00   -1.356086E-27
    4.495283E-02    6.000000E-01    1.100000E+00    8.686869E+00   -1.199518E-27
    4.495283E-02    6.000000E-01    1.100000E+00    8.787879E+00   -1.042950E-27
    4.495283E-02    6.000000E-01    1.100000E+00    8.888889E+00   -8.863825E-28
    4.495283E-02    6.000000E-01    1.100000E+00    8.989899E+00   -7.298147E-28
    4.495283E-02    6.000000E-01    1.100000E+00    9.090909E+00   -5.732468E-28
    4.495283E-02    6.000000E-01    1.100000E+00    9.191919E+00   -4.166790E-28
    4.495283E-02    6.000000E-01    1.100000E+00    9.292929E+00   -2.601111E-28
    4.495283E-02    6.000000E-01    1.100000E+00    9.393939E+00   -1.035433E-28
    4.495283E-02    6.000000E-01    1.100000E+00    9.494949E+00   -9.186547E-33
    4.495283E-02    6.000000E-01    1.100000E+00    9.595960E+00   -9.745834E-33
    4.495283E-02    6.000000E-01    1.100000E+00    9.696970E+00   -1.030512E-32
    4.495283E-02    6.000000E-01    1.100000E+00    9.797980E+00   -1.086441E-32
    4.495283E-02    6.000000E-01    1.100000E+00    9.898990E+00   -1.142370E-32
    4.495283E-02    6.000000E-01    1.100000E+00    1.000000E+01   -1.198298E-32

    4.495283E-02    7.000000E-01    1.100000E+00    0.000000E+00    6.109260E-01
    4.495283E-02    7.000000E-01    1.100000E+00    1.010101E-01    6.088024E-01
    4.495283E-02    7.000000E-01    1.100000E+00    2.020202E-01    6.024575E-01
    4.495283E-02    7.000000E-01    1.100000E+00    3.030303E-01    5.918970E-01
    4.495283E-02    7.000000E-01    1.100000E+00    4.040404E-01    5.771254E-01
    4.495283E-02    7.000000E-01    1.100000E+00    5.050505E-01    5.580990E-01
    4.495283E-02    7.000000E-01    1.100000E+00    6.060606E-01    5.348433E-01
    4.495283E-02    7.000000E-01    1.100000E+00    7.070707E-01    5.073438E-01
    4.495283E-02    7.000000E-01    1.100000E+00    8.080808E-01    4.756064E-01
    4.495283E-02    7.000000E-01    1.100000E+00    9.090909E-01    4.396959E-01
    4.495283E-02    7.000000E-01    1.100000E+00    1.010101E+00    3.997453E-01
    4.495283E-02    7.000000E-01    1.100000E+00    1.111111E+00    3.559898E-01
    4.495283E-02    7.000000E-01    1.100000E+00    1.212121E+00    3.087602E-01
    4.495283E-02    7.000000E-01    1.100000E+00    1.313131E+00    2.584559E-01
    4.495283E-02    7.000000E-01    1.100000E+00    1.414141E+00    2.054992E-01
    4.495283E-02    7.000000E-01    1.100000E+00    1.515152E+00    1.502661E-01
    4.495283E-02    7.000000E-01    1.100000E+00    1.616162E+00    9.312334E-02
    4.495283E-02    7.000000E-01    1.100000E+00    1.717172E+00    3.453130E-02
    4.495283E-02    7.000000E-01    1.100000E+00    1.818182E+00   -2.485629E-02
    4.495283E-02    7.000000E-01    1.100000E+00    1.919192E+00   -8.410073E-02
    4.495283E-02    7.000000E-01    1.100000E+00    2.020202E+00   -1.419855E-01
    4.495283E-02    7.000000E-01    1.100000E+00    2.121212E+00   -1.963948E-01
    4.495283E-02    7.000000E-01    1.100000E+00    2.222222E+00   -2.451779E-01
    4.495283E-02    7.000000E-01    1.100000E+00    2.323232E+00   -2.866288E-01
    4.495283E-02    7.000000E-01    1.100000E+00    2.424242E+00   -3.179643E-01
    4.495283E-02    7.000000E-01    1.100000E+00    2.525253E+00   -3.386037E-01
    4.495283E-02    7.000000E-01    1.100000E+00    2.626263E+00   -3.482452E-01
    4.495283E-02    7.000000E-01    1.100000E+00    2.727273E+00   -3.479826E-01
    4.495283E-02    7.000000E-01    1.100000E+00    2.828283E+00   -3.385377E-01
    4.495283E-02    7.000000E-01    1.100000E+00    2.929293E+00   -3.203320E-01
    4.495283E-02    7.000000E-01    1.100000E+00    3.030303E+00   -2.941243E-01
    4.495283E-02    7.000000E-01    1.100000E+00    3.131313E+00   -2.608560E-01
    4.495283E-02    7.000000E-01    1.100000E+00    3.232323E+00   -2.220683E-01
    4.495283E-02    7.000000E-01    1.100000E+00    3.333333E+00   -1.805454E-01
    4.495283E-02    7.000000E-01    1.100000E+00    3.434343E+00   -1.413819E-01
    4.495283E-02    7.000000E-01    1.100000E+00    3.535354E+00   -1.045244E-01
    4.495283E-02    7.000000E-01    1.100000E+00    3.636364E+00   -7.617851E-02
    4.495283E-02    7.000000E-01    1.100000E+00    3.737374E+00   -5.241505E-02
    4.495283E-02    7.000000E-01    1.100000E+00    3.838384E+00   -3.422932E-02
    4.495283E-02    7.000000E-01    1.100000E+00    3.939394E+00   -2.233861E-02
    4.495283E-02    7.000000E-01    1.100000E+00    4.040404E+00   -1.257452E-02
    4.495283E-02    7.000000E-01    1.100000E+00    4.141414E+00   -7.942103E-03
    4.495283E-02    7.000000E-01    1.100000E+00    4.242424E+00   -4.121393E-03
    4.495283E-02    7.000000E-01    1.100000E+00    4.343434E+00   -2.282907E-03
    4.495283E-02    7.000000E-01    1.100000E+00    4.444444E+00   -1.123020E-03
    4.495283E-02    7.000000E-01    1.100000E+00    4.545455E+00   -4.943865E-04
    4.495283E-02    7.000000E-01    1.100000E+00    4.646465E+00   -2.491801E-04
    4.495283E-02    7.000000E-01    1.100000E+00    4.747475E+00   -9.453803E-05
    4.495283E-02    7.000000E-01    1.100000E+00    4.848485E+00   -4.162799E-05
    4.495283E-02    7.000000E-01    1.100000E+00    4.949495E+00   -1.709668E-05
    4.495283E-02    7.000000E-01    1.100000E+00    5.050505E+00   -6.142054E-06
    4.495283E-02    7.000000E-01    1.100000E+00    5.151515E+00   -2.216011E-06
    4.495283E-02    7.000000E-01    1.100000E+00    5.252525E+00   -8.507386E-07
    4.495283E-02    7.000000E-01    1.100000E+00    5.353535E+00   -3.467121E-07
    4.495283E-02    7.000000E-01    1.100000E+00    5.454545E+00   -1.383028E-07
    4.495283E-02    7.000000E-01    1.100000E+00    5.555556E+00   -5.639531E-08
    4.495283E-02    7.000000E-01    1.100000E+00    5.656566E+00   -3.395132E-08
    4.495283E-02    7.000000E-01    1.100000E+00    5.757576E+00   -1.959424E-08
    4.495283E-02    7.000000E-01    1.100000E+00    5.858586E+00   -5.237153E-09
    4.495283E-02    7.000000E-01    1.100000E+00    5.959596E+00   -1.893783E-09
    4.495283E-02    7.000000E-01    1.100000E+00    6.060606E+00   -1.486403E-09
    4.495283E-02    7.000000E-01    1.100000E+00    6.161616E+00   -1.079023E-09
    4.495283E-02    7.000000E-01    1.100000E+00    6.262626E+00   -6.716422E-10
    4.495283E-02    7.000000E-01    1.100000E+00    6.363636E+00   -2.642619E-10
    4.495283E-02    7.000000E-01    1.100000E+00    6.464646E+00   -3.011630E-12
    4.495283E-02    7.000000E-01    1.100000E+00    6.565657E+00   -2.604351E-12
    4.495283E-02    7.000000E-01    1.100000E+00    6.666667E+00   -2.197071E-12
    4.495283E-02    7.000000E-01    1.100000E+00    6.767677E+00   -1.789792E-12
    4.495283E-02    7.000000E-01    1.100000E+00    6.868687E+00   -1.382512E-12
    4.495283E-02    7.000000E-01    1.100000E+00    6.969697E+00   -9.752325E-13
    4.495283E-02    7.000000E-01    1.100000E+00    7.070707E+00   -5.679530E-13
    4.495283E-02    7.000000E-01    1.100000E+00    7.171717E+00   -1.606734E-13
    4.495283E-02    7.000000E-01    1.100000E+00    7.272727E+00   -1.023428E-17
    4.495283E-02    7.000000E-01    1.100000E+00    7.373737E+00   -9.146754E-18
    4.495283E-02    7.000000E-01    1.100000E+00    7.474747E+00   -8.059227E-18
    4.495283E-02    7.000000E-01    1.100000E+00    7.575758E+00   -6.971699E-18
    4.495283E-02    7.000000E-01    1.100000E+00    7.676768E+00   -5.884171E-18
    4.495283E-02    7.000000E-01    1.100000E+00    7.777778E+00   -4.796644E-18
    4.495283E-02    7.000000E-01    1.100000E+00    7.878788E+00   -3.709116E-18
    4.495283E-02    7.000000E-01    1.100000E+00    7.979798E+00   -2.621589E-18
    4.495283E-02    7.000000E-01    1.100000E+00    8.080808E+00   -1.534061E-18
    4.495283E-02    7.000000E-01    1.100000E+00    8.181818E+00   -4.465332E-19
    4.495283E-02    7.000000E-01    1.100000E+00    8.282828E+00   -7.938239E-28
    4.495283E-02    7.000000E-01    1.100000E+00    8.383838E+00   -7.257507E-28
    4.495283E-02    7.000000E-01    1.100000E+00    8.484848E+00   -6.576776E-28
    4.495283E-02    7.000000E-01    1.100000E+00    8.585859E+00   -5.896044E-28
    4.495283E-02    7.000000E-01    1.100000E+00    8.686869E+00   -5.215312E-28
    4.495283E-02    7.000000E-01    1.100000E+00    8.787879E+00   -4.534580E-28
    4.495283E-02    7.000000E-01    1.100000E+00    8.888889E+00   -3.853848E-28
    4.495283E-02    7.000000E-01    1.100000E+00    8.989899E+00   -3.173117E-28
    4.495283E-02    7.000000E-01    1.100000E+00    9.090909E+00   -2.492385E-28
    4.495283E-02    7.000000E-01    1.100000E+00    9.191919E+00   -1.811653E-28
    4.495283E-02    7.000000E-01    1.100000E+00    9.292929E+00   -1.130921E-28
    4.495283E-02    7.000000E-01    1.100000E+00    9.393939E+00   -4.501895E-29
    4.495283E-02    7.000000E-01    1.100000E+00    9.494949E+00   -3.991045E-33
    4.495283E-02    7.000000E-01    1.100000E+00    9.595960E+00   -4.234030E-33
    4.495283E-02    7.000000E-01    1.100000E+00    9.696970E+00   -4.477014E-33
    4.495283E-02    7.000000E-01    1.100000E+00    9.797980E+00   -4.719998E-33
    4.495283E-02    7.000000E-01    1.100000E+00    9.898990E+00   -4.962982E-33
    4.495283E-02    7.000000E-01    1.100000E+00    1.000000E+01   -5.205966E-33

    4.495283E-02    8.000000E-01    1.100000E+00    0.000000E+00    4.354248E-06
    4.495283E-02    8.000000E-01    1.100000E+00    1.010101E-01    4.339123E-06
    4.495283E-02    8.000000E-01    1.100000E+00    2.020202E-01    4.293937E-06
    4.495283E-02    8.000000E-01    1.100000E+00    3.030303E-01    4.218734E-06
    4.495283E-02    8.000000E-01    1.100000E+00    4.040404E-01    4.113556E-06
    4.495283E-02    8.000000E-01    1.100000E+00    5.050505E-01    3.978106E-06
    4.495283E-02    8.000000E-01    1.100000E+00    6.060606E-01    3.812588E-06
    4.495283E-02    8.000000E-01    1.100000E+00    7.070707E-01    3.616928E-06
    4.495283E-02    8.000000E-01    1.100000E+00    8.080808E-01    3.391207E-06
    4.495283E-02    8.000000E-01    1.100000E+00    9.090909E-01    3.135925E-06
    4.495283E-02    8.000000E-01    1.100000E+00    1.010101E+00    2.852063E-06
    4.495283E-02    8.000000E-01    1.100000E+00    1.111111E+00    2.541310E-06
    4.495283E-02    8.000000E-01    1.100000E+00    1.212121E+00    2.206017E-06
    4.495283E-02    8.000000E-01    1.100000E+00    1.313131E+00    1.849000E-06
    4.495283E-02    8.000000E-01    1.100000E+00    1.414141E+00    1.473229E-06
    4.495283E-02    8.000000E-01    1.100000E+00    1.515152E+00    1.081347E-06
    4.495283E-02    8.000000E-01    1.100000E+00    1.616162E+00    6.759385E-07
    4.495283E-02    8.000000E-01    1.100000E+00    1.717172E+00    2.602575E-07
    4.495283E-02    8.000000E-01    1.100000E+00    1.818182E+00   -1.610673E-07
    4.495283E-02    8.000000E-01    1.100000E+00    1.919192E+00   -5.813900E-07
    4.495283E-02    8.000000E-01    1.100000E+00    2.020202E+00   -9.920944E-07
    4.495283E-02    8.000000E-01    1.100000E+00    2.121212E+00   -1.378199E-06
    4.495283E-02    8.000000E-01    1.100000E+00    2.222222E+00   -1.724477E-06
    4.495283E-02    8.000000E-01    1.100000E+00    2.323232E+00   -2.018849E-06
    4.495283E-02    8.000000E-01    1.100000E+00    2.424242E+00   -2.241612E-06
    4.495283E-02    8.000000E-01    1.100000E+00    2.525253E+00   -2.388656E-06
    4.495283E-02    8.000000E-01    1.100000E+00    2.626263E+00   -2.457850E-06
    4.495283E-02    8.000000E-01    1.100000E+00    2.727273E+00   -2.456938E-06
    4.495283E-02    8.000000E-01    1.100000E+00    2.828283E+00   -2.391023E-06
    4.495283E-02    8.000000E-01    1.100000E+00    2.929293E+00   -2.263063E-06
    4.495283E-02    8.000000E-01    1.100000E+00    3.030303E+00   -2.078402E-06
    4.495283E-02    8.000000E-01    1.100000E+00    3.131313E+00   -1.843679E-06
    4.495283E-02    8.000000E-01    1.100000E+00    3.232323E+00   -1.569792E-06
    4.495283E-02    8.000000E-01    1.100000E+00    3.333333E+00   -1.276395E-06
    4.495283E-02    8.000000E-01    1.100000E+00    3.434343E+00   -9.996102E-07
    4.495283E-02    8.000000E-01    1.100000E+00    3.535354E+00   -7.390772E-07
    4.495283E-02    8.000000E-01    1.100000E+00    3.636364E+00   -5.386721E-07
    4.495283E-02    8.000000E-01    1.100000E+00    3.737374E+00   -3.706573E-07
    4.495283E-02    8.000000E-01    1.100000E+00    3.838384E+00   -2.420680E-07
    4.495283E-02    8.000000E-01    1.100000E+00    3.939394E+00   -1.579844E-07
    4.495283E-02    8.000000E-01    1.100000E+00    4.040404E+00   -8.893617E-08
    4.495283E-02    8.000000E-01    1.100000E+00    4.141414E+00   -5.617410E-08
    4.495283E-02    8.000000E-01    1.100000E+00    4.242424E+00   -2.915234E-08
    4.495283E-02    8.000000E-01    1.100000E+00    4.343434E+00   -1.614864E-08
    4.495283E-02    8.000000E-01    1.100000E+00    4.444444E+00   -7.944456E-09
    4.495283E-02    8.000000E-01    1.100000E+00    4.545455E+00   -3.497646E-09
    4.495283E-02    8.000000E-01    1.100000E+00    4.646465E+00   -1.762984E-09
    4.495283E-02    8.000000E-01    1.100000E+00    4.747475E+00   -6.689479E-10
    4.495283E-02    8.000000E-01    1.100000E+00    4.848485E+00   -2.945846E-10
    4.495283E-02    8.000000E-01    1.100000E+00    4.949495E+00   -1.210020E-10
    4.495283E-02    8.000000E-01    1.100000E+00    5.050505E+00   -4.347850E-11
    4.495283E-02    8.000000E-01    1.100000E+00    5.151515E+00   -1.568989E-11
    4.495283E-02    8.000000E-01    1.100000E+00    5.252525E+00   -6.024523E-12
    4.495283E-02    8.000000E-01    1.100000E+00    5.353535E+00   -2.455601E-12
    4.495283E-02    8.000000E-01    1.100000E+00    5.454545E+00   -9.796544E-13
    4.495283E-02    8.000000E-01    1.100000E+00    5.555556E+00   -3.995055E-13
    4.495283E-02    8.000000E-01    1.100000E+00    5.656566E+00   -2.405186E-13
    4.495283E-02    8.000000E-01    1.100000E+00    5.757576E+00   -1.388112E-13
    4.495283E-02    8.000000E-01    1.100000E+00    5.858586E+00   -3.710378E-14
    4.495283E-02    8.000000E-01    1.100000E+00    5.959596E+00   -1.341848E-14
    4.495283E-02    8.000000E-01    1.100000E+00    6.060606E+00   -1.053197E-14
    4.495283E-02    8.000000E-01    1.100000E+00    6.161616E+00   -7.645460E-15
    4.495283E-02    8.000000E-01    1.100000E+00    6.262626E+00   -4.758952E-15
    4.495283E-02    8.000000E-01    1.100000E+00    6.363636E+00   -1.872444E-15
    4.495283E-02    8.000000E-01    1.100000E+00    6.464646E+00   -2.134625E-17
    4.495283E-02    8.000000E-01    1.100000E+00    6.565657E+00   -1.845948E-17
    4.495283E-02    8.000000E-01    1.100000E+00    6.666667E+00   -1.557271E-17
    4.495283E-02    8.000000E-01    1.100000E+00    6.767677E+00   -1.268593E-17
    4.495283E-02    8.000000E-01    1.100000E+00    6.868687E+00   -9.799161E-18
    4.495283E-02    8.000000E-01    1.100000E+00    6.969697E+00   -6.912388E-18
    4.495283E-02    8.000000E-01    1.100000E+00    7.070707E+00   -4.025616E-18
    4.495283E-02    8.000000E-01    1.100000E+00    7.171717E+00   -1.138843E-18
    4.495283E-02    8.000000E-01    1.100000E+00    7.272727E+00   -7.259359E-23
    4.495283E-02    8.000000E-01    1.100000E+00    7.373737E+00   -6.487956E-23
    4.495283E-02    8.000000E-01    1.100000E+00    7.474747E+00   -5.716553E-23
    4.495283E-02    8.000000E-01    1.100000E+00    7.575758E+00   -4.945151E-23
    4.495283E-02    8.000000E-01    1.100000E+00    7.676768E+00   -4.173748E-23
    4.495283E-02    8.000000E-01    1.100000E+00    7.777778E+00   -3.402345E-23
    4.495283E-02    8.000000E-01    1.100000E+00    7.878788E+00   -2.630942E-23
    4.495283E-02    8.000000E-01    1.100000E+00    7.979798E+00   -1.859540E-23
    4.495283E-02    8.000000E-01    1.100000E+00    8.080808E+00   -1.088137E-23
    4.495283E-02    8.000000E-01    1.100000E+00    8.181818E+00   -3.167340E-24
    4.495283E-02    8.000000E-01    1.100000E+00    8.282828E+00   -5.639512E-33
    4.495283E-02    8.000000E-01    1.100000E+00    8.383838E+00   -5.155904E-33
    4.495283E-02    8.000000E-01    1.100000E+00    8.484848E+00   -4.672297E-33
    4.495283E-02    8.000000E-01    1.100000E+00    8.585859E+00   -4.188689E-33
    4.495283E-02    8.000000E-01    1.100000E+00    8.686869E+00   -3.705081E-33
    4.495283E-02    8.000000E-01    1.100000E+00    8.787879E+00   -3.221473E-33
    4.495283E-02    8.000000E-01    1.100000E+00    8.888889E+00   -2.737865E-33
    4.495283E-02    8.000000E-01    1.100000E+00    8.989899E+00   -2.254257E-33
    4.495283E-02    8.000000E-01    1.100000E+00    9.090909E+00   -1.770649E-33
    4.495283E-02    8.000000E-01    1.100000E+00    9.191919E+00   -1.287041E-33
    4.495283E-02    8.000000E-01    1.100000E+00    9.292929E+00   -8.034328E-34
    4.495283E-02    8.000000E-01    1.100000E+00    9.393939E+00   -3.198248E-34
    4.495283E-02    8.000000E-01    1.100000E+00    9.494949E+00   -2.795207E-38
    4.495283E-02    8.000000E-01    1.100000E+00    9.595960E+00   -2.965733E-38
    4.495283E-02    8.000000E-01    1.100000E+00    9.696970E+00   -3.136259E-38
    4.495283E-02    8.000000E-01    1.100000E+00    9.797980E+00   -3.306784E-38
    4.495283E-02    8.000000E-01    1.100000E+00    9.898990E+00   -3.477310E-38
    4.495283E-02    8.000000E-01    1.100000E+00    1.000000E+01   -3.647836E-38

    4.495283E-02    9.000000E-01    1.100000E+00    0.000000E+00    2.027411E-06
    4.495283E-02    9.000000E-01    1.100000E+00    1.010101E-01    2.020375E-06
    4.495283E-02    9.000000E-01    1.100000E+00    2.020202E-01    1.999357E-06
    4.495283E-02    9.000000E-01    1.100000E+00    3.030303E-01    1.964380E-06
    4.495283E-02    9.000000E-01    1.100000E+00    4.040404E-01    1.915468E-06
    4.495283E-02    9.000000E-01    1.100000E+00    5.050505E-01    1.852491E-06
    4.495283E-02    9.000000E-01    1.100000E+00    6.060606E-01    1.775556E-06
    4.495283E-02    9.000000E-01    1.100000E+00    7.070707E-01    1.684646E-06
    4.495283E-02    9.000000E-01    1.100000E+00    8.080808E-01    1.579816E-06
    4.495283E-02    9.000000E-01    1.100000E+00    9.090909E-01    1.461321E-06
    4.495283E-02    9.000000E-01    1.100000E+00    1.010101E+00    1.329631E-06
    4.495283E-02    9.000000E-01    1.100000E+00    1.111111E+00    1.185542E-06
    4.495283E-02    9.000000E-01    1.100000E+00    1.212121E+00    1.030138E-06
    4.495283E-02    9.000000E-01    1.100000E+00    1.313131E+00    8.647155E-07
    4.495283E-02    9.000000E-01    1.100000E+00    1.414141E+00    6.906340E-07
    4.495283E-02    9.000000E-01    1.100000E+00    1.515152E+00    5.091048E-07
    4.495283E-02    9.000000E-01    1.100000E+00    1.616162E+00    3.213150E-07
    4.495283E-02    9.000000E-01    1.100000E+00    1.717172E+00    1.287656E-07
    4.495283E-02    9.000000E-01    1.100000E+00    1.818182E+00   -6.640362E-08
    4.495283E-02    9.000000E-01    1.100000E+00    1.919192E+00   -2.611216E-07
    4.495283E-02    9.000000E-01    1.100000E+00    2.020202E+00   -4.514029E-07
    4.495283E-02    9.000000E-01    1.100000E+00    2.121212E+00   -6.303236E-07
    4.495283E-02    9.000000E-01    1.100000E+00    2.222222E+00   -7.908445E-07
    4.495283E-02    9.000000E-01    1.100000E+00    2.323232E+00   -9.273813E-07
    4.495283E-02    9.000000E-01    1.100000E+00    2.424242E+00   -1.030829E-06
    4.495283E-02    9.000000E-01    1.100000E+00    2.525253E+00   -1.099289E-06
    4.495283E-02    9.000000E-01    1.100000E+00    2.626263E+00   -1.131776E-06
    4.495283E-02    9.000000E-01    1.100000E+00    2.727273E+00   -1.131871E-06
    4.495283E-02    9.000000E-01    1.100000E+00    2.828283E+00   -1.101926E-06
    4.495283E-02    9.000000E-01    1.100000E+00    2.929293E+00   -1.043296E-06
    4.495283E-02    9.000000E-01    1.100000E+00    3.030303E+00   -9.584336E-07
    4.495283E-02    9.000000E-01    1.100000E+00    3.131313E+00   -8.503932E-07
    4.495283E-02    9.000000E-01    1.100000E+00    3.232323E+00   -7.242043E-07
    4.495283E-02    9.000000E-01    1.100000E+00    3.333333E+00   -5.889199E-07
    4.495283E-02    9.000000E-01    1.100000E+00    3.434343E+00   -4.612618E-07
    4.495283E-02    9.000000E-01    1.100000E+00    3.535354E+00   -3.410747E-07
    4.495283E-02    9.000000E-01    1.100000E+00    3.636364E+00   -2.486043E-07
    4.495283E-02    9.000000E-01    1.100000E+00    3.737374E+00   -1.710753E-07
    4.495283E-02    9.000000E-01    1.100000E+00    3.838384E+00   -1.117327E-07
    4.495283E-02    9.000000E-01    1.100000E+00    3.939394E+00   -7.292580E-08
    4.495283E-02    9.000000E-01    1.100000E+00    4.040404E+00   -4.105659E-08
    4.495283E-02    9.000000E-01    1.100000E+00    4.141414E+00   -2.593338E-08
    4.495283E-02    9.000000E-01    1.100000E+00    4.242424E+00   -1.345971E-08
    4.495283E-02    9.000000E-01    1.100000E+00    4.343434E+00   -7.456323E-09
    4.495283E-02    9.000000E-01    1.100000E+00    4.444444E+00   -3.668556E-09
    4.495283E-02    9.000000E-01    1.100000E+00    4.545455E+00   -1.615320E-09
    4.495283E-02    9.000000E-01    1.100000E+00    4.646465E+00   -8.142790E-10
    4.495283E-02    9.000000E-01    1.100000E+00    4.747475E+00   -3.090331E-10
    4.495283E-02    9.000000E-01    1.100000E+00    4.848485E+00   -1.361113E-10
    4.495283E-02    9.000000E-01    1.100000E+00    4.949495E+00   -5.592180E-11
    4.495283E-02    9.000000E-01    1.100000E+00    5.050505E+00   -2.010095E-11
    4.495283E-02    9.000000E-01    1.100000E+00    5.151515E+00   -7.256560E-12
    4.495283E-02    9.000000E-01    1.100000E+00    5.252525E+00   -2.787306E-12
    4.495283E-02    9.000000E-01    1.100000E+00    5.353535E+00   -1.136417E-12
    4.495283E-02    9.000000E-01    1.100000E+00    5.454545E+00   -4.534699E-13
    4.495283E-02    9.000000E-01    1.100000E+00    5.555556E+00   -1.849537E-13
    4.495283E-02    9.000000E-01    1.100000E+00    5.656566E+00   -1.113546E-13
    4.495283E-02    9.000000E-01    1.100000E+00    5.757576E+00   -6.426726E-14
    4.495283E-02    9.000000E-01    1.100000E+00    5.858586E+00   -1.717990E-14
    4.495283E-02    9.000000E-01    1.100000E+00    5.959596E+00   -6.214053E-15
    4.495283E-02    9.000000E-01    1.100000E+00    6.060606E+00   -4.877321E-15
    4.495283E-02    9.000000E-01    1.100000E+00    6.161616E+00   -3.540590E-15
    4.495283E-02    9.000000E-01    1.100000E+00    6.262626E+00   -2.203858E-15
    4.495283E-02    9.000000E-01    1.100000E+00    6.363636E+00   -8.671264E-16
    4.495283E-02    9.000000E-01    1.100000E+00    6.464646E+00   -9.889199E-18
    4.495283E-02    9.000000E-01    1.100000E+00    6.565657E+00   -8.551828E-18
    4.495283E-02    9.000000E-01    1.100000E+00    6.666667E+00   -7.214456E-18
    4.495283E-02    9.000000E-01    1.100000E+00    6.767677E+00   -5.877085E-18
    4.495283E-02    9.000000E-01    1.100000E+00    6.868687E+00   -4.539713E-18
    4.495283E-02    9.000000E-01    1.100000E+00    6.969697E+00   -3.202342E-18
    4.495283E-02    9.000000E-01    1.100000E+00    7.070707E+00   -1.864970E-18
    4.495283E-02    9.000000E-01    1.100000E+00    7.171717E+00   -5.275985E-19
    4.495283E-02    9.000000E-01    1.100000E+00    7.272727E+00   -3.365894E-23
    4.495283E-02    9.000000E-01    1.100000E+00    7.373737E+00   -3.008224E-23
    4.495283E-02    9.000000E-01    1.100000E+00    7.474747E+00   -2.650553E-23
    4.495283E-02    9.000000E-01    1.100000E+00    7.575758E+00   -2.292882E-23
    4.495283E-02    9.000000E-01    1.100000E+00    7.676768E+00   -1.935212E-23
    4.495283E-02    9.000000E-01    1.100000E+00    7.777778E+00   -1.577541E-23
    4.495283E-02    9.000000E-01    1.100000E+00    7.878788E+00   -1.219870E-23
    4.495283E-02    9.000000E-01    1.100000E+00    7.979798E+00   -8.621993E-24
    4.495283E-02    9.000000E-01    1.100000E+00    8.080808E+00   -5.045285E-24
    4.495283E-02    9.000000E-01    1.100000E+00    8.181818E+00   -1.468578E-24
    4.495283E-02    9.000000E-01    1.100000E+00    8.282828E+00   -2.619474E-33
    4.495283E-02    9.000000E-01    1.100000E+00    8.383838E+00   -2.394845E-33
    4.495283E-02    9.000000E-01    1.100000E+00    8.484848E+00   -2.170216E-33
    4.495283E-02    9.000000E-01    1.100000E+00    8.585859E+00   -1.945587E-33
    4.495283E-02    9.000000E-01    1.100000E+00    8.686869E+00   -1.720958E-33
    4.495283E-02    9.000000E-01    1.100000E+00    8.787879E+00   -1.496329E-33
    4.495283E-02    9.000000E-01    1.100000E+00    8.888889E+00   -1.271700E-33
    4.495283E-02    9.000000E-01    1.100000E+00    8.989899E+00   -1.047070E-33
    4.495283E-02    9.000000E-01    1.100000E+00    9.090909E+00   -8.224413E-34
    4.495283E-02    9.000000E-01    1.100000E+00    9.191919E+00   -5.978122E-34
    4.495283E-02    9.000000E-01    1.100000E+00    9.292929E+00   -3.731830E-34
    4.495283E-02    9.000000E-01    1.100000E+00    9.393939E+00   -1.485539E-34
    4.495283E-02    9.000000E-01    1.100000E+00    9.494949E+00   -1.275270E-38
    4.495283E-02    9.000000E-01    1.100000E+00    9.595960E+00   -1.353261E-38
    4.495283E-02    9.000000E-01    1.100000E+00    9.696970E+00   -1.431251E-38
    4.495283E-02    9.000000E-01    1.100000E+00    9.797980E+00   -1.509242E-38
    4.495283E-02    9.000000E-01    1.100000E+00    9.898990E+00   -1.587232E-38
    4.495283E-02    9.000000E-01    1.100000E+00    1.000000E+01   -1.665223E-38

    4.495283E-02    1.000000E+00    1.100000E+00    0.000000E+00    1.339769E-06
    4.495283E-02    1.000000E+00    1.100000E+00    1.010101E-01    1.335123E-06
    4.495283E-02    1.000000E+00    1.100000E+00    2.020202E-01    1.321246E-06
    4.495283E-02    1.000000E+00    1.100000E+00    3.030303E-01    1.298155E-06
    4.495283E-02    1.000000E+00    1.100000E+00    4.040404E-01    1.265868E-06
    4.495283E-02    1.000000E+00    1.100000E+00    5.050505E-01    1.224305E-06
    4.495283E-02    1.000000E+00    1.100000E+00    6.060606E-01    1.173544E-06
    4.495283E-02    1.000000E+00    1.100000E+00    7.070707E-01    1.113583E-06
    4.495283E-02    1.000000E+00    1.100000E+00    8.080808E-01    1.044472E-06
    4.495283E-02    1.000000E+00    1.100000E+00    9.090909E-01    9.663903E-07
    4.495283E-02    1.000000E+00    1.100000E+00    1.010101E+00    8.796601E-07
    4.495283E-02    1.000000E+00    1.100000E+00    1.111111E+00    7.848088E-07
    4.495283E-02    1.000000E+00    1.100000E+00    1.212121E+00    6.825505E-07
    4.495283E-02    1.000000E+00    1.100000E+00    1.313131E+00    5.737296E-07
    4.495283E-02    1.000000E+00    1.100000E+00    1.414141E+00    4.592314E-07
    4.495283E-02    1.000000E+00    1.100000E+00    1.515152E+00    3.398438E-07
    4.495283E-02    1.000000E+00    1.100000E+00    1.616162E+00    2.163412E-07
    4.495283E-02    1.000000E+00    1.100000E+00    1.717172E+00    8.970688E-08
    4.495283E-02    1.000000E+00    1.100000E+00    1.818182E+00   -3.865466E-08
    4.495283E-02    1.000000E+00    1.100000E+00    1.919192E+00   -1.667280E-07
    4.495283E-02    1.000000E+00    1.100000E+00    2.020202E+00   -2.918956E-07
    4.495283E-02    1.000000E+00    1.100000E+00    2.121212E+00   -4.096128E-07
    4.495283E-02    1.000000E+00    1.100000E+00    2.222222E+00   -5.152588E-07
    4.495283E-02    1.000000E+00    1.100000E+00    2.323232E+00   -6.051676E-07
    4.495283E-02    1.000000E+00    1.100000E+00    2.424242E+00   -6.733638E-07
    4.495283E-02    1.000000E+00    1.100000E+00    2.525253E+00   -7.186013E-07
    4.495283E-02    1.000000E+00    1.100000E+00    2.626263E+00   -7.402353E-07
    4.495283E-02    1.000000E+00    1.100000E+00    2.727273E+00   -7.406143E-07
    4.495283E-02    1.000000E+00    1.100000E+00    2.828283E+00   -7.212802E-07
    4.495283E-02    1.000000E+00    1.100000E+00    2.929293E+00   -6.831137E-07
    4.495283E-02    1.000000E+00    1.100000E+00    3.030303E+00   -6.277143E-07
    4.495283E-02    1.000000E+00    1.100000E+00    3.131313E+00   -5.570777E-07
    4.495283E-02    1.000000E+00    1.100000E+00    3.232323E+00   -4.745007E-07
    4.495283E-02    1.000000E+00    1.100000E+00    3.333333E+00   -3.859054E-07
    4.495283E-02    1.000000E+00    1.100000E+00    3.434343E+00   -3.022841E-07
    4.495283E-02    1.000000E+00    1.100000E+00    3.535354E+00   -2.235414E-07
    4.495283E-02    1.000000E+00    1.100000E+00    3.636364E+00   -1.629448E-07
    4.495283E-02    1.000000E+00    1.100000E+00    3.737374E+00   -1.121367E-07
    4.495283E-02    1.000000E+00    1.100000E+00    3.838384E+00   -7.324330E-08
    4.495283E-02    1.000000E+00    1.100000E+00    3.939394E+00   -4.780706E-08
    4.495283E-02    1.000000E+00    1.100000E+00    4.040404E+00   -2.691719E-08
    4.495283E-02    1.000000E+00    1.100000E+00    4.141414E+00   -1.700293E-08
    4.495283E-02    1.000000E+00    1.100000E+00    4.242424E+00   -8.825486E-09
    4.495283E-02    1.000000E+00    1.100000E+00    4.343434E+00   -4.889384E-09
    4.495283E-02    1.000000E+00    1.100000E+00    4.444444E+00   -2.405840E-09
    4.495283E-02    1.000000E+00    1.100000E+00    4.545455E+00   -1.059454E-09
    4.495283E-02    1.000000E+00    1.100000E+00    4.646465E+00   -5.341217E-10
    4.495283E-02    1.000000E+00    1.100000E+00    4.747475E+00   -2.027508E-10
    4.495283E-02    1.000000E+00    1.100000E+00    4.848485E+00   -8.931533E-11
    4.495283E-02    1.000000E+00    1.100000E+00    4.949495E+00   -3.670476E-11
    4.495283E-02    1.000000E+00    1.100000E+00    5.050505E+00   -1.319833E-11
    4.495283E-02    1.000000E+00    1.100000E+00    5.151515E+00   -4.766623E-12
    4.495283E-02    1.000000E+00    1.100000E+00    5.252525E+00   -1.831572E-12
    4.495283E-02    1.000000E+00    1.100000E+00    5.353535E+00   -7.469655E-13
    4.495283E-02    1.000000E+00    1.100000E+00    5.454545E+00   -2.981341E-13
    4.495283E-02    1.000000E+00    1.100000E+00    5.555556E+00   -1.216167E-13
    4.495283E-02    1.000000E+00    1.100000E+00    5.656566E+00   -7.322485E-14
    4.495283E-02    1.000000E+00    1.100000E+00    5.757576E+00   -4.226159E-14
    4.495283E-02    1.000000E+00    1.100000E+00    5.858586E+00   -1.129833E-14
    4.495283E-02    1.000000E+00    1.100000E+00    5.959596E+00   -4.087316E-15
    4.495283E-02    1.000000E+00    1.100000E+00    6.060606E+00   -3.208076E-15
    4.495283E-02    1.000000E+00    1.100000E+00    6.161616E+00   -2.328837E-15
    4.495283E-02    1.000000E+00    1.100000E+00    6.262626E+00   -1.449597E-15
    4.495283E-02    1.000000E+00    1.100000E+00    6.363636E+00   -5.703577E-16
    4.495283E-02    1.000000E+00    1.100000E+00    6.464646E+00   -6.507091E-18
    4.495283E-02    1.000000E+00    1.100000E+00    6.565657E+00   -5.627101E-18
    4.495283E-02    1.000000E+00    1.100000E+00    6.666667E+00   -4.747111E-18
    4.495283E-02    1.000000E+00    1.100000E+00    6.767677E+00   -3.867121E-18
    4.495283E-02    1.000000E+00    1.100000E+00    6.868687E+00   -2.987130E-18
    4.495283E-02    1.000000E+00    1.100000E+00    6.969697E+00   -2.107140E-18
    4.495283E-02    1.000000E+00    1.100000E+00    7.070707E+00   -1.227150E-18
    4.495283E-02    1.000000E+00    1.100000E+00    7.171717E+00   -3.471598E-19
    4.495283E-02    1.000000E+00    1.100000E+00    7.272727E+00   -2.216536E-23
    4.495283E-02    1.000000E+00    1.100000E+00    7.373737E+00   -1.981000E-23
    4.495283E-02    1.000000E+00    1.100000E+00    7.474747E+00   -1.745464E-23
    4.495283E-02    1.000000E+00    1.100000E+00    7.575758E+00   -1.509928E-23
    4.495283E-02    1.000000E+00    1.100000E+00    7.676768E+00   -1.274391E-23
    4.495283E-02    1.000000E+00    1.100000E+00    7.777778E+00   -1.038855E-23
    4.495283E-02    1.000000E+00    1.100000E+00    7.878788E+00   -8.033188E-24
    4.495283E-02    1.000000E+00    1.100000E+00    7.979798E+00   -5.677825E-24
    4.495283E-02    1.000000E+00    1.100000E+00    8.080808E+00   -3.322462E-24
    4.495283E-02    1.000000E+00    1.100000E+00    8.181818E+00   -9.670998E-25
    4.495283E-02    1.000000E+00    1.100000E+00    8.282828E+00   -1.727923E-33
    4.495283E-02    1.000000E+00    1.100000E+00    8.383838E+00   -1.579748E-33
    4.495283E-02    1.000000E+00    1.100000E+00    8.484848E+00   -1.431572E-33
    4.495283E-02    1.000000E+00    1.100000E+00    8.585859E+00   -1.283397E-33
    4.495283E-02    1.000000E+00    1.100000E+00    8.686869E+00   -1.135221E-33
    4.495283E-02    1.000000E+00    1.100000E+00    8.787879E+00   -9.870457E-34
    4.495283E-02    1.000000E+00    1.100000E+00    8.888889E+00   -8.388702E-34
    4.495283E-02    1.000000E+00    1.100000E+00    8.989899E+00   -6.906947E-34
    4.495283E-02    1.000000E+00    1.100000E+00    9.090909E+00   -5.425192E-34
    4.495283E-02    1.000000E+00    1.100000E+00    9.191919E+00   -3.943437E-34
    4.495283E-02    1.000000E+00    1.100000E+00    9.292929E+00   -2.461682E-34
    4.495283E-02    1.000000E+00    1.100000E+00    9.393939E+00   -9.799273E-35
    4.495283E-02    1.000000E+00    1.100000E+00    9.494949E+00   -8.267267E-39
    4.495283E-02    1.000000E+00    1.100000E+00    9.595960E+00   -8.774054E-39
    4.495283E-02    1.000000E+00    1.100000E+00    9.696970E+00   -9.280840E-39
    4.495283E-02    1.000000E+00    1.100000E+00    9.797980E+00   -9.787626E-39
    4.495283E-02    1.000000E+00    1.100000E+00    9.898990E+00   -1.029441E-38
    4.495283E-02    1.000000E+00    1.100000E+00    1.000000E+01   -1.080120E-38

    4.495283E-02    1.100000E+00    1.100000E+00    0.000000E+00    1.007582E-06
    4.495283E-02    1.100000E+00    1.100000E+00    1.010101E-01    1.004091E-06
    4.495283E-02    1.100000E+00    1.100000E+00    2.020202E-01    9.936633E-07
    4.495283E-02    1.100000E+00    1.100000E+00    3.030303E-01    9.763120E-07
    4.495283E-02    1.100000E+00    1.100000E+00    4.040404E-01    9.520543E-07
    4.495283E-02    1.100000E+00    1.100000E+00    5.050505E-01    9.208335E-07
    4.495283E-02    1.100000E+00    1.100000E+00    6.060606E-01    8.827130E-07
    4.495283E-02    1.100000E+00    1.100000E+00    7.070707E-01    8.376990E-07
    4.495283E-02    1.100000E+00    1.100000E+00    8.080808E-01    7.858374E-07
    4.495283E-02    1.100000E+00    1.100000E+00    9.090909E-01    7.272722E-07
    4.495283E-02    1.100000E+00    1.100000E+00    1.010101E+00    6.622520E-07
    4.495283E-02    1.100000E+00    1.100000E+00    1.111111E+00    5.911761E-07
    4.495283E-02    1.100000E+00    1.100000E+00    1.212121E+00    5.145785E-07
    4.495283E-02    1.100000E+00    1.100000E+00    1.313131E+00    4.330863E-07
    4.495283E-02    1.100000E+00    1.100000E+00    1.414141E+00    3.473556E-07
    4.495283E-02    1.100000E+00    1.100000E+00    1.515152E+00    2.579700E-07
    4.495283E-02    1.100000E+00    1.100000E+00    1.616162E+00    1.655048E-07
    4.495283E-02    1.100000E+00    1.100000E+00    1.717172E+00    7.069332E-08
    4.495283E-02    1.100000E+00    1.100000E+00    1.818182E+00   -2.541479E-08
    4.495283E-02    1.100000E+00    1.100000E+00    1.919192E+00   -1.213138E-07
    4.495283E-02    1.100000E+00    1.100000E+00    2.020202E+00   -2.150459E-07
    4.495283E-02    1.100000E+00    1.100000E+00    2.121212E+00   -3.032152E-07
    4.495283E-02    1.100000E+00    1.100000E+00    2.222222E+00   -3.823678E-07
    4.495283E-02    1.100000E+00    1.100000E+00    2.323232E+00   -4.497634E-07
    4.495283E-02    1.100000E+00    1.100000E+00    2.424242E+00   -5.009371E-07
    4.495283E-02    1.100000E+00    1.100000E+00    2.525253E+00   -5.349577E-07
    4.495283E-02    1.100000E+00    1.100000E+00    2.626263E+00   -5.513441E-07
    4.495283E-02    1.100000E+00    1.100000E+00    2.727273E+00   -5.518509E-07
    4.495283E-02    1.100000E+00    1.100000E+00    2.828283E+00   -5.376285E-07
    4.495283E-02    1.100000E+00    1.100000E+00    2.929293E+00   -5.093289E-07
    4.495283E-02    1.100000E+00    1.100000E+00    3.030303E+00   -4.681403E-07
    4.495283E-02    1.100000E+00    1.100000E+00    3.131313E+00   -4.155478E-07
    4.495283E-02    1.100000E+00    1.100000E+00    3.232323E+00   -3.540117E-07
    4.495283E-02    1.100000E+00    1.100000E+00    3.333333E+00   -2.879441E-07
    4.495283E-02    1.100000E+00    1.100000E+00    3.434343E+00   -2.255712E-07
    4.495283E-02    1.100000E+00    1.100000E+00    3.535354E+00   -1.668264E-07
    4.495283E-02    1.100000E+00    1.100000E+00    3.636364E+00   -1.216100E-07
    4.495283E-02    1.100000E+00    1.100000E+00    3.737374E+00   -8.369589E-08
    4.495283E-02    1.100000E+00    1.100000E+00    3.838384E+00   -5.467010E-08
    4.495283E-02    1.100000E+00    1.100000E+00    3.939394E+00   -3.568584E-08
    4.495283E-02    1.100000E+00    1.100000E+00    4.040404E+00   -2.009406E-08
    4.495283E-02    1.100000E+00    1.100000E+00    4.141414E+00   -1.269343E-08
    4.495283E-02    1.100000E+00    1.100000E+00    4.242424E+00   -6.589161E-09
    4.495283E-02    1.100000E+00    1.100000E+00    4.343434E+00   -3.650654E-09
    4.495283E-02    1.100000E+00    1.100000E+00    4.444444E+00   -1.796484E-09
    4.495283E-02    1.100000E+00    1.100000E+00    4.545455E+00   -7.912039E-10
    4.495283E-02    1.100000E+00    1.100000E+00    4.646465E+00   -3.989218E-10
    4.495283E-02    1.100000E+00    1.100000E+00    4.747475E+00   -1.514595E-10
    4.495283E-02    1.100000E+00    1.100000E+00    4.848485E+00   -6.673152E-11
    4.495283E-02    1.100000E+00    1.100000E+00    4.949495E+00   -2.743038E-11
    4.495283E-02    1.100000E+00    1.100000E+00    5.050505E+00   -9.866935E-12
    4.495283E-02    1.100000E+00    1.100000E+00    5.151515E+00   -3.564871E-12
    4.495283E-02    1.100000E+00    1.100000E+00    5.252525E+00   -1.370278E-12
    4.495283E-02    1.100000E+00    1.100000E+00    5.353535E+00   -5.589890E-13
    4.495283E-02    1.100000E+00    1.100000E+00    5.454545E+00   -2.231566E-13
    4.495283E-02    1.100000E+00    1.100000E+00    5.555556E+00   -9.104474E-14
    4.495283E-02    1.100000E+00    1.100000E+00    5.656566E+00   -5.482004E-14
    4.495283E-02    1.100000E+00    1.100000E+00    5.757576E+00   -3.163968E-14
    4.495283E-02    1.100000E+00    1.100000E+00    5.858586E+00   -8.459330E-15
    4.495283E-02    1.100000E+00    1.100000E+00    5.959596E+00   -3.060737E-15
    4.495283E-02    1.100000E+00    1.100000E+00    6.060606E+00   -2.402329E-15
    4.495283E-02    1.100000E+00    1.100000E+00    6.161616E+00   -1.743922E-15
    4.495283E-02    1.100000E+00    1.100000E+00    6.262626E+00   -1.085514E-15
    4.495283E-02    1.100000E+00    1.100000E+00    6.363636E+00   -4.271070E-16
    4.495283E-02    1.100000E+00    1.100000E+00    6.464646E+00   -4.874484E-18
    4.495283E-02    1.100000E+00    1.100000E+00    6.565657E+00   -4.215281E-18
    4.495283E-02    1.100000E+00    1.100000E+00    6.666667E+00   -3.556077E-18
    4.495283E-02    1.100000E+00    1.100000E+00    6.767677E+00   -2.896873E-18
    4.495283E-02    1.100000E+00    1.100000E+00    6.868687E+00   -2.237670E-18
    4.495283E-02    1.100000E+00    1.100000E+00    6.969697E+00   -1.578466E-18
    4.495283E-02    1.100000E+00    1.100000E+00    7.070707E+00   -9.192622E-19
    4.495283E-02    1.100000E+00    1.100000E+00    7.171717E+00   -2.600586E-19
    4.495283E-02    1.100000E+00    1.100000E+00    7.272727E+00   -1.661683E-23
    4.495283E-02    1.100000E+00    1.100000E+00    7.373737E+00   -1.485107E-23
    4.495283E-02    1.100000E+00    1.100000E+00    7.474747E+00   -1.308531E-23
    4.495283E-02    1.100000E+00    1.100000E+00    7.575758E+00   -1.131955E-23
    4.495283E-02    1.100000E+00    1.100000E+00    7.676768E+00   -9.553798E-24
    4.495283E-02    1.100000E+00    1.100000E+00    7.777778E+00   -7.788040E-24
    4.495283E-02    1.100000E+00    1.100000E+00    7.878788E+00   -6.022283E-24
    4.495283E-02    1.100000E+00    1.100000E+00    7.979798E+00   -4.256526E-24
    4.495283E-02    1.100000E+00    1.100000E+00    8.080808E+00   -2.490768E-24
    4.495283E-02    1.100000E+00    1.100000E+00    8.181818E+00   -7.250108E-25
    4.495283E-02    1.100000E+00    1.100000E+00    8.282828E+00   -1.297471E-33
    4.495283E-02    1.100000E+00    1.100000E+00    8.383838E+00   -1.186208E-33
    4.495283E-02    1.100000E+00    1.100000E+00    8.484848E+00   -1.074946E-33
    4.495283E-02    1.100000E+00    1.100000E+00    8.585859E+00   -9.636828E-34
    4.495283E-02    1.100000E+00    1.100000E+00    8.686869E+00   -8.524201E-34
    4.495283E-02    1.100000E+00    1.100000E+00    8.787879E+00   -7.411574E-34
    4.495283E-02    1.100000E+00    1.100000E+00    8.888889E+00   -6.298947E-34
    4.495283E-02    1.100000E+00    1.100000E+00    8.989899E+00   -5.186320E-34
    4.495283E-02    1.100000E+00    1.100000E+00    9.090909E+00   -4.073693E-34
    4.495283E-02    1.100000E+00    1.100000E+00    9.191919E+00   -2.961066E-34
    4.495283E-02    1.100000E+00    1.100000E+00    9.292929E+00   -1.848439E-34
    4.495283E-02    1.100000E+00    1.100000E+00    9.393939E+00   -7.358114E-35
    4.495283E-02    1.100000E+00    1.100000E+00    9.494949E+00   -6.105338E-39
    4.495283E-02    1.100000E+00    1.100000E+00    9.595960E+00   -6.480451E-39
    4.495283E-02    1.100000E+00    1.100000E+00    9.696970E+00   -6.855564E-39
    4.495283E-02    1.100000E+00    1.100000E+00    9.797980E+00   -7.230677E-39
    4.495283E-02    1.100000E+00    1.100000E+00    9.898990E+00   -7.605790E-39
    4.495283E-02    1.100000E+00    1.100000E+00    1.000000E+01   -7.980903E-39

