
#   rho [fm-3]      T [MeV]      kf [fm-1]       k [fm-1]       Gap(k) [MeV]       auxgap
    8.000000E-02    0.000000E+00    1.333021E+00    0.000000E+00    6.735098E-01
    8.000000E-02    0.000000E+00    1.333021E+00    1.010101E-01    6.716689E-01
    8.000000E-02    0.000000E+00    1.333021E+00    2.020202E-01    6.661783E-01
    8.000000E-02    0.000000E+00    1.333021E+00    3.030303E-01    6.570452E-01
    8.000000E-02    0.000000E+00    1.333021E+00    4.040404E-01    6.442510E-01
    8.000000E-02    0.000000E+00    1.333021E+00    5.050505E-01    6.277830E-01
    8.000000E-02    0.000000E+00    1.333021E+00    6.060606E-01    6.075993E-01
    8.000000E-02    0.000000E+00    1.333021E+00    7.070707E-01    5.835758E-01
    8.000000E-02    0.000000E+00    1.333021E+00    8.080808E-01    5.555430E-01
    8.000000E-02    0.000000E+00    1.333021E+00    9.090909E-01    5.232643E-01
    8.000000E-02    0.000000E+00    1.333021E+00    1.010101E+00    4.864248E-01
    8.000000E-02    0.000000E+00    1.333021E+00    1.111111E+00    4.446573E-01
    8.000000E-02    0.000000E+00    1.333021E+00    1.212121E+00    3.975838E-01
    8.000000E-02    0.000000E+00    1.333021E+00    1.313131E+00    3.449088E-01
    8.000000E-02    0.000000E+00    1.333021E+00    1.414141E+00    2.864575E-01
    8.000000E-02    0.000000E+00    1.333021E+00    1.515152E+00    2.222853E-01
    8.000000E-02    0.000000E+00    1.333021E+00    1.616162E+00    1.526232E-01
    8.000000E-02    0.000000E+00    1.333021E+00    1.717172E+00    7.801266E-02
    8.000000E-02    0.000000E+00    1.333021E+00    1.818182E+00   -6.108663E-04
    8.000000E-02    0.000000E+00    1.333021E+00    1.919192E+00   -8.179320E-02
    8.000000E-02    0.000000E+00    1.333021E+00    2.020202E+00   -1.632324E-01
    8.000000E-02    0.000000E+00    1.333021E+00    2.121212E+00   -2.422493E-01
    8.000000E-02    0.000000E+00    1.333021E+00    2.222222E+00   -3.144127E-01
    8.000000E-02    0.000000E+00    1.333021E+00    2.323232E+00   -3.767162E-01
    8.000000E-02    0.000000E+00    1.333021E+00    2.424242E+00   -4.261120E-01
    8.000000E-02    0.000000E+00    1.333021E+00    2.525253E+00   -4.605355E-01
    8.000000E-02    0.000000E+00    1.333021E+00    2.626263E+00   -4.795241E-01
    8.000000E-02    0.000000E+00    1.333021E+00    2.727273E+00   -4.839803E-01
    8.000000E-02    0.000000E+00    1.333021E+00    2.828283E+00   -4.752604E-01
    8.000000E-02    0.000000E+00    1.333021E+00    2.929293E+00   -4.530189E-01
    8.000000E-02    0.000000E+00    1.333021E+00    3.030303E+00   -4.183445E-01
    8.000000E-02    0.000000E+00    1.333021E+00    3.131313E+00   -3.726446E-01
    8.000000E-02    0.000000E+00    1.333021E+00    3.232323E+00   -3.176350E-01
    8.000000E-02    0.000000E+00    1.333021E+00    3.333333E+00   -2.586004E-01
    8.000000E-02    0.000000E+00    1.333021E+00    3.434343E+00   -2.010931E-01
    8.000000E-02    0.000000E+00    1.333021E+00    3.535354E+00   -1.501734E-01
    8.000000E-02    0.000000E+00    1.333021E+00    3.636364E+00   -1.068419E-01
    8.000000E-02    0.000000E+00    1.333021E+00    3.737374E+00   -7.408767E-02
    8.000000E-02    0.000000E+00    1.333021E+00    3.838384E+00   -4.969201E-02
    8.000000E-02    0.000000E+00    1.333021E+00    3.939394E+00   -3.050756E-02
    8.000000E-02    0.000000E+00    1.333021E+00    4.040404E+00   -1.908787E-02
    8.000000E-02    0.000000E+00    1.333021E+00    4.141414E+00   -1.095260E-02
    8.000000E-02    0.000000E+00    1.333021E+00    4.242424E+00   -5.986342E-03
    8.000000E-02    0.000000E+00    1.333021E+00    4.343434E+00   -3.216681E-03
    8.000000E-02    0.000000E+00    1.333021E+00    4.444444E+00   -1.541151E-03
    8.000000E-02    0.000000E+00    1.333021E+00    4.545455E+00   -7.528142E-04
    8.000000E-02    0.000000E+00    1.333021E+00    4.646465E+00   -3.293541E-04
    8.000000E-02    0.000000E+00    1.333021E+00    4.747475E+00   -1.354320E-04
    8.000000E-02    0.000000E+00    1.333021E+00    4.848485E+00   -5.749660E-05
    8.000000E-02    0.000000E+00    1.333021E+00    4.949495E+00   -1.801866E-05
    8.000000E-02    0.000000E+00    1.333021E+00    5.050505E+00   -7.755991E-06
    8.000000E-02    0.000000E+00    1.333021E+00    5.151515E+00   -1.723276E-06
    8.000000E-02    0.000000E+00    1.333021E+00    5.252525E+00   -7.591742E-07
    8.000000E-02    0.000000E+00    1.333021E+00    5.353535E+00   -1.175026E-07
    8.000000E-02    0.000000E+00    1.333021E+00    5.454545E+00   -5.185395E-08
    8.000000E-02    0.000000E+00    1.333021E+00    5.555556E+00   -5.799752E-09
    8.000000E-02    0.000000E+00    1.333021E+00    5.656566E+00   -2.433049E-09
    8.000000E-02    0.000000E+00    1.333021E+00    5.757576E+00   -2.145426E-10
    8.000000E-02    0.000000E+00    1.333021E+00    5.858586E+00   -7.602543E-11
    8.000000E-02    0.000000E+00    1.333021E+00    5.959596E+00   -6.171134E-12
    8.000000E-02    0.000000E+00    1.333021E+00    6.060606E+00   -1.174709E-12
    8.000000E-02    0.000000E+00    1.333021E+00    6.161616E+00   -1.330175E-13
    8.000000E-02    0.000000E+00    1.333021E+00    6.262626E+00   -7.536576E-15
    8.000000E-02    0.000000E+00    1.333021E+00    6.363636E+00   -5.274619E-16
    8.000000E-02    0.000000E+00    1.333021E+00    6.464646E+00   -6.630973E-17
    8.000000E-02    0.000000E+00    1.333021E+00    6.565657E+00   -2.623458E-18
    8.000000E-02    0.000000E+00    1.333021E+00    6.666667E+00   -1.833265E-19
    8.000000E-02    0.000000E+00    1.333021E+00    6.767677E+00   -1.877140E-20
    8.000000E-02    0.000000E+00    1.333021E+00    6.868687E+00   -1.193140E-20
    8.000000E-02    0.000000E+00    1.333021E+00    6.969697E+00   -5.091400E-21
    8.000000E-02    0.000000E+00    1.333021E+00    7.070707E+00   -1.383441E-24
    8.000000E-02    0.000000E+00    1.333021E+00    7.171717E+00   -1.116025E-24
    8.000000E-02    0.000000E+00    1.333021E+00    7.272727E+00   -8.486084E-25
    8.000000E-02    0.000000E+00    1.333021E+00    7.373737E+00   -5.811919E-25
    8.000000E-02    0.000000E+00    1.333021E+00    7.474747E+00   -3.137755E-25
    8.000000E-02    0.000000E+00    1.333021E+00    7.575758E+00   -4.635905E-26
    8.000000E-02    0.000000E+00    1.333021E+00    7.676768E+00   -2.272824E-33
    8.000000E-02    0.000000E+00    1.333021E+00    7.777778E+00   -2.432891E-33
    8.000000E-02    0.000000E+00    1.333021E+00    7.878788E+00   -2.592957E-33
    8.000000E-02    0.000000E+00    1.333021E+00    7.979798E+00   -2.753023E-33
    8.000000E-02    0.000000E+00    1.333021E+00    8.080808E+00   -2.913090E-33
    8.000000E-02    0.000000E+00    1.333021E+00    8.181818E+00   -3.073156E-33
    8.000000E-02    0.000000E+00    1.333021E+00    8.282828E+00   -3.233222E-33
    8.000000E-02    0.000000E+00    1.333021E+00    8.383838E+00   -3.398464E-33
    8.000000E-02    0.000000E+00    1.333021E+00    8.484848E+00   -3.627635E-33
    8.000000E-02    0.000000E+00    1.333021E+00    8.585859E+00   -3.856805E-33
    8.000000E-02    0.000000E+00    1.333021E+00    8.686869E+00   -4.085976E-33
    8.000000E-02    0.000000E+00    1.333021E+00    8.787879E+00   -4.315147E-33
    8.000000E-02    0.000000E+00    1.333021E+00    8.888889E+00   -4.544318E-33
    8.000000E-02    0.000000E+00    1.333021E+00    8.989899E+00   -4.773489E-33
    8.000000E-02    0.000000E+00    1.333021E+00    9.090909E+00   -5.002660E-33
    8.000000E-02    0.000000E+00    1.333021E+00    9.191919E+00   -5.231831E-33
    8.000000E-02    0.000000E+00    1.333021E+00    9.292929E+00   -5.461002E-33
    8.000000E-02    0.000000E+00    1.333021E+00    9.393939E+00   -5.696865E-33
    8.000000E-02    0.000000E+00    1.333021E+00    9.494949E+00   -6.035613E-33
    8.000000E-02    0.000000E+00    1.333021E+00    9.595960E+00   -6.374362E-33
    8.000000E-02    0.000000E+00    1.333021E+00    9.696970E+00   -6.713110E-33
    8.000000E-02    0.000000E+00    1.333021E+00    9.797980E+00   -7.051859E-33
    8.000000E-02    0.000000E+00    1.333021E+00    9.898990E+00   -7.390607E-33
    8.000000E-02    0.000000E+00    1.333021E+00    1.000000E+01   -7.729356E-33

    8.000000E-02    2.000000E-01    1.333021E+00    0.000000E+00    1.181436E-06
    8.000000E-02    2.000000E-01    1.333021E+00    1.010101E-01    1.178198E-06
    8.000000E-02    2.000000E-01    1.333021E+00    2.020202E-01    1.168543E-06
    8.000000E-02    2.000000E-01    1.333021E+00    3.030303E-01    1.152488E-06
    8.000000E-02    2.000000E-01    1.333021E+00    4.040404E-01    1.130010E-06
    8.000000E-02    2.000000E-01    1.333021E+00    5.050505E-01    1.101098E-06
    8.000000E-02    2.000000E-01    1.333021E+00    6.060606E-01    1.065701E-06
    8.000000E-02    2.000000E-01    1.333021E+00    7.070707E-01    1.023630E-06
    8.000000E-02    2.000000E-01    1.333021E+00    8.080808E-01    9.746276E-07
    8.000000E-02    2.000000E-01    1.333021E+00    9.090909E-01    9.183331E-07
    8.000000E-02    2.000000E-01    1.333021E+00    1.010101E+00    8.542604E-07
    8.000000E-02    2.000000E-01    1.333021E+00    1.111111E+00    7.818416E-07
    8.000000E-02    2.000000E-01    1.333021E+00    1.212121E+00    7.004921E-07
    8.000000E-02    2.000000E-01    1.333021E+00    1.313131E+00    6.097578E-07
    8.000000E-02    2.000000E-01    1.333021E+00    1.414141E+00    5.093724E-07
    8.000000E-02    2.000000E-01    1.333021E+00    1.515152E+00    3.994377E-07
    8.000000E-02    2.000000E-01    1.333021E+00    1.616162E+00    2.803386E-07
    8.000000E-02    2.000000E-01    1.333021E+00    1.717172E+00    1.529775E-07
    8.000000E-02    2.000000E-01    1.333021E+00    1.818182E+00    1.892161E-08
    8.000000E-02    2.000000E-01    1.333021E+00    1.919192E+00   -1.193838E-07
    8.000000E-02    2.000000E-01    1.333021E+00    2.020202E+00   -2.580630E-07
    8.000000E-02    2.000000E-01    1.333021E+00    2.121212E+00   -3.926081E-07
    8.000000E-02    2.000000E-01    1.333021E+00    2.222222E+00   -5.155470E-07
    8.000000E-02    2.000000E-01    1.333021E+00    2.323232E+00   -6.218243E-07
    8.000000E-02    2.000000E-01    1.333021E+00    2.424242E+00   -7.063111E-07
    8.000000E-02    2.000000E-01    1.333021E+00    2.525253E+00   -7.655393E-07
    8.000000E-02    2.000000E-01    1.333021E+00    2.626263E+00   -7.987432E-07
    8.000000E-02    2.000000E-01    1.333021E+00    2.727273E+00   -8.074538E-07
    8.000000E-02    2.000000E-01    1.333021E+00    2.828283E+00   -7.939556E-07
    8.000000E-02    2.000000E-01    1.333021E+00    2.929293E+00   -7.576418E-07
    8.000000E-02    2.000000E-01    1.333021E+00    3.030303E+00   -7.003084E-07
    8.000000E-02    2.000000E-01    1.333021E+00    3.131313E+00   -6.242944E-07
    8.000000E-02    2.000000E-01    1.333021E+00    3.232323E+00   -5.324515E-07
    8.000000E-02    2.000000E-01    1.333021E+00    3.333333E+00   -4.336842E-07
    8.000000E-02    2.000000E-01    1.333021E+00    3.434343E+00   -3.373496E-07
    8.000000E-02    2.000000E-01    1.333021E+00    3.535354E+00   -2.519874E-07
    8.000000E-02    2.000000E-01    1.333021E+00    3.636364E+00   -1.793161E-07
    8.000000E-02    2.000000E-01    1.333021E+00    3.737374E+00   -1.243640E-07
    8.000000E-02    2.000000E-01    1.333021E+00    3.838384E+00   -8.342648E-08
    8.000000E-02    2.000000E-01    1.333021E+00    3.939394E+00   -5.122839E-08
    8.000000E-02    2.000000E-01    1.333021E+00    4.040404E+00   -3.205660E-08
    8.000000E-02    2.000000E-01    1.333021E+00    4.141414E+00   -1.839733E-08
    8.000000E-02    2.000000E-01    1.333021E+00    4.242424E+00   -1.005690E-08
    8.000000E-02    2.000000E-01    1.333021E+00    4.343434E+00   -5.404818E-09
    8.000000E-02    2.000000E-01    1.333021E+00    4.444444E+00   -2.589903E-09
    8.000000E-02    2.000000E-01    1.333021E+00    4.545455E+00   -1.265308E-09
    8.000000E-02    2.000000E-01    1.333021E+00    4.646465E+00   -5.536372E-10
    8.000000E-02    2.000000E-01    1.333021E+00    4.747475E+00   -2.277005E-10
    8.000000E-02    2.000000E-01    1.333021E+00    4.848485E+00   -9.667663E-11
    8.000000E-02    2.000000E-01    1.333021E+00    4.949495E+00   -3.030373E-11
    8.000000E-02    2.000000E-01    1.333021E+00    5.050505E+00   -1.304468E-11
    8.000000E-02    2.000000E-01    1.333021E+00    5.151515E+00   -2.899039E-12
    8.000000E-02    2.000000E-01    1.333021E+00    5.252525E+00   -1.277185E-12
    8.000000E-02    2.000000E-01    1.333021E+00    5.353535E+00   -1.977260E-13
    8.000000E-02    2.000000E-01    1.333021E+00    5.454545E+00   -8.725828E-14
    8.000000E-02    2.000000E-01    1.333021E+00    5.555556E+00   -9.761868E-15
    8.000000E-02    2.000000E-01    1.333021E+00    5.656566E+00   -4.095252E-15
    8.000000E-02    2.000000E-01    1.333021E+00    5.757576E+00   -3.611877E-16
    8.000000E-02    2.000000E-01    1.333021E+00    5.858586E+00   -1.279926E-16
    8.000000E-02    2.000000E-01    1.333021E+00    5.959596E+00   -1.039128E-17
    8.000000E-02    2.000000E-01    1.333021E+00    6.060606E+00   -1.978103E-18
    8.000000E-02    2.000000E-01    1.333021E+00    6.161616E+00   -2.240202E-19
    8.000000E-02    2.000000E-01    1.333021E+00    6.262626E+00   -1.269440E-20
    8.000000E-02    2.000000E-01    1.333021E+00    6.363636E+00   -8.885222E-22
    8.000000E-02    2.000000E-01    1.333021E+00    6.464646E+00   -1.117068E-22
    8.000000E-02    2.000000E-01    1.333021E+00    6.565657E+00   -4.420109E-24
    8.000000E-02    2.000000E-01    1.333021E+00    6.666667E+00   -3.088989E-25
    8.000000E-02    2.000000E-01    1.333021E+00    6.767677E+00   -3.163108E-26
    8.000000E-02    2.000000E-01    1.333021E+00    6.868687E+00   -2.010522E-26
    8.000000E-02    2.000000E-01    1.333021E+00    6.969697E+00   -8.579353E-27
    8.000000E-02    2.000000E-01    1.333021E+00    7.070707E+00   -2.331700E-30
    8.000000E-02    2.000000E-01    1.333021E+00    7.171717E+00   -1.880987E-30
    8.000000E-02    2.000000E-01    1.333021E+00    7.272727E+00   -1.430274E-30
    8.000000E-02    2.000000E-01    1.333021E+00    7.373737E+00   -9.795609E-31
    8.000000E-02    2.000000E-01    1.333021E+00    7.474747E+00   -5.288480E-31
    8.000000E-02    2.000000E-01    1.333021E+00    7.575758E+00   -7.813514E-32
    8.000000E-02    2.000000E-01    1.333021E+00    7.676768E+00   -3.644867E-39
    8.000000E-02    2.000000E-01    1.333021E+00    7.777778E+00   -3.904562E-39
    8.000000E-02    2.000000E-01    1.333021E+00    7.878788E+00   -4.164257E-39
    8.000000E-02    2.000000E-01    1.333021E+00    7.979798E+00   -4.423952E-39
    8.000000E-02    2.000000E-01    1.333021E+00    8.080808E+00   -4.683647E-39
    8.000000E-02    2.000000E-01    1.333021E+00    8.181818E+00   -4.943342E-39
    8.000000E-02    2.000000E-01    1.333021E+00    8.282828E+00   -5.203037E-39
    8.000000E-02    2.000000E-01    1.333021E+00    8.383838E+00   -5.471190E-39
    8.000000E-02    2.000000E-01    1.333021E+00    8.484848E+00   -5.843825E-39
    8.000000E-02    2.000000E-01    1.333021E+00    8.585859E+00   -6.216460E-39
    8.000000E-02    2.000000E-01    1.333021E+00    8.686869E+00   -6.589095E-39
    8.000000E-02    2.000000E-01    1.333021E+00    8.787879E+00   -6.961730E-39
    8.000000E-02    2.000000E-01    1.333021E+00    8.888889E+00   -7.334365E-39
    8.000000E-02    2.000000E-01    1.333021E+00    8.989899E+00   -7.707000E-39
    8.000000E-02    2.000000E-01    1.333021E+00    9.090909E+00   -8.079636E-39
    8.000000E-02    2.000000E-01    1.333021E+00    9.191919E+00   -8.452271E-39
    8.000000E-02    2.000000E-01    1.333021E+00    9.292929E+00   -8.824906E-39
    8.000000E-02    2.000000E-01    1.333021E+00    9.393939E+00   -9.208486E-39
    8.000000E-02    2.000000E-01    1.333021E+00    9.494949E+00   -9.760342E-39
    8.000000E-02    2.000000E-01    1.333021E+00    9.595960E+00   -1.031220E-38
    8.000000E-02    2.000000E-01    1.333021E+00    9.696970E+00   -1.086405E-38
    8.000000E-02    2.000000E-01    1.333021E+00    9.797980E+00   -1.141591E-38
    8.000000E-02    2.000000E-01    1.333021E+00    9.898990E+00   -1.196776E-38
    8.000000E-02    2.000000E-01    1.333021E+00    1.000000E+01   -1.251962E-38

    8.000000E-02    4.000000E-01    1.333021E+00    0.000000E+00    6.478879E-07
    8.000000E-02    4.000000E-01    1.333021E+00    1.010101E-01    6.461071E-07
    8.000000E-02    4.000000E-01    1.333021E+00    2.020202E-01    6.407975E-07
    8.000000E-02    4.000000E-01    1.333021E+00    3.030303E-01    6.319710E-07
    8.000000E-02    4.000000E-01    1.333021E+00    4.040404E-01    6.196187E-07
    8.000000E-02    4.000000E-01    1.333021E+00    5.050505E-01    6.037425E-07
    8.000000E-02    4.000000E-01    1.333021E+00    6.060606E-01    5.843236E-07
    8.000000E-02    4.000000E-01    1.333021E+00    7.070707E-01    5.612731E-07
    8.000000E-02    4.000000E-01    1.333021E+00    8.080808E-01    5.344702E-07
    8.000000E-02    4.000000E-01    1.333021E+00    9.090909E-01    5.037433E-07
    8.000000E-02    4.000000E-01    1.333021E+00    1.010101E+00    4.688587E-07
    8.000000E-02    4.000000E-01    1.333021E+00    1.111111E+00    4.295427E-07
    8.000000E-02    4.000000E-01    1.333021E+00    1.212121E+00    3.855130E-07
    8.000000E-02    4.000000E-01    1.333021E+00    1.313131E+00    3.365518E-07
    8.000000E-02    4.000000E-01    1.333021E+00    1.414141E+00    2.825321E-07
    8.000000E-02    4.000000E-01    1.333021E+00    1.515152E+00    2.235111E-07
    8.000000E-02    4.000000E-01    1.333021E+00    1.616162E+00    1.596893E-07
    8.000000E-02    4.000000E-01    1.333021E+00    1.717172E+00    9.153778E-08
    8.000000E-02    4.000000E-01    1.333021E+00    1.818182E+00    1.987987E-08
    8.000000E-02    4.000000E-01    1.333021E+00    1.919192E+00   -5.399429E-08
    8.000000E-02    4.000000E-01    1.333021E+00    2.020202E+00   -1.280372E-07
    8.000000E-02    4.000000E-01    1.333021E+00    2.121212E+00   -1.998683E-07
    8.000000E-02    4.000000E-01    1.333021E+00    2.222222E+00   -2.655341E-07
    8.000000E-02    4.000000E-01    1.333021E+00    2.323232E+00   -3.223665E-07
    8.000000E-02    4.000000E-01    1.333021E+00    2.424242E+00   -3.676570E-07
    8.000000E-02    4.000000E-01    1.333021E+00    2.525253E+00   -3.995774E-07
    8.000000E-02    4.000000E-01    1.333021E+00    2.626263E+00   -4.177298E-07
    8.000000E-02    4.000000E-01    1.333021E+00    2.727273E+00   -4.229293E-07
    8.000000E-02    4.000000E-01    1.333021E+00    2.828283E+00   -4.163836E-07
    8.000000E-02    4.000000E-01    1.333021E+00    2.929293E+00   -3.977598E-07
    8.000000E-02    4.000000E-01    1.333021E+00    3.030303E+00   -3.679883E-07
    8.000000E-02    4.000000E-01    1.333021E+00    3.131313E+00   -3.282890E-07
    8.000000E-02    4.000000E-01    1.333021E+00    3.232323E+00   -2.801501E-07
    8.000000E-02    4.000000E-01    1.333021E+00    3.333333E+00   -2.282795E-07
    8.000000E-02    4.000000E-01    1.333021E+00    3.434343E+00   -1.776252E-07
    8.000000E-02    4.000000E-01    1.333021E+00    3.535354E+00   -1.327090E-07
    8.000000E-02    4.000000E-01    1.333021E+00    3.636364E+00   -9.445552E-08
    8.000000E-02    4.000000E-01    1.333021E+00    3.737374E+00   -6.551930E-08
    8.000000E-02    4.000000E-01    1.333021E+00    3.838384E+00   -4.395854E-08
    8.000000E-02    4.000000E-01    1.333021E+00    3.939394E+00   -2.699795E-08
    8.000000E-02    4.000000E-01    1.333021E+00    4.040404E+00   -1.689627E-08
    8.000000E-02    4.000000E-01    1.333021E+00    4.141414E+00   -9.698428E-09
    8.000000E-02    4.000000E-01    1.333021E+00    4.242424E+00   -5.302394E-09
    8.000000E-02    4.000000E-01    1.333021E+00    4.343434E+00   -2.850064E-09
    8.000000E-02    4.000000E-01    1.333021E+00    4.444444E+00   -1.365898E-09
    8.000000E-02    4.000000E-01    1.333021E+00    4.545455E+00   -6.674162E-10
    8.000000E-02    4.000000E-01    1.333021E+00    4.646465E+00   -2.920630E-10
    8.000000E-02    4.000000E-01    1.333021E+00    4.747475E+00   -1.201408E-10
    8.000000E-02    4.000000E-01    1.333021E+00    4.848485E+00   -5.101320E-11
    8.000000E-02    4.000000E-01    1.333021E+00    4.949495E+00   -1.599358E-11
    8.000000E-02    4.000000E-01    1.333021E+00    5.050505E+00   -6.884996E-12
    8.000000E-02    4.000000E-01    1.333021E+00    5.151515E+00   -1.530457E-12
    8.000000E-02    4.000000E-01    1.333021E+00    5.252525E+00   -6.742693E-13
    8.000000E-02    4.000000E-01    1.333021E+00    5.353535E+00   -1.044097E-13
    8.000000E-02    4.000000E-01    1.333021E+00    5.454545E+00   -4.607778E-14
    8.000000E-02    4.000000E-01    1.333021E+00    5.555556E+00   -5.155969E-15
    8.000000E-02    4.000000E-01    1.333021E+00    5.656566E+00   -2.163037E-15
    8.000000E-02    4.000000E-01    1.333021E+00    5.757576E+00   -1.908095E-16
    8.000000E-02    4.000000E-01    1.333021E+00    5.858586E+00   -6.761733E-17
    8.000000E-02    4.000000E-01    1.333021E+00    5.959596E+00   -5.490544E-18
    8.000000E-02    4.000000E-01    1.333021E+00    6.060606E+00   -1.045222E-18
    8.000000E-02    4.000000E-01    1.333021E+00    6.161616E+00   -1.183867E-19
    8.000000E-02    4.000000E-01    1.333021E+00    6.262626E+00   -6.709398E-21
    8.000000E-02    4.000000E-01    1.333021E+00    6.363636E+00   -4.696524E-22
    8.000000E-02    4.000000E-01    1.333021E+00    6.464646E+00   -5.904885E-23
    8.000000E-02    4.000000E-01    1.333021E+00    6.565657E+00   -2.336778E-24
    8.000000E-02    4.000000E-01    1.333021E+00    6.666667E+00   -1.633169E-25
    8.000000E-02    4.000000E-01    1.333021E+00    6.767677E+00   -1.672450E-26
    8.000000E-02    4.000000E-01    1.333021E+00    6.868687E+00   -1.063036E-26
    8.000000E-02    4.000000E-01    1.333021E+00    6.969697E+00   -4.536217E-27
    8.000000E-02    4.000000E-01    1.333021E+00    7.070707E+00   -1.233105E-30
    8.000000E-02    4.000000E-01    1.333021E+00    7.171717E+00   -9.947486E-31
    8.000000E-02    4.000000E-01    1.333021E+00    7.272727E+00   -7.563917E-31
    8.000000E-02    4.000000E-01    1.333021E+00    7.373737E+00   -5.180349E-31
    8.000000E-02    4.000000E-01    1.333021E+00    7.474747E+00   -2.796781E-31
    8.000000E-02    4.000000E-01    1.333021E+00    7.575758E+00   -4.132130E-32
    8.000000E-02    4.000000E-01    1.333021E+00    7.676768E+00   -1.834218E-39
    8.000000E-02    4.000000E-01    1.333021E+00    7.777778E+00   -1.966491E-39
    8.000000E-02    4.000000E-01    1.333021E+00    7.878788E+00   -2.098764E-39
    8.000000E-02    4.000000E-01    1.333021E+00    7.979798E+00   -2.231037E-39
    8.000000E-02    4.000000E-01    1.333021E+00    8.080808E+00   -2.363310E-39
    8.000000E-02    4.000000E-01    1.333021E+00    8.181818E+00   -2.495583E-39
    8.000000E-02    4.000000E-01    1.333021E+00    8.282828E+00   -2.627856E-39
    8.000000E-02    4.000000E-01    1.333021E+00    8.383838E+00   -2.764469E-39
    8.000000E-02    4.000000E-01    1.333021E+00    8.484848E+00   -2.954697E-39
    8.000000E-02    4.000000E-01    1.333021E+00    8.585859E+00   -3.144925E-39
    8.000000E-02    4.000000E-01    1.333021E+00    8.686869E+00   -3.335153E-39
    8.000000E-02    4.000000E-01    1.333021E+00    8.787879E+00   -3.525381E-39
    8.000000E-02    4.000000E-01    1.333021E+00    8.888889E+00   -3.715608E-39
    8.000000E-02    4.000000E-01    1.333021E+00    8.989899E+00   -3.905836E-39
    8.000000E-02    4.000000E-01    1.333021E+00    9.090909E+00   -4.096064E-39
    8.000000E-02    4.000000E-01    1.333021E+00    9.191919E+00   -4.286292E-39
    8.000000E-02    4.000000E-01    1.333021E+00    9.292929E+00   -4.476520E-39
    8.000000E-02    4.000000E-01    1.333021E+00    9.393939E+00   -4.672368E-39
    8.000000E-02    4.000000E-01    1.333021E+00    9.494949E+00   -4.954632E-39
    8.000000E-02    4.000000E-01    1.333021E+00    9.595960E+00   -5.236895E-39
    8.000000E-02    4.000000E-01    1.333021E+00    9.696970E+00   -5.519159E-39
    8.000000E-02    4.000000E-01    1.333021E+00    9.797980E+00   -5.801422E-39
    8.000000E-02    4.000000E-01    1.333021E+00    9.898990E+00   -6.083686E-39
    8.000000E-02    4.000000E-01    1.333021E+00    1.000000E+01   -6.365949E-39

    8.000000E-02    6.000000E-01    1.333021E+00    0.000000E+00    4.980596E-07
    8.000000E-02    6.000000E-01    1.333021E+00    1.010101E-01    4.966868E-07
    8.000000E-02    6.000000E-01    1.333021E+00    2.020202E-01    4.925942E-07
    8.000000E-02    6.000000E-01    1.333021E+00    3.030303E-01    4.857923E-07
    8.000000E-02    6.000000E-01    1.333021E+00    4.040404E-01    4.762765E-07
    8.000000E-02    6.000000E-01    1.333021E+00    5.050505E-01    4.640525E-07
    8.000000E-02    6.000000E-01    1.333021E+00    6.060606E-01    4.491113E-07
    8.000000E-02    6.000000E-01    1.333021E+00    7.070707E-01    4.313930E-07
    8.000000E-02    6.000000E-01    1.333021E+00    8.080808E-01    4.108160E-07
    8.000000E-02    6.000000E-01    1.333021E+00    9.090909E-01    3.872635E-07
    8.000000E-02    6.000000E-01    1.333021E+00    1.010101E+00    3.605743E-07
    8.000000E-02    6.000000E-01    1.333021E+00    1.111111E+00    3.305594E-07
    8.000000E-02    6.000000E-01    1.333021E+00    1.212121E+00    2.970231E-07
    8.000000E-02    6.000000E-01    1.333021E+00    1.313131E+00    2.598154E-07
    8.000000E-02    6.000000E-01    1.333021E+00    1.414141E+00    2.188492E-07
    8.000000E-02    6.000000E-01    1.333021E+00    1.515152E+00    1.741690E-07
    8.000000E-02    6.000000E-01    1.333021E+00    1.616162E+00    1.259226E-07
    8.000000E-02    6.000000E-01    1.333021E+00    1.717172E+00    7.445862E-08
    8.000000E-02    6.000000E-01    1.333021E+00    1.818182E+00    2.039007E-08
    8.000000E-02    6.000000E-01    1.333021E+00    1.919192E+00   -3.531931E-08
    8.000000E-02    6.000000E-01    1.333021E+00    2.020202E+00   -9.113808E-08
    8.000000E-02    6.000000E-01    1.333021E+00    2.121212E+00   -1.452864E-07
    8.000000E-02    6.000000E-01    1.333021E+00    2.222222E+00   -1.948034E-07
    8.000000E-02    6.000000E-01    1.333021E+00    2.323232E+00   -2.376954E-07
    8.000000E-02    6.000000E-01    1.333021E+00    2.424242E+00   -2.719370E-07
    8.000000E-02    6.000000E-01    1.333021E+00    2.525253E+00   -2.961631E-07
    8.000000E-02    6.000000E-01    1.333021E+00    2.626263E+00   -3.100802E-07
    8.000000E-02    6.000000E-01    1.333021E+00    2.727273E+00   -3.143018E-07
    8.000000E-02    6.000000E-01    1.333021E+00    2.828283E+00   -3.097318E-07
    8.000000E-02    6.000000E-01    1.333021E+00    2.929293E+00   -2.961144E-07
    8.000000E-02    6.000000E-01    1.333021E+00    3.030303E+00   -2.741351E-07
    8.000000E-02    6.000000E-01    1.333021E+00    3.131313E+00   -2.446976E-07
    8.000000E-02    6.000000E-01    1.333021E+00    3.232323E+00   -2.089044E-07
    8.000000E-02    6.000000E-01    1.333021E+00    3.333333E+00   -1.702788E-07
    8.000000E-02    6.000000E-01    1.333021E+00    3.434343E+00   -1.325246E-07
    8.000000E-02    6.000000E-01    1.333021E+00    3.535354E+00   -9.902953E-08
    8.000000E-02    6.000000E-01    1.333021E+00    3.636364E+00   -7.049470E-08
    8.000000E-02    6.000000E-01    1.333021E+00    3.737374E+00   -4.890442E-08
    8.000000E-02    6.000000E-01    1.333021E+00    3.838384E+00   -3.281484E-08
    8.000000E-02    6.000000E-01    1.333021E+00    3.939394E+00   -2.015664E-08
    8.000000E-02    6.000000E-01    1.333021E+00    4.040404E+00   -1.261589E-08
    8.000000E-02    6.000000E-01    1.333021E+00    4.141414E+00   -7.242409E-09
    8.000000E-02    6.000000E-01    1.333021E+00    4.242424E+00   -3.960040E-09
    8.000000E-02    6.000000E-01    1.333021E+00    4.343434E+00   -2.128784E-09
    8.000000E-02    6.000000E-01    1.333021E+00    4.444444E+00   -1.020331E-09
    8.000000E-02    6.000000E-01    1.333021E+00    4.545455E+00   -4.986188E-10
    8.000000E-02    6.000000E-01    1.333021E+00    4.646465E+00   -2.182158E-10
    8.000000E-02    6.000000E-01    1.333021E+00    4.747475E+00   -8.977525E-11
    8.000000E-02    6.000000E-01    1.333021E+00    4.848485E+00   -3.812191E-11
    8.000000E-02    6.000000E-01    1.333021E+00    4.949495E+00   -1.195375E-11
    8.000000E-02    6.000000E-01    1.333021E+00    5.050505E+00   -5.146095E-12
    8.000000E-02    6.000000E-01    1.333021E+00    5.151515E+00   -1.144110E-12
    8.000000E-02    6.000000E-01    1.333021E+00    5.252525E+00   -5.040681E-13
    8.000000E-02    6.000000E-01    1.333021E+00    5.353535E+00   -7.806739E-14
    8.000000E-02    6.000000E-01    1.333021E+00    5.454545E+00   -3.445294E-14
    8.000000E-02    6.000000E-01    1.333021E+00    5.555556E+00   -3.855798E-15
    8.000000E-02    6.000000E-01    1.333021E+00    5.656566E+00   -1.617604E-15
    8.000000E-02    6.000000E-01    1.333021E+00    5.757576E+00   -1.427156E-16
    8.000000E-02    6.000000E-01    1.333021E+00    5.858586E+00   -5.057478E-17
    8.000000E-02    6.000000E-01    1.333021E+00    5.959596E+00   -4.107203E-18
    8.000000E-02    6.000000E-01    1.333021E+00    6.060606E+00   -7.818970E-19
    8.000000E-02    6.000000E-01    1.333021E+00    6.161616E+00   -8.856978E-20
    8.000000E-02    6.000000E-01    1.333021E+00    6.262626E+00   -5.020051E-21
    8.000000E-02    6.000000E-01    1.333021E+00    6.363636E+00   -3.514217E-22
    8.000000E-02    6.000000E-01    1.333021E+00    6.464646E+00   -4.418564E-23
    8.000000E-02    6.000000E-01    1.333021E+00    6.565657E+00   -1.748746E-24
    8.000000E-02    6.000000E-01    1.333021E+00    6.666667E+00   -1.222259E-25
    8.000000E-02    6.000000E-01    1.333021E+00    6.767677E+00   -1.251709E-26
    8.000000E-02    6.000000E-01    1.333021E+00    6.868687E+00   -7.956064E-27
    8.000000E-02    6.000000E-01    1.333021E+00    6.969697E+00   -3.395033E-27
    8.000000E-02    6.000000E-01    1.333021E+00    7.070707E+00   -9.230318E-31
    8.000000E-02    6.000000E-01    1.333021E+00    7.171717E+00   -7.446116E-31
    8.000000E-02    6.000000E-01    1.333021E+00    7.272727E+00   -5.661914E-31
    8.000000E-02    6.000000E-01    1.333021E+00    7.373737E+00   -3.877712E-31
    8.000000E-02    6.000000E-01    1.333021E+00    7.474747E+00   -2.093510E-31
    8.000000E-02    6.000000E-01    1.333021E+00    7.575758E+00   -3.093075E-32
    8.000000E-02    6.000000E-01    1.333021E+00    7.676768E+00   -1.320192E-39
    8.000000E-02    6.000000E-01    1.333021E+00    7.777778E+00   -1.416340E-39
    8.000000E-02    6.000000E-01    1.333021E+00    7.878788E+00   -1.512489E-39
    8.000000E-02    6.000000E-01    1.333021E+00    7.979798E+00   -1.608637E-39
    8.000000E-02    6.000000E-01    1.333021E+00    8.080808E+00   -1.704786E-39
    8.000000E-02    6.000000E-01    1.333021E+00    8.181818E+00   -1.800934E-39
    8.000000E-02    6.000000E-01    1.333021E+00    8.282828E+00   -1.897082E-39
    8.000000E-02    6.000000E-01    1.333021E+00    8.383838E+00   -1.996404E-39
    8.000000E-02    6.000000E-01    1.333021E+00    8.484848E+00   -2.134932E-39
    8.000000E-02    6.000000E-01    1.333021E+00    8.585859E+00   -2.273460E-39
    8.000000E-02    6.000000E-01    1.333021E+00    8.686869E+00   -2.411988E-39
    8.000000E-02    6.000000E-01    1.333021E+00    8.787879E+00   -2.550516E-39
    8.000000E-02    6.000000E-01    1.333021E+00    8.888889E+00   -2.689044E-39
    8.000000E-02    6.000000E-01    1.333021E+00    8.989899E+00   -2.827572E-39
    8.000000E-02    6.000000E-01    1.333021E+00    9.090909E+00   -2.966099E-39
    8.000000E-02    6.000000E-01    1.333021E+00    9.191919E+00   -3.104627E-39
    8.000000E-02    6.000000E-01    1.333021E+00    9.292929E+00   -3.243155E-39
    8.000000E-02    6.000000E-01    1.333021E+00    9.393939E+00   -3.385796E-39
    8.000000E-02    6.000000E-01    1.333021E+00    9.494949E+00   -3.591665E-39
    8.000000E-02    6.000000E-01    1.333021E+00    9.595960E+00   -3.797535E-39
    8.000000E-02    6.000000E-01    1.333021E+00    9.696970E+00   -4.003405E-39
    8.000000E-02    6.000000E-01    1.333021E+00    9.797980E+00   -4.209275E-39
    8.000000E-02    6.000000E-01    1.333021E+00    9.898990E+00   -4.415144E-39
    8.000000E-02    6.000000E-01    1.333021E+00    1.000000E+01   -4.621014E-39

    8.000000E-02    7.000000E-01    1.333021E+00    0.000000E+00    4.513901E-07
    8.000000E-02    7.000000E-01    1.333021E+00    1.010101E-01    4.501443E-07
    8.000000E-02    7.000000E-01    1.333021E+00    2.020202E-01    4.464304E-07
    8.000000E-02    7.000000E-01    1.333021E+00    3.030303E-01    4.402584E-07
    8.000000E-02    7.000000E-01    1.333021E+00    4.040404E-01    4.316253E-07
    8.000000E-02    7.000000E-01    1.333021E+00    5.050505E-01    4.205376E-07
    8.000000E-02    7.000000E-01    1.333021E+00    6.060606E-01    4.069894E-07
    8.000000E-02    7.000000E-01    1.333021E+00    7.070707E-01    3.909297E-07
    8.000000E-02    7.000000E-01    1.333021E+00    8.080808E-01    3.722889E-07
    8.000000E-02    7.000000E-01    1.333021E+00    9.090909E-01    3.509668E-07
    8.000000E-02    7.000000E-01    1.333021E+00    1.010101E+00    3.268249E-07
    8.000000E-02    7.000000E-01    1.333021E+00    1.111111E+00    2.996996E-07
    8.000000E-02    7.000000E-01    1.333021E+00    1.212121E+00    2.694222E-07
    8.000000E-02    7.000000E-01    1.333021E+00    1.313131E+00    2.358632E-07
    8.000000E-02    7.000000E-01    1.333021E+00    1.414141E+00    1.989476E-07
    8.000000E-02    7.000000E-01    1.333021E+00    1.515152E+00    1.587160E-07
    8.000000E-02    7.000000E-01    1.333021E+00    1.616162E+00    1.152997E-07
    8.000000E-02    7.000000E-01    1.333021E+00    1.717172E+00    6.900964E-08
    8.000000E-02    7.000000E-01    1.333021E+00    1.818182E+00    2.039362E-08
    8.000000E-02    7.000000E-01    1.333021E+00    1.919192E+00   -2.968555E-08
    8.000000E-02    7.000000E-01    1.333021E+00    2.020202E+00   -7.985606E-08
    8.000000E-02    7.000000E-01    1.333021E+00    2.121212E+00   -1.285238E-07
    8.000000E-02    7.000000E-01    1.333021E+00    2.222222E+00   -1.730352E-07
    8.000000E-02    7.000000E-01    1.333021E+00    2.323232E+00   -2.116048E-07
    8.000000E-02    7.000000E-01    1.333021E+00    2.424242E+00   -2.424187E-07
    8.000000E-02    7.000000E-01    1.333021E+00    2.525253E+00   -2.642550E-07
    8.000000E-02    7.000000E-01    1.333021E+00    2.626263E+00   -2.768523E-07
    8.000000E-02    7.000000E-01    1.333021E+00    2.727273E+00   -2.807618E-07
    8.000000E-02    7.000000E-01    1.333021E+00    2.828283E+00   -2.767935E-07
    8.000000E-02    7.000000E-01    1.333021E+00    2.929293E+00   -2.647156E-07
    8.000000E-02    7.000000E-01    1.333021E+00    3.030303E+00   -2.451383E-07
    8.000000E-02    7.000000E-01    1.333021E+00    3.131313E+00   -2.188675E-07
    8.000000E-02    7.000000E-01    1.333021E+00    3.232323E+00   -1.868867E-07
    8.000000E-02    7.000000E-01    1.333021E+00    3.333333E+00   -1.523528E-07
    8.000000E-02    7.000000E-01    1.333021E+00    3.434343E+00   -1.185848E-07
    8.000000E-02    7.000000E-01    1.333021E+00    3.535354E+00   -8.861929E-08
    8.000000E-02    7.000000E-01    1.333021E+00    3.636364E+00   -6.308815E-08
    8.000000E-02    7.000000E-01    1.333021E+00    3.737374E+00   -4.376841E-08
    8.000000E-02    7.000000E-01    1.333021E+00    3.838384E+00   -2.936999E-08
    8.000000E-02    7.000000E-01    1.333021E+00    3.939394E+00   -1.804170E-08
    8.000000E-02    7.000000E-01    1.333021E+00    4.040404E+00   -1.129262E-08
    8.000000E-02    7.000000E-01    1.333021E+00    4.141414E+00   -6.483106E-09
    8.000000E-02    7.000000E-01    1.333021E+00    4.242424E+00   -3.545025E-09
    8.000000E-02    7.000000E-01    1.333021E+00    4.343434E+00   -1.905779E-09
    8.000000E-02    7.000000E-01    1.333021E+00    4.444444E+00   -9.134859E-10
    8.000000E-02    7.000000E-01    1.333021E+00    4.545455E+00   -4.464272E-10
    8.000000E-02    7.000000E-01    1.333021E+00    4.646465E+00   -1.953820E-10
    8.000000E-02    7.000000E-01    1.333021E+00    4.747475E+00   -8.038579E-11
    8.000000E-02    7.000000E-01    1.333021E+00    4.848485E+00   -3.413567E-11
    8.000000E-02    7.000000E-01    1.333021E+00    4.949495E+00   -1.070450E-11
    8.000000E-02    7.000000E-01    1.333021E+00    5.050505E+00   -4.608366E-12
    8.000000E-02    7.000000E-01    1.333021E+00    5.151515E+00   -1.024633E-12
    8.000000E-02    7.000000E-01    1.333021E+00    5.252525E+00   -4.514333E-13
    8.000000E-02    7.000000E-01    1.333021E+00    5.353535E+00   -6.992068E-14
    8.000000E-02    7.000000E-01    1.333021E+00    5.454545E+00   -3.085779E-14
    8.000000E-02    7.000000E-01    1.333021E+00    5.555556E+00   -3.453685E-15
    8.000000E-02    7.000000E-01    1.333021E+00    5.656566E+00   -1.448914E-15
    8.000000E-02    7.000000E-01    1.333021E+00    5.757576E+00   -1.278406E-16
    8.000000E-02    7.000000E-01    1.333021E+00    5.858586E+00   -4.530367E-17
    8.000000E-02    7.000000E-01    1.333021E+00    5.959596E+00   -3.679334E-18
    8.000000E-02    7.000000E-01    1.333021E+00    6.060606E+00   -7.004497E-19
    8.000000E-02    7.000000E-01    1.333021E+00    6.161616E+00   -7.934710E-20
    8.000000E-02    7.000000E-01    1.333021E+00    6.262626E+00   -4.497505E-21
    8.000000E-02    7.000000E-01    1.333021E+00    6.363636E+00   -3.148502E-22
    8.000000E-02    7.000000E-01    1.333021E+00    6.464646E+00   -3.958805E-23
    8.000000E-02    7.000000E-01    1.333021E+00    6.565657E+00   -1.566848E-24
    8.000000E-02    7.000000E-01    1.333021E+00    6.666667E+00   -1.095149E-25
    8.000000E-02    7.000000E-01    1.333021E+00    6.767677E+00   -1.121557E-26
    8.000000E-02    7.000000E-01    1.333021E+00    6.868687E+00   -7.128792E-27
    8.000000E-02    7.000000E-01    1.333021E+00    6.969697E+00   -3.042018E-27
    8.000000E-02    7.000000E-01    1.333021E+00    7.070707E+00   -8.271093E-31
    8.000000E-02    7.000000E-01    1.333021E+00    7.171717E+00   -6.672307E-31
    8.000000E-02    7.000000E-01    1.333021E+00    7.272727E+00   -5.073521E-31
    8.000000E-02    7.000000E-01    1.333021E+00    7.373737E+00   -3.474736E-31
    8.000000E-02    7.000000E-01    1.333021E+00    7.474747E+00   -1.875950E-31
    8.000000E-02    7.000000E-01    1.333021E+00    7.575758E+00   -2.771639E-32
    8.000000E-02    7.000000E-01    1.333021E+00    7.676768E+00   -1.162485E-39
    8.000000E-02    7.000000E-01    1.333021E+00    7.777778E+00   -1.247529E-39
    8.000000E-02    7.000000E-01    1.333021E+00    7.878788E+00   -1.332574E-39
    8.000000E-02    7.000000E-01    1.333021E+00    7.979798E+00   -1.417618E-39
    8.000000E-02    7.000000E-01    1.333021E+00    8.080808E+00   -1.502662E-39
    8.000000E-02    7.000000E-01    1.333021E+00    8.181818E+00   -1.587707E-39
    8.000000E-02    7.000000E-01    1.333021E+00    8.282828E+00   -1.672751E-39
    8.000000E-02    7.000000E-01    1.333021E+00    8.383838E+00   -1.760610E-39
    8.000000E-02    7.000000E-01    1.333021E+00    8.484848E+00   -1.883240E-39
    8.000000E-02    7.000000E-01    1.333021E+00    8.585859E+00   -2.005871E-39
    8.000000E-02    7.000000E-01    1.333021E+00    8.686869E+00   -2.128502E-39
    8.000000E-02    7.000000E-01    1.333021E+00    8.787879E+00   -2.251132E-39
    8.000000E-02    7.000000E-01    1.333021E+00    8.888889E+00   -2.373763E-39
    8.000000E-02    7.000000E-01    1.333021E+00    8.989899E+00   -2.496393E-39
    8.000000E-02    7.000000E-01    1.333021E+00    9.090909E+00   -2.619024E-39
    8.000000E-02    7.000000E-01    1.333021E+00    9.191919E+00   -2.741655E-39
    8.000000E-02    7.000000E-01    1.333021E+00    9.292929E+00   -2.864285E-39
    8.000000E-02    7.000000E-01    1.333021E+00    9.393939E+00   -2.990564E-39
    8.000000E-02    7.000000E-01    1.333021E+00    9.494949E+00   -3.172936E-39
    8.000000E-02    7.000000E-01    1.333021E+00    9.595960E+00   -3.355308E-39
    8.000000E-02    7.000000E-01    1.333021E+00    9.696970E+00   -3.537680E-39
    8.000000E-02    7.000000E-01    1.333021E+00    9.797980E+00   -3.720052E-39
    8.000000E-02    7.000000E-01    1.333021E+00    9.898990E+00   -3.902424E-39
    8.000000E-02    7.000000E-01    1.333021E+00    1.000000E+01   -4.084796E-39

    8.000000E-02    8.000000E-01    1.333021E+00    0.000000E+00    4.201714E-07
    8.000000E-02    8.000000E-01    1.333021E+00    1.010101E-01    4.190102E-07
    8.000000E-02    8.000000E-01    1.333021E+00    2.020202E-01    4.155488E-07
    8.000000E-02    8.000000E-01    1.333021E+00    3.030303E-01    4.097970E-07
    8.000000E-02    8.000000E-01    1.333021E+00    4.040404E-01    4.017527E-07
    8.000000E-02    8.000000E-01    1.333021E+00    5.050505E-01    3.914232E-07
    8.000000E-02    8.000000E-01    1.333021E+00    6.060606E-01    3.788051E-07
    8.000000E-02    8.000000E-01    1.333021E+00    7.070707E-01    3.638534E-07
    8.000000E-02    8.000000E-01    1.333021E+00    8.080808E-01    3.465075E-07
    8.000000E-02    8.000000E-01    1.333021E+00    9.090909E-01    3.266789E-07
    8.000000E-02    8.000000E-01    1.333021E+00    1.010101E+00    3.042447E-07
    8.000000E-02    8.000000E-01    1.333021E+00    1.111111E+00    2.790599E-07
    8.000000E-02    8.000000E-01    1.333021E+00    1.212121E+00    2.509742E-07
    8.000000E-02    8.000000E-01    1.333021E+00    1.313131E+00    2.198729E-07
    8.000000E-02    8.000000E-01    1.333021E+00    1.414141E+00    1.856895E-07
    8.000000E-02    8.000000E-01    1.333021E+00    1.515152E+00    1.484618E-07
    8.000000E-02    8.000000E-01    1.333021E+00    1.616162E+00    1.083099E-07
    8.000000E-02    8.000000E-01    1.333021E+00    1.717172E+00    6.551887E-08
    8.000000E-02    8.000000E-01    1.333021E+00    1.818182E+00    2.059202E-08
    8.000000E-02    8.000000E-01    1.333021E+00    1.919192E+00   -2.567648E-08
    8.000000E-02    8.000000E-01    1.333021E+00    2.020202E+00   -7.202338E-08
    8.000000E-02    8.000000E-01    1.333021E+00    2.121212E+00   -1.169808E-07
    8.000000E-02    8.000000E-01    1.333021E+00    2.222222E+00   -1.581039E-07
    8.000000E-02    8.000000E-01    1.333021E+00    2.323232E+00   -1.937490E-07
    8.000000E-02    8.000000E-01    1.333021E+00    2.424242E+00   -2.222458E-07
    8.000000E-02    8.000000E-01    1.333021E+00    2.525253E+00   -2.424699E-07
    8.000000E-02    8.000000E-01    1.333021E+00    2.626263E+00   -2.541820E-07
    8.000000E-02    8.000000E-01    1.333021E+00    2.727273E+00   -2.578909E-07
    8.000000E-02    8.000000E-01    1.333021E+00    2.828283E+00   -2.543431E-07
    8.000000E-02    8.000000E-01    1.333021E+00    2.929293E+00   -2.433228E-07
    8.000000E-02    8.000000E-01    1.333021E+00    3.030303E+00   -2.253884E-07
    8.000000E-02    8.000000E-01    1.333021E+00    3.131313E+00   -2.012792E-07
    8.000000E-02    8.000000E-01    1.333021E+00    3.232323E+00   -1.718974E-07
    8.000000E-02    8.000000E-01    1.333021E+00    3.333333E+00   -1.401511E-07
    8.000000E-02    8.000000E-01    1.333021E+00    3.434343E+00   -1.090973E-07
    8.000000E-02    8.000000E-01    1.333021E+00    3.535354E+00   -8.153464E-08
    8.000000E-02    8.000000E-01    1.333021E+00    3.636364E+00   -5.804802E-08
    8.000000E-02    8.000000E-01    1.333021E+00    3.737374E+00   -4.027357E-08
    8.000000E-02    8.000000E-01    1.333021E+00    3.838384E+00   -2.702604E-08
    8.000000E-02    8.000000E-01    1.333021E+00    3.939394E+00   -1.660275E-08
    8.000000E-02    8.000000E-01    1.333021E+00    4.040404E+00   -1.039233E-08
    8.000000E-02    8.000000E-01    1.333021E+00    4.141414E+00   -5.966548E-09
    8.000000E-02    8.000000E-01    1.333021E+00    4.242424E+00   -3.262703E-09
    8.000000E-02    8.000000E-01    1.333021E+00    4.343434E+00   -1.754084E-09
    8.000000E-02    8.000000E-01    1.333021E+00    4.444444E+00   -8.408103E-10
    8.000000E-02    8.000000E-01    1.333021E+00    4.545455E+00   -4.109287E-10
    8.000000E-02    8.000000E-01    1.333021E+00    4.646465E+00   -1.798521E-10
    8.000000E-02    8.000000E-01    1.333021E+00    4.747475E+00   -7.400017E-11
    8.000000E-02    8.000000E-01    1.333021E+00    4.848485E+00   -3.142478E-11
    8.000000E-02    8.000000E-01    1.333021E+00    4.949495E+00   -9.855003E-12
    8.000000E-02    8.000000E-01    1.333021E+00    5.050505E+00   -4.242710E-12
    8.000000E-02    8.000000E-01    1.333021E+00    5.151515E+00   -9.433951E-13
    8.000000E-02    8.000000E-01    1.333021E+00    5.252525E+00   -4.156451E-13
    8.000000E-02    8.000000E-01    1.333021E+00    5.353535E+00   -6.438191E-14
    8.000000E-02    8.000000E-01    1.333021E+00    5.454545E+00   -2.841354E-14
    8.000000E-02    8.000000E-01    1.333021E+00    5.555556E+00   -3.180321E-15
    8.000000E-02    8.000000E-01    1.333021E+00    5.656566E+00   -1.334236E-15
    8.000000E-02    8.000000E-01    1.333021E+00    5.757576E+00   -1.177291E-16
    8.000000E-02    8.000000E-01    1.333021E+00    5.858586E+00   -4.172057E-17
    8.000000E-02    8.000000E-01    1.333021E+00    5.959596E+00   -3.388504E-18
    8.000000E-02    8.000000E-01    1.333021E+00    6.060606E+00   -6.450891E-19
    8.000000E-02    8.000000E-01    1.333021E+00    6.161616E+00   -7.307866E-20
    8.000000E-02    8.000000E-01    1.333021E+00    6.262626E+00   -4.142360E-21
    8.000000E-02    8.000000E-01    1.333021E+00    6.363636E+00   -2.899955E-22
    8.000000E-02    8.000000E-01    1.333021E+00    6.464646E+00   -3.646350E-23
    8.000000E-02    8.000000E-01    1.333021E+00    6.565657E+00   -1.443234E-24
    8.000000E-02    8.000000E-01    1.333021E+00    6.666667E+00   -1.008770E-25
    8.000000E-02    8.000000E-01    1.333021E+00    6.767677E+00   -1.033112E-26
    8.000000E-02    8.000000E-01    1.333021E+00    6.868687E+00   -6.566626E-27
    8.000000E-02    8.000000E-01    1.333021E+00    6.969697E+00   -2.802129E-27
    8.000000E-02    8.000000E-01    1.333021E+00    7.070707E+00   -7.619310E-31
    8.000000E-02    8.000000E-01    1.333021E+00    7.171717E+00   -6.146513E-31
    8.000000E-02    8.000000E-01    1.333021E+00    7.272727E+00   -4.673715E-31
    8.000000E-02    8.000000E-01    1.333021E+00    7.373737E+00   -3.200918E-31
    8.000000E-02    8.000000E-01    1.333021E+00    7.474747E+00   -1.728120E-31
    8.000000E-02    8.000000E-01    1.333021E+00    7.575758E+00   -2.553227E-32
    8.000000E-02    8.000000E-01    1.333021E+00    7.676768E+00   -1.053347E-39
    8.000000E-02    8.000000E-01    1.333021E+00    7.777778E+00   -1.130739E-39
    8.000000E-02    8.000000E-01    1.333021E+00    7.878788E+00   -1.208131E-39
    8.000000E-02    8.000000E-01    1.333021E+00    7.979798E+00   -1.285523E-39
    8.000000E-02    8.000000E-01    1.333021E+00    8.080808E+00   -1.362915E-39
    8.000000E-02    8.000000E-01    1.333021E+00    8.181818E+00   -1.440308E-39
    8.000000E-02    8.000000E-01    1.333021E+00    8.282828E+00   -1.517700E-39
    8.000000E-02    8.000000E-01    1.333021E+00    8.383838E+00   -1.597660E-39
    8.000000E-02    8.000000E-01    1.333021E+00    8.484848E+00   -1.709344E-39
    8.000000E-02    8.000000E-01    1.333021E+00    8.585859E+00   -1.821028E-39
    8.000000E-02    8.000000E-01    1.333021E+00    8.686869E+00   -1.932712E-39
    8.000000E-02    8.000000E-01    1.333021E+00    8.787879E+00   -2.044396E-39
    8.000000E-02    8.000000E-01    1.333021E+00    8.888889E+00   -2.156080E-39
    8.000000E-02    8.000000E-01    1.333021E+00    8.989899E+00   -2.267764E-39
    8.000000E-02    8.000000E-01    1.333021E+00    9.090909E+00   -2.379448E-39
    8.000000E-02    8.000000E-01    1.333021E+00    9.191919E+00   -2.491131E-39
    8.000000E-02    8.000000E-01    1.333021E+00    9.292929E+00   -2.602815E-39
    8.000000E-02    8.000000E-01    1.333021E+00    9.393939E+00   -2.717829E-39
    8.000000E-02    8.000000E-01    1.333021E+00    9.494949E+00   -2.884032E-39
    8.000000E-02    8.000000E-01    1.333021E+00    9.595960E+00   -3.050235E-39
    8.000000E-02    8.000000E-01    1.333021E+00    9.696970E+00   -3.216438E-39
    8.000000E-02    8.000000E-01    1.333021E+00    9.797980E+00   -3.382641E-39
    8.000000E-02    8.000000E-01    1.333021E+00    9.898990E+00   -3.548844E-39
    8.000000E-02    8.000000E-01    1.333021E+00    1.000000E+01   -3.715047E-39

    8.000000E-02    9.000000E-01    1.333021E+00    0.000000E+00    3.947224E-07
    8.000000E-02    9.000000E-01    1.333021E+00    1.010101E-01    3.936302E-07
    8.000000E-02    9.000000E-01    1.333021E+00    2.020202E-01    3.903745E-07
    8.000000E-02    9.000000E-01    1.333021E+00    3.030303E-01    3.849647E-07
    8.000000E-02    9.000000E-01    1.333021E+00    4.040404E-01    3.773999E-07
    8.000000E-02    9.000000E-01    1.333021E+00    5.050505E-01    3.676879E-07
    8.000000E-02    9.000000E-01    1.333021E+00    6.060606E-01    3.558272E-07
    8.000000E-02    9.000000E-01    1.333021E+00    7.070707E-01    3.417781E-07
    8.000000E-02    9.000000E-01    1.333021E+00    8.080808E-01    3.254868E-07
    8.000000E-02    9.000000E-01    1.333021E+00    9.090909E-01    3.068745E-07
    8.000000E-02    9.000000E-01    1.333021E+00    1.010101E+00    2.858312E-07
    8.000000E-02    9.000000E-01    1.333021E+00    1.111111E+00    2.622267E-07
    8.000000E-02    9.000000E-01    1.333021E+00    1.212121E+00    2.359259E-07
    8.000000E-02    9.000000E-01    1.333021E+00    1.313131E+00    2.068261E-07
    8.000000E-02    9.000000E-01    1.333021E+00    1.414141E+00    1.748675E-07
    8.000000E-02    9.000000E-01    1.333021E+00    1.515152E+00    1.400858E-07
    8.000000E-02    9.000000E-01    1.333021E+00    1.616162E+00    1.025920E-07
    8.000000E-02    9.000000E-01    1.333021E+00    1.717172E+00    6.264977E-08
    8.000000E-02    9.000000E-01    1.333021E+00    1.818182E+00    2.072651E-08
    8.000000E-02    9.000000E-01    1.333021E+00    1.919192E+00   -2.243960E-08
    8.000000E-02    9.000000E-01    1.333021E+00    2.020202E+00   -6.567359E-08
    8.000000E-02    9.000000E-01    1.333021E+00    2.121212E+00   -1.076104E-07
    8.000000E-02    9.000000E-01    1.333021E+00    2.222222E+00   -1.459748E-07
    8.000000E-02    9.000000E-01    1.333021E+00    2.323232E+00   -1.792385E-07
    8.000000E-02    9.000000E-01    1.333021E+00    2.424242E+00   -2.058482E-07
    8.000000E-02    9.000000E-01    1.333021E+00    2.525253E+00   -2.247588E-07
    8.000000E-02    9.000000E-01    1.333021E+00    2.626263E+00   -2.357489E-07
    8.000000E-02    9.000000E-01    1.333021E+00    2.727273E+00   -2.392930E-07
    8.000000E-02    9.000000E-01    1.333021E+00    2.828283E+00   -2.360856E-07
    8.000000E-02    9.000000E-01    1.333021E+00    2.929293E+00   -2.259241E-07
    8.000000E-02    9.000000E-01    1.333021E+00    3.030303E+00   -2.093250E-07
    8.000000E-02    9.000000E-01    1.333021E+00    3.131313E+00   -1.869733E-07
    8.000000E-02    9.000000E-01    1.333021E+00    3.232323E+00   -1.597051E-07
    8.000000E-02    9.000000E-01    1.333021E+00    3.333333E+00   -1.302258E-07
    8.000000E-02    9.000000E-01    1.333021E+00    3.434343E+00   -1.013798E-07
    8.000000E-02    9.000000E-01    1.333021E+00    3.535354E+00   -7.577161E-08
    8.000000E-02    9.000000E-01    1.333021E+00    3.636364E+00   -5.394805E-08
    8.000000E-02    9.000000E-01    1.333021E+00    3.737374E+00   -3.743061E-08
    8.000000E-02    9.000000E-01    1.333021E+00    3.838384E+00   -2.511927E-08
    8.000000E-02    9.000000E-01    1.333021E+00    3.939394E+00   -1.543217E-08
    8.000000E-02    9.000000E-01    1.333021E+00    4.040404E+00   -9.659947E-09
    8.000000E-02    9.000000E-01    1.333021E+00    4.141414E+00   -5.546325E-09
    8.000000E-02    9.000000E-01    1.333021E+00    4.242424E+00   -3.033031E-09
    8.000000E-02    9.000000E-01    1.333021E+00    4.343434E+00   -1.630677E-09
    8.000000E-02    9.000000E-01    1.333021E+00    4.444444E+00   -7.816866E-10
    8.000000E-02    9.000000E-01    1.333021E+00    4.545455E+00   -3.820493E-10
    8.000000E-02    9.000000E-01    1.333021E+00    4.646465E+00   -1.672178E-10
    8.000000E-02    9.000000E-01    1.333021E+00    4.747475E+00   -6.880512E-11
    8.000000E-02    9.000000E-01    1.333021E+00    4.848485E+00   -2.921931E-11
    8.000000E-02    9.000000E-01    1.333021E+00    4.949495E+00   -9.163876E-12
    8.000000E-02    9.000000E-01    1.333021E+00    5.050505E+00   -3.945224E-12
    8.000000E-02    9.000000E-01    1.333021E+00    5.151515E+00   -8.773017E-13
    8.000000E-02    9.000000E-01    1.333021E+00    5.252525E+00   -3.865285E-13
    8.000000E-02    9.000000E-01    1.333021E+00    5.353535E+00   -5.987560E-14
    8.000000E-02    9.000000E-01    1.333021E+00    5.454545E+00   -2.642491E-14
    8.000000E-02    9.000000E-01    1.333021E+00    5.555556E+00   -2.957910E-15
    8.000000E-02    9.000000E-01    1.333021E+00    5.656566E+00   -1.240933E-15
    8.000000E-02    9.000000E-01    1.333021E+00    5.757576E+00   -1.095023E-16
    8.000000E-02    9.000000E-01    1.333021E+00    5.858586E+00   -3.880531E-17
    8.000000E-02    9.000000E-01    1.333021E+00    5.959596E+00   -3.151877E-18
    8.000000E-02    9.000000E-01    1.333021E+00    6.060606E+00   -6.000464E-19
    8.000000E-02    9.000000E-01    1.333021E+00    6.161616E+00   -6.797845E-20
    8.000000E-02    9.000000E-01    1.333021E+00    6.262626E+00   -3.853401E-21
    8.000000E-02    9.000000E-01    1.333021E+00    6.363636E+00   -2.697726E-22
    8.000000E-02    9.000000E-01    1.333021E+00    6.464646E+00   -3.392123E-23
    8.000000E-02    9.000000E-01    1.333021E+00    6.565657E+00   -1.342656E-24
    8.000000E-02    9.000000E-01    1.333021E+00    6.666667E+00   -9.384874E-26
    8.000000E-02    9.000000E-01    1.333021E+00    6.767677E+00   -9.611490E-27
    8.000000E-02    9.000000E-01    1.333021E+00    6.868687E+00   -6.109216E-27
    8.000000E-02    9.000000E-01    1.333021E+00    6.969697E+00   -2.606942E-27
    8.000000E-02    9.000000E-01    1.333021E+00    7.070707E+00   -7.088976E-31
    8.000000E-02    9.000000E-01    1.333021E+00    7.171717E+00   -5.718691E-31
    8.000000E-02    9.000000E-01    1.333021E+00    7.272727E+00   -4.348406E-31
    8.000000E-02    9.000000E-01    1.333021E+00    7.373737E+00   -2.978121E-31
    8.000000E-02    9.000000E-01    1.333021E+00    7.474747E+00   -1.607836E-31
    8.000000E-02    9.000000E-01    1.333021E+00    7.575758E+00   -2.375513E-32
    8.000000E-02    9.000000E-01    1.333021E+00    7.676768E+00   -9.647862E-40
    8.000000E-02    9.000000E-01    1.333021E+00    7.777778E+00   -1.035964E-39
    8.000000E-02    9.000000E-01    1.333021E+00    7.878788E+00   -1.107142E-39
    8.000000E-02    9.000000E-01    1.333021E+00    7.979798E+00   -1.178320E-39
    8.000000E-02    9.000000E-01    1.333021E+00    8.080808E+00   -1.249497E-39
    8.000000E-02    9.000000E-01    1.333021E+00    8.181818E+00   -1.320675E-39
    8.000000E-02    9.000000E-01    1.333021E+00    8.282828E+00   -1.391853E-39
    8.000000E-02    9.000000E-01    1.333021E+00    8.383838E+00   -1.465398E-39
    8.000000E-02    9.000000E-01    1.333021E+00    8.484848E+00   -1.568191E-39
    8.000000E-02    9.000000E-01    1.333021E+00    8.585859E+00   -1.670984E-39
    8.000000E-02    9.000000E-01    1.333021E+00    8.686869E+00   -1.773777E-39
    8.000000E-02    9.000000E-01    1.333021E+00    8.787879E+00   -1.876570E-39
    8.000000E-02    9.000000E-01    1.333021E+00    8.888889E+00   -1.979363E-39
    8.000000E-02    9.000000E-01    1.333021E+00    8.989899E+00   -2.082156E-39
    8.000000E-02    9.000000E-01    1.333021E+00    9.090909E+00   -2.184949E-39
    8.000000E-02    9.000000E-01    1.333021E+00    9.191919E+00   -2.287742E-39
    8.000000E-02    9.000000E-01    1.333021E+00    9.292929E+00   -2.390535E-39
    8.000000E-02    9.000000E-01    1.333021E+00    9.393939E+00   -2.496398E-39
    8.000000E-02    9.000000E-01    1.333021E+00    9.494949E+00   -2.649467E-39
    8.000000E-02    9.000000E-01    1.333021E+00    9.595960E+00   -2.802536E-39
    8.000000E-02    9.000000E-01    1.333021E+00    9.696970E+00   -2.955605E-39
    8.000000E-02    9.000000E-01    1.333021E+00    9.797980E+00   -3.108673E-39
    8.000000E-02    9.000000E-01    1.333021E+00    9.898990E+00   -3.261742E-39
    8.000000E-02    9.000000E-01    1.333021E+00    1.000000E+01   -3.414811E-39

    8.000000E-02    1.000000E+00    1.333021E+00    0.000000E+00    3.935026E-07
    8.000000E-02    1.000000E+00    1.333021E+00    1.010101E-01    3.924103E-07
    8.000000E-02    1.000000E+00    1.333021E+00    2.020202E-01    3.891544E-07
    8.000000E-02    1.000000E+00    1.333021E+00    3.030303E-01    3.837447E-07
    8.000000E-02    1.000000E+00    1.333021E+00    4.040404E-01    3.761804E-07
    8.000000E-02    1.000000E+00    1.333021E+00    5.050505E-01    3.664702E-07
    8.000000E-02    1.000000E+00    1.333021E+00    6.060606E-01    3.546134E-07
    8.000000E-02    1.000000E+00    1.333021E+00    7.070707E-01    3.405717E-07
    8.000000E-02    1.000000E+00    1.333021E+00    8.080808E-01    3.242933E-07
    8.000000E-02    1.000000E+00    1.333021E+00    9.090909E-01    3.057024E-07
    8.000000E-02    1.000000E+00    1.333021E+00    1.010101E+00    2.846926E-07
    8.000000E-02    1.000000E+00    1.333021E+00    1.111111E+00    2.611384E-07
    8.000000E-02    1.000000E+00    1.333021E+00    1.212121E+00    2.349102E-07
    8.000000E-02    1.000000E+00    1.333021E+00    1.313131E+00    2.059106E-07
    8.000000E-02    1.000000E+00    1.333021E+00    1.414141E+00    1.740848E-07
    8.000000E-02    1.000000E+00    1.333021E+00    1.515152E+00    1.394711E-07
    8.000000E-02    1.000000E+00    1.333021E+00    1.616162E+00    1.021812E-07
    8.000000E-02    1.000000E+00    1.333021E+00    1.717172E+00    6.247746E-08
    8.000000E-02    1.000000E+00    1.333021E+00    1.818182E+00    2.082290E-08
    8.000000E-02    1.000000E+00    1.333021E+00    1.919192E+00   -2.205075E-08
    8.000000E-02    1.000000E+00    1.333021E+00    2.020202E+00   -6.497909E-08
    8.000000E-02    1.000000E+00    1.333021E+00    2.121212E+00   -1.066102E-07
    8.000000E-02    1.000000E+00    1.333021E+00    2.222222E+00   -1.446876E-07
    8.000000E-02    1.000000E+00    1.333021E+00    2.323232E+00   -1.776981E-07
    8.000000E-02    1.000000E+00    1.333021E+00    2.424242E+00   -2.041029E-07
    8.000000E-02    1.000000E+00    1.333021E+00    2.525253E+00   -2.228669E-07
    8.000000E-02    1.000000E+00    1.333021E+00    2.626263E+00   -2.337724E-07
    8.000000E-02    1.000000E+00    1.333021E+00    2.727273E+00   -2.372915E-07
    8.000000E-02    1.000000E+00    1.333021E+00    2.828283E+00   -2.341141E-07
    8.000000E-02    1.000000E+00    1.333021E+00    2.929293E+00   -2.240400E-07
    8.000000E-02    1.000000E+00    1.333021E+00    3.030303E+00   -2.075813E-07
    8.000000E-02    1.000000E+00    1.333021E+00    3.131313E+00   -1.854171E-07
    8.000000E-02    1.000000E+00    1.333021E+00    3.232323E+00   -1.583764E-07
    8.000000E-02    1.000000E+00    1.333021E+00    3.333333E+00   -1.291424E-07
    8.000000E-02    1.000000E+00    1.333021E+00    3.434343E+00   -1.005361E-07
    8.000000E-02    1.000000E+00    1.333021E+00    3.535354E+00   -7.514087E-08
    8.000000E-02    1.000000E+00    1.333021E+00    3.636364E+00   -5.349885E-08
    8.000000E-02    1.000000E+00    1.333021E+00    3.737374E+00   -3.711895E-08
    8.000000E-02    1.000000E+00    1.333021E+00    3.838384E+00   -2.491015E-08
    8.000000E-02    1.000000E+00    1.333021E+00    3.939394E+00   -1.530375E-08
    8.000000E-02    1.000000E+00    1.333021E+00    4.040404E+00   -9.579600E-09
    8.000000E-02    1.000000E+00    1.333021E+00    4.141414E+00   -5.500231E-09
    8.000000E-02    1.000000E+00    1.333021E+00    4.242424E+00   -3.007847E-09
    8.000000E-02    1.000000E+00    1.333021E+00    4.343434E+00   -1.617152E-09
    8.000000E-02    1.000000E+00    1.333021E+00    4.444444E+00   -7.752107E-10
    8.000000E-02    1.000000E+00    1.333021E+00    4.545455E+00   -3.788884E-10
    8.000000E-02    1.000000E+00    1.333021E+00    4.646465E+00   -1.658359E-10
    8.000000E-02    1.000000E+00    1.333021E+00    4.747475E+00   -6.823751E-11
    8.000000E-02    1.000000E+00    1.333021E+00    4.848485E+00   -2.897848E-11
    8.000000E-02    1.000000E+00    1.333021E+00    4.949495E+00   -9.088520E-12
    8.000000E-02    1.000000E+00    1.333021E+00    5.050505E+00   -3.912801E-12
    8.000000E-02    1.000000E+00    1.333021E+00    5.151515E+00   -8.701117E-13
    8.000000E-02    1.000000E+00    1.333021E+00    5.252525E+00   -3.833618E-13
    8.000000E-02    1.000000E+00    1.333021E+00    5.353535E+00   -5.938653E-14
    8.000000E-02    1.000000E+00    1.333021E+00    5.454545E+00   -2.620912E-14
    8.000000E-02    1.000000E+00    1.333021E+00    5.555556E+00   -2.933827E-15
    8.000000E-02    1.000000E+00    1.333021E+00    5.656566E+00   -1.230831E-15
    8.000000E-02    1.000000E+00    1.333021E+00    5.757576E+00   -1.086134E-16
    8.000000E-02    1.000000E+00    1.333021E+00    5.858586E+00   -3.849038E-17
    8.000000E-02    1.000000E+00    1.333021E+00    5.959596E+00   -3.126362E-18
    8.000000E-02    1.000000E+00    1.333021E+00    6.060606E+00   -5.951913E-19
    8.000000E-02    1.000000E+00    1.333021E+00    6.161616E+00   -6.742951E-20
    8.000000E-02    1.000000E+00    1.333021E+00    6.262626E+00   -3.822347E-21
    8.000000E-02    1.000000E+00    1.333021E+00    6.363636E+00   -2.676014E-22
    8.000000E-02    1.000000E+00    1.333021E+00    6.464646E+00   -3.364847E-23
    8.000000E-02    1.000000E+00    1.333021E+00    6.565657E+00   -1.331881E-24
    8.000000E-02    1.000000E+00    1.333021E+00    6.666667E+00   -9.309646E-26
    8.000000E-02    1.000000E+00    1.333021E+00    6.767677E+00   -9.534518E-27
    8.000000E-02    1.000000E+00    1.333021E+00    6.868687E+00   -6.060291E-27
    8.000000E-02    1.000000E+00    1.333021E+00    6.969697E+00   -2.586064E-27
    8.000000E-02    1.000000E+00    1.333021E+00    7.070707E+00   -7.032399E-31
    8.000000E-02    1.000000E+00    1.333021E+00    7.171717E+00   -5.673050E-31
    8.000000E-02    1.000000E+00    1.333021E+00    7.272727E+00   -4.313702E-31
    8.000000E-02    1.000000E+00    1.333021E+00    7.373737E+00   -2.954353E-31
    8.000000E-02    1.000000E+00    1.333021E+00    7.474747E+00   -1.595004E-31
    8.000000E-02    1.000000E+00    1.333021E+00    7.575758E+00   -2.356554E-32
    8.000000E-02    1.000000E+00    1.333021E+00    7.676768E+00   -9.544268E-40
    8.000000E-02    1.000000E+00    1.333021E+00    7.777778E+00   -1.024897E-39
    8.000000E-02    1.000000E+00    1.333021E+00    7.878788E+00   -1.095366E-39
    8.000000E-02    1.000000E+00    1.333021E+00    7.979798E+00   -1.165836E-39
    8.000000E-02    1.000000E+00    1.333021E+00    8.080808E+00   -1.236306E-39
    8.000000E-02    1.000000E+00    1.333021E+00    8.181818E+00   -1.306776E-39
    8.000000E-02    1.000000E+00    1.333021E+00    8.282828E+00   -1.377245E-39
    8.000000E-02    1.000000E+00    1.333021E+00    8.383838E+00   -1.450060E-39
    8.000000E-02    1.000000E+00    1.333021E+00    8.484848E+00   -1.551846E-39
    8.000000E-02    1.000000E+00    1.333021E+00    8.585859E+00   -1.653632E-39
    8.000000E-02    1.000000E+00    1.333021E+00    8.686869E+00   -1.755418E-39
    8.000000E-02    1.000000E+00    1.333021E+00    8.787879E+00   -1.857204E-39
    8.000000E-02    1.000000E+00    1.333021E+00    8.888889E+00   -1.958990E-39
    8.000000E-02    1.000000E+00    1.333021E+00    8.989899E+00   -2.060776E-39
    8.000000E-02    1.000000E+00    1.333021E+00    9.090909E+00   -2.162562E-39
    8.000000E-02    1.000000E+00    1.333021E+00    9.191919E+00   -2.264348E-39
    8.000000E-02    1.000000E+00    1.333021E+00    9.292929E+00   -2.366135E-39
    8.000000E-02    1.000000E+00    1.333021E+00    9.393939E+00   -2.470962E-39
    8.000000E-02    1.000000E+00    1.333021E+00    9.494949E+00   -2.622551E-39
    8.000000E-02    1.000000E+00    1.333021E+00    9.595960E+00   -2.774140E-39
    8.000000E-02    1.000000E+00    1.333021E+00    9.696970E+00   -2.925729E-39
    8.000000E-02    1.000000E+00    1.333021E+00    9.797980E+00   -3.077318E-39
    8.000000E-02    1.000000E+00    1.333021E+00    9.898990E+00   -3.228907E-39
    8.000000E-02    1.000000E+00    1.333021E+00    1.000000E+01   -3.380496E-39

