#     k [MeV]       Xi [MeV]       1/2/Xi [MeV-1]     e(k) [MeV]     Xi_qp [MeV]


# rho=   0.16000 temp=   0.06000
    0.159733E+01    0.732285E+02    0.682794E-02   -0.428431E+02    0.645269E+02
    0.835280E+01    0.731840E+02    0.683209E-02   -0.428009E+02    0.644847E+02
    0.202500E+02    0.729664E+02    0.685247E-02   -0.425732E+02    0.642570E+02
    0.368617E+02    0.723472E+02    0.691112E-02   -0.419381E+02    0.636220E+02
    0.575878E+02    0.710686E+02    0.703546E-02   -0.406269E+02    0.623108E+02
    0.816794E+02    0.688733E+02    0.725971E-02   -0.384175E+02    0.601014E+02
    0.108266E+03    0.655682E+02    0.762565E-02   -0.351901E+02    0.568740E+02
    0.136386E+03    0.610611E+02    0.818852E-02   -0.308913E+02    0.525752E+02
    0.165023E+03    0.554013E+02    0.902505E-02   -0.256067E+02    0.472905E+02
    0.193144E+03    0.487891E+02    0.102482E-01   -0.195710E+02    0.412548E+02
    0.219730E+03    0.415718E+02    0.120274E-01   -0.131419E+02    0.348257E+02
    0.243821E+03    0.342145E+02    0.146137E-01   -0.667859E+01    0.283624E+02
    0.264548E+03    0.272581E+02    0.183432E-01   -0.653112E+00    0.223369E+02
    0.281159E+03    0.212510E+02    0.235283E-01    0.443995E+01    0.172439E+02
    0.293056E+03    0.167066E+02    0.299282E-01    0.826228E+01    0.134216E+02
    0.299812E+03    0.140340E+02    0.356276E-01    0.105007E+02    0.111831E+02
    0.301481E+03    0.133626E+02    0.374177E-01    0.110621E+02    0.106217E+02
    0.301788E+03    0.132388E+02    0.377678E-01    0.111657E+02    0.105181E+02
    0.302335E+03    0.130178E+02    0.384088E-01    0.113506E+02    0.103333E+02
    0.303113E+03    0.127029E+02    0.393610E-01    0.116141E+02    0.100697E+02
    0.304109E+03    0.122981E+02    0.406567E-01    0.119528E+02    0.973101E+01
    0.305307E+03    0.118086E+02    0.423422E-01    0.123618E+02    0.932207E+01
    0.306688E+03    0.112425E+02    0.444740E-01    0.128351E+02    0.884876E+01
    0.308228E+03    0.106074E+02    0.471369E-01    0.133657E+02    0.831809E+01
    0.309902E+03    0.991200E+01    0.504439E-01    0.139457E+02    0.773808E+01
    0.311684E+03    0.916903E+01    0.545314E-01    0.145662E+02    0.711765E+01
    0.313542E+03    0.838593E+01    0.596237E-01    0.152173E+02    0.646651E+01
    0.315448E+03    0.757936E+01    0.659687E-01    0.158888E+02    0.579505E+01
    0.317370E+03    0.675393E+01    0.740310E-01    0.165696E+02    0.511422E+01
    0.319276E+03    0.593736E+01    0.842126E-01    0.172485E+02    0.443531E+01
    0.321135E+03    0.513649E+01    0.973428E-01    0.179140E+02    0.376980E+01
    0.322916E+03    0.436352E+01    0.114586E+00    0.185548E+02    0.312902E+01
    0.324591E+03    0.363449E+01    0.137571E+00    0.191599E+02    0.252397E+01
    0.326131E+03    0.296497E+01    0.168636E+00    0.197187E+02    0.196509E+01
    0.327511E+03    0.237143E+01    0.210844E+00    0.202217E+02    0.146213E+01
    0.328709E+03    0.187257E+01    0.267012E+00    0.206598E+02    0.102399E+01
    0.329705E+03    0.149076E+01    0.335398E+00    0.210253E+02    0.658569E+00
    0.330483E+03    0.124290E+01    0.402284E+00    0.213114E+02    0.373930E+00
    0.331030E+03    0.110533E+01    0.452355E+00    0.215129E+02    0.191917E+00
    0.331337E+03    0.979777E+00    0.510320E+00    0.216262E+02    0.129090E+00
    0.331481E+03    0.368736E+00    0.135598E+01    0.216795E+02    0.120052E+00
    0.331788E+03    0.122862E+01    0.406959E+00    0.217929E+02    0.151371E+00
    0.332335E+03    0.124055E+01    0.403046E+00    0.219953E+02    0.314933E+00
    0.333113E+03    0.144145E+01    0.346873E+00    0.222837E+02    0.599961E+00
    0.334109E+03    0.180448E+01    0.277088E+00    0.226542E+02    0.970356E+00
    0.335307E+03    0.229968E+01    0.217422E+00    0.231013E+02    0.141745E+01
    0.336688E+03    0.289988E+01    0.172421E+00    0.236185E+02    0.193465E+01
    0.338228E+03    0.358564E+01    0.139445E+00    0.241981E+02    0.251429E+01
    0.339902E+03    0.434113E+01    0.115177E+00    0.248315E+02    0.314764E+01
    0.341684E+03    0.515150E+01    0.970591E-01    0.255088E+02    0.382500E+01
    0.343542E+03    0.600095E+01    0.833201E-01    0.262197E+02    0.453583E+01
    0.345448E+03    0.687847E+01    0.726906E-01    0.269527E+02    0.526887E+01
    0.347370E+03    0.777382E+01    0.643184E-01    0.276962E+02    0.601233E+01
    0.349276E+03    0.866060E+01    0.577327E-01    0.284379E+02    0.675407E+01
    0.351135E+03    0.952961E+01    0.524680E-01    0.291656E+02    0.748182E+01
    0.352916E+03    0.103671E+02    0.482294E-01    0.298672E+02    0.818335E+01
    0.354591E+03    0.111559E+02    0.448192E-01    0.305305E+02    0.884664E+01
    0.356131E+03    0.118860E+02    0.420663E-01    0.311439E+02    0.946007E+01
    0.357511E+03    0.125412E+02    0.398687E-01    0.316965E+02    0.100127E+02
    0.358709E+03    0.131127E+02    0.381311E-01    0.321783E+02    0.104944E+02
    0.359705E+03    0.135888E+02    0.367951E-01    0.325804E+02    0.108965E+02
    0.360483E+03    0.139610E+02    0.358142E-01    0.328953E+02    0.112115E+02
    0.361030E+03    0.142233E+02    0.351535E-01    0.331172E+02    0.114333E+02
    0.361337E+03    0.143708E+02    0.347928E-01    0.332419E+02    0.115581E+02
    0.362070E+03    0.147234E+02    0.339595E-01    0.335403E+02    0.118564E+02
    0.364885E+03    0.160825E+02    0.310896E-01    0.346933E+02    0.130094E+02
    0.369929E+03    0.185398E+02    0.269690E-01    0.367854E+02    0.151016E+02
    0.377166E+03    0.221178E+02    0.226062E-01    0.398434E+02    0.181596E+02
    0.386549E+03    0.268482E+02    0.186232E-01    0.439084E+02    0.222246E+02
    0.398020E+03    0.327702E+02    0.152578E-01    0.490438E+02    0.273599E+02
    0.411514E+03    0.399326E+02    0.125211E-01    0.553117E+02    0.336279E+02
    0.426963E+03    0.483890E+02    0.103329E-01    0.628121E+02    0.411282E+02
    0.444300E+03    0.582014E+02    0.859085E-02    0.716500E+02    0.499661E+02
    0.463462E+03    0.694328E+02    0.720121E-02    0.819296E+02    0.602457E+02
    0.484394E+03    0.821530E+02    0.608621E-02    0.937384E+02    0.720546E+02
    0.507052E+03    0.964278E+02    0.518523E-02    0.107122E+03    0.854384E+02
    0.531403E+03    0.112324E+03    0.445141E-02    0.122105E+03    0.100421E+03
    0.557434E+03    0.129906E+03    0.384895E-02    0.138691E+03    0.117007E+03
    0.585148E+03    0.149234E+03    0.335044E-02    0.156916E+03    0.135232E+03
    0.614570E+03    0.170381E+03    0.293460E-02    0.176854E+03    0.155170E+03
    0.645748E+03    0.193425E+03    0.258498E-02    0.198662E+03    0.176978E+03
    0.678760E+03    0.218476E+03    0.228858E-02    0.222614E+03    0.200930E+03
    0.713712E+03    0.245696E+03    0.203504E-02    0.249117E+03    0.227434E+03
    0.750750E+03    0.275342E+03    0.181593E-02    0.278590E+03    0.256906E+03
    0.790063E+03    0.307773E+03    0.162457E-02    0.311625E+03    0.289941E+03
    0.831890E+03    0.343518E+03    0.145553E-02    0.348974E+03    0.327290E+03
    0.876538E+03    0.383301E+03    0.130446E-02    0.391090E+03    0.369406E+03
    0.924398E+03    0.428057E+03    0.116807E-02    0.439106E+03    0.417422E+03
    0.975968E+03    0.478995E+03    0.104385E-02    0.493926E+03    0.472242E+03
    0.103189E+04    0.537670E+03    0.929938E-03    0.557345E+03    0.535661E+03
    0.109301E+04    0.606090E+03    0.824959E-03    0.630285E+03    0.608602E+03
    0.116045E+04    0.687024E+03    0.727777E-03    0.714866E+03    0.693183E+03
    0.123576E+04    0.784156E+03    0.637629E-03    0.814901E+03    0.793217E+03
    0.132113E+04    0.902473E+03    0.554033E-03    0.931793E+03    0.910109E+03
    0.141985E+04    0.104887E+04    0.476702E-03    0.107566E+04    0.105398E+04
    0.153707E+04    0.123497E+04    0.404868E-03    0.125877E+04    0.123708E+04
    0.168162E+04    0.148309E+04    0.337134E-03    0.150511E+04    0.148343E+04
    0.187067E+04    0.184055E+04    0.271658E-03    0.186227E+04    0.184058E+04
    0.214494E+04    0.242664E+04    0.206046E-03    0.244833E+04    0.242664E+04
    0.265127E+04    0.371898E+04    0.134445E-03    0.374066E+04    0.371898E+04
