#     k [MeV]       Xi [MeV]       1/2/Xi [MeV-1]     e(k) [MeV]     Xi_qp [MeV]


# rho=   0.05000 temp=   0.10000
    0.103286E+01    0.298280E+02    0.167628E-01   -0.156596E+02    0.265989E+02
    0.540105E+01    0.298122E+02    0.167717E-01   -0.156424E+02    0.265816E+02
    0.130940E+02    0.297328E+02    0.168164E-01   -0.155536E+02    0.264929E+02
    0.238353E+02    0.295100E+02    0.169434E-01   -0.153143E+02    0.262535E+02
    0.372372E+02    0.290464E+02    0.172138E-01   -0.148197E+02    0.257590E+02
    0.528151E+02    0.282498E+02    0.176992E-01   -0.139640E+02    0.249033E+02
    0.700062E+02    0.270522E+02    0.184828E-01   -0.126867E+02    0.236260E+02
    0.881891E+02    0.254148E+02    0.196736E-01   -0.109961E+02    0.219354E+02
    0.106707E+03    0.233501E+02    0.214132E-01   -0.896796E+01    0.199072E+02
    0.124890E+03    0.209330E+02    0.238857E-01   -0.670133E+01    0.176406E+02
    0.142081E+03    0.182876E+02    0.273409E-01   -0.429345E+01    0.152327E+02
    0.157659E+03    0.155850E+02    0.320822E-01   -0.189843E+01    0.128377E+02
    0.171060E+03    0.130236E+02    0.383918E-01    0.314925E+00    0.106243E+02
    0.181802E+03    0.108100E+02    0.462534E-01    0.219826E+01    0.874100E+01
    0.189495E+03    0.913434E+01    0.547385E-01    0.361288E+01    0.732638E+01
    0.193863E+03    0.814741E+01    0.613692E-01    0.444072E+01    0.649855E+01
    0.194968E+03    0.789421E+01    0.633376E-01    0.465288E+01    0.628639E+01
    0.195275E+03    0.782362E+01    0.639091E-01    0.471199E+01    0.622728E+01
    0.195822E+03    0.769766E+01    0.649548E-01    0.481752E+01    0.612174E+01
    0.196600E+03    0.751745E+01    0.665119E-01    0.496812E+01    0.597115E+01
    0.197596E+03    0.728503E+01    0.686339E-01    0.516178E+01    0.577749E+01
    0.198794E+03    0.700276E+01    0.714004E-01    0.539588E+01    0.554339E+01
    0.200174E+03    0.667476E+01    0.749091E-01    0.566720E+01    0.527207E+01
    0.201714E+03    0.630723E+01    0.792741E-01    0.597192E+01    0.496734E+01
    0.203389E+03    0.590609E+01    0.846584E-01    0.630568E+01    0.463359E+01
    0.205170E+03    0.547494E+01    0.913252E-01    0.666354E+01    0.427573E+01
    0.207029E+03    0.501916E+01    0.996183E-01    0.704012E+01    0.389915E+01
    0.208935E+03    0.454604E+01    0.109986E+00    0.742961E+01    0.350966E+01
    0.210857E+03    0.406341E+01    0.123049E+00    0.782586E+01    0.311341E+01
    0.212763E+03    0.357935E+01    0.139690E+00    0.822247E+01    0.271680E+01
    0.214621E+03    0.310206E+01    0.161183E+00    0.861285E+01    0.232642E+01
    0.216403E+03    0.263983E+01    0.189406E+00    0.899034E+01    0.194893E+01
    0.218077E+03    0.220137E+01    0.227131E+00    0.934832E+01    0.159095E+01
    0.219617E+03    0.179558E+01    0.278461E+00    0.968033E+01    0.125895E+01
    0.220998E+03    0.143252E+01    0.349036E+00    0.998021E+01    0.959192E+00
    0.222196E+03    0.112515E+01    0.444384E+00    0.102423E+02    0.698309E+00
    0.223192E+03    0.889158E+00    0.562330E+00    0.104614E+02    0.485935E+00
    0.223970E+03    0.734602E+00    0.680641E+00    0.106334E+02    0.336010E+00
    0.224517E+03    0.664728E+00    0.752188E+00    0.107547E+02    0.253793E+00
    0.224824E+03    0.650753E+00    0.768341E+00    0.108229E+02    0.222062E+00
    0.224968E+03    0.636090E+00    0.786053E+00    0.108551E+02    0.211676E+00
    0.225275E+03    0.460068E+00    0.108680E+01    0.109235E+02    0.200415E+00
    0.225822E+03    0.618883E+00    0.807907E+00    0.110456E+02    0.218514E+00
    0.226600E+03    0.704583E+00    0.709639E+00    0.112201E+02    0.316844E+00
    0.227596E+03    0.896603E+00    0.557661E+00    0.114445E+02    0.511721E+00
    0.228794E+03    0.119011E+01    0.420130E+00    0.117160E+02    0.777402E+00
    0.230174E+03    0.155734E+01    0.321061E+00    0.120310E+02    0.109179E+01
    0.231714E+03    0.197870E+01    0.252692E+00    0.123852E+02    0.144593E+01
    0.233389E+03    0.244198E+01    0.204752E+00    0.127736E+02    0.183430E+01
    0.235170E+03    0.293859E+01    0.170150E+00    0.131905E+02    0.225120E+01
    0.237029E+03    0.346017E+01    0.144502E+00    0.136296E+02    0.269035E+01
    0.238935E+03    0.399830E+01    0.125053E+00    0.140842E+02    0.314491E+01
    0.240857E+03    0.454434E+01    0.110027E+00    0.145469E+02    0.360763E+01
    0.242763E+03    0.508911E+01    0.982491E-01    0.150102E+02    0.407095E+01
    0.244621E+03    0.562293E+01    0.889216E-01    0.154664E+02    0.452713E+01
    0.246403E+03    0.613619E+01    0.814838E-01    0.159076E+02    0.496832E+01
    0.248077E+03    0.662433E+01    0.754794E-01    0.163260E+02    0.538671E+01
    0.249617E+03    0.707749E+01    0.706465E-01    0.167140E+02    0.577471E+01
    0.250998E+03    0.748298E+01    0.668183E-01    0.170644E+02    0.612510E+01
    0.252196E+03    0.783596E+01    0.638084E-01    0.173705E+02    0.643124E+01
    0.253192E+03    0.813175E+01    0.614874E-01    0.176265E+02    0.668722E+01
    0.253970E+03    0.836365E+01    0.597825E-01    0.178273E+02    0.688804E+01
    0.254517E+03    0.852690E+01    0.586379E-01    0.179690E+02    0.702969E+01
    0.254824E+03    0.861845E+01    0.580151E-01    0.180486E+02    0.710936E+01
    0.255341E+03    0.877302E+01    0.569929E-01    0.181834E+02    0.724409E+01
    0.257240E+03    0.934197E+01    0.535219E-01    0.186806E+02    0.774136E+01
    0.260641E+03    0.103725E+02    0.482044E-01    0.195847E+02    0.864541E+01
    0.265522E+03    0.118723E+02    0.421147E-01    0.209137E+02    0.997440E+01
    0.271850E+03    0.138559E+02    0.360858E-01    0.226952E+02    0.117559E+02
    0.279586E+03    0.163408E+02    0.305982E-01    0.249649E+02    0.140256E+02
    0.288686E+03    0.193502E+02    0.258396E-01    0.277542E+02    0.168150E+02
    0.299105E+03    0.229108E+02    0.218238E-01    0.310881E+02    0.201489E+02
    0.310797E+03    0.270541E+02    0.184815E-01    0.350231E+02    0.240838E+02
    0.323719E+03    0.318157E+02    0.157155E-01    0.396233E+02    0.286840E+02
    0.337836E+03    0.372337E+02    0.134287E-01    0.449293E+02    0.339900E+02
    0.353116E+03    0.433517E+02    0.115336E-01    0.510126E+02    0.400733E+02
    0.369539E+03    0.502191E+02    0.995638E-02    0.578402E+02    0.469009E+02
    0.387094E+03    0.578912E+02    0.863689E-02    0.654661E+02    0.545268E+02
    0.405784E+03    0.664313E+02    0.752658E-02    0.739209E+02    0.629816E+02
    0.425626E+03    0.759130E+02    0.658649E-02    0.832718E+02    0.723325E+02
    0.446652E+03    0.864229E+02    0.578551E-02    0.935988E+02    0.826595E+02
    0.468915E+03    0.980628E+02    0.509877E-02    0.105008E+03    0.940683E+02
    0.492487E+03    0.110956E+03    0.450630E-02    0.117625E+03    0.106685E+03
    0.517465E+03    0.125252E+03    0.399197E-02    0.131601E+03    0.120662E+03
    0.543977E+03    0.141134E+03    0.354273E-02    0.147137E+03    0.136198E+03
    0.572185E+03    0.158832E+03    0.314799E-02    0.164480E+03    0.153541E+03
    0.602296E+03    0.178625E+03    0.279916E-02    0.183927E+03    0.172988E+03
    0.634572E+03    0.200860E+03    0.248930E-02    0.205847E+03    0.194908E+03
    0.669350E+03    0.225962E+03    0.221276E-02    0.230490E+03    0.219551E+03
    0.707063E+03    0.254469E+03    0.196487E-02    0.258541E+03    0.247602E+03
    0.748280E+03    0.287071E+03    0.174173E-02    0.290531E+03    0.279592E+03
    0.793761E+03    0.324701E+03    0.153988E-02    0.327860E+03    0.316921E+03
    0.844549E+03    0.368769E+03    0.135586E-02    0.371649E+03    0.360710E+03
    0.902128E+03    0.421480E+03    0.118630E-02    0.425281E+03    0.414341E+03
    0.968702E+03    0.486498E+03    0.102775E-02    0.491484E+03    0.480544E+03
    0.104775E+04    0.570157E+03    0.876951E-03    0.577737E+03    0.566798E+03
    0.114524E+04    0.683769E+03    0.731241E-03    0.695164E+03    0.684225E+03
    0.127273E+04    0.849255E+03    0.588751E-03    0.862648E+03    0.851709E+03
    0.145770E+04    0.111952E+04    0.446622E-03    0.113172E+04    0.112079E+04
    0.179917E+04    0.171167E+04    0.292113E-03    0.172261E+04    0.171167E+04
