    0.881146E-01    0.337892E+02
    0.463865E+00    0.337877E+02
    0.113821E+01    0.337851E+02
    0.210848E+01    0.337812E+02
    0.337062E+01    0.337763E+02
    0.491934E+01    0.337701E+02
    0.674814E+01    0.337562E+02
    0.884936E+01    0.337330E+02
    0.112142E+02    0.337070E+02
    0.138327E+02    0.336782E+02
    0.166939E+02    0.336175E+02
    0.197858E+02    0.335495E+02
    0.230954E+02    0.334767E+02
    0.266089E+02    0.333838E+02
    0.303115E+02    0.332472E+02
    0.341877E+02    0.331042E+02
    0.382212E+02    0.329554E+02
    0.423952E+02    0.327573E+02
    0.466920E+02    0.325218E+02
    0.510937E+02    0.322806E+02
    0.555818E+02    0.320347E+02
    0.601375E+02    0.317146E+02
    0.647417E+02    0.313698E+02
    0.693750E+02    0.310228E+02
    0.740181E+02    0.306751E+02
    0.786515E+02    0.302497E+02
    0.832557E+02    0.298041E+02
    0.878114E+02    0.293632E+02
    0.922995E+02    0.289288E+02
    0.967012E+02    0.284538E+02
    0.100998E+03    0.279395E+02
    0.105172E+03    0.274399E+02
    0.109205E+03    0.269570E+02
    0.113082E+03    0.264930E+02
    0.116784E+03    0.259949E+02
    0.120298E+03    0.254926E+02
    0.123607E+03    0.250195E+02
    0.126699E+03    0.245775E+02
    0.129560E+03    0.241685E+02
    0.132179E+03    0.237942E+02
    0.134544E+03    0.234419E+02
    0.136645E+03    0.230935E+02
    0.138474E+03    0.227903E+02
    0.140023E+03    0.225335E+02
    0.141285E+03    0.223243E+02
    0.142255E+03    0.221634E+02
    0.142929E+03    0.220516E+02
    0.143305E+03    0.219893E+02
    0.143407E+03    0.219725E+02
    0.143463E+03    0.219630E+02
    0.143566E+03    0.219461E+02
    0.143714E+03    0.219216E+02
    0.143907E+03    0.218896E+02
    0.144145E+03    0.218501E+02
    0.144427E+03    0.218032E+02
    0.144755E+03    0.217490E+02
    0.145126E+03    0.216874E+02
    0.145542E+03    0.216185E+02
    0.146000E+03    0.215424E+02
    0.146502E+03    0.214592E+02
    0.147046E+03    0.213690E+02
    0.147633E+03    0.212718E+02
    0.148260E+03    0.211677E+02
    0.148929E+03    0.210569E+02
    0.149637E+03    0.209394E+02
    0.150385E+03    0.208154E+02
    0.151172E+03    0.206850E+02
    0.151997E+03    0.205483E+02
    0.152858E+03    0.203946E+02
    0.153756E+03    0.202265E+02
    0.154690E+03    0.200518E+02
    0.155658E+03    0.198706E+02
    0.156659E+03    0.196831E+02
    0.157693E+03    0.194896E+02
    0.158759E+03    0.192901E+02
    0.159855E+03    0.190849E+02
    0.160981E+03    0.188742E+02
    0.162135E+03    0.186582E+02
    0.163316E+03    0.184371E+02
    0.164523E+03    0.182112E+02
    0.165755E+03    0.179805E+02
    0.167011E+03    0.177455E+02
    0.168289E+03    0.175062E+02
    0.169589E+03    0.172527E+02
    0.170908E+03    0.169804E+02
    0.172246E+03    0.167042E+02
    0.173602E+03    0.164244E+02
    0.174973E+03    0.161413E+02
    0.176359E+03    0.158551E+02
    0.177759E+03    0.155662E+02
    0.179170E+03    0.152749E+02
    0.180592E+03    0.149813E+02
    0.182023E+03    0.146859E+02
    0.183462E+03    0.143883E+02
    0.184907E+03    0.140661E+02
    0.186358E+03    0.137428E+02
    0.187812E+03    0.134187E+02
    0.189268E+03    0.130942E+02
    0.190724E+03    0.127694E+02
    0.192180E+03    0.124449E+02
    0.193634E+03    0.121208E+02
    0.195084E+03    0.117957E+02
    0.196530E+03    0.114547E+02
    0.197969E+03    0.111152E+02
    0.199400E+03    0.107776E+02
    0.200822E+03    0.104421E+02
    0.202233E+03    0.101092E+02
    0.203633E+03    0.977517E+01
    0.205019E+03    0.943592E+01
    0.206390E+03    0.910026E+01
    0.207746E+03    0.876852E+01
    0.209084E+03    0.843616E+01
    0.210403E+03    0.810522E+01
    0.211703E+03    0.777706E+01
    0.212981E+03    0.745200E+01
    0.214237E+03    0.713019E+01
    0.215469E+03    0.681206E+01
    0.216676E+03    0.649836E+01
    0.217857E+03    0.618978E+01
    0.219011E+03    0.588637E+01
    0.220137E+03    0.558810E+01
    0.221233E+03    0.529668E+01
    0.222299E+03    0.501067E+01
    0.223333E+03    0.473222E+01
    0.224334E+03    0.446046E+01
    0.225302E+03    0.419701E+01
    0.226236E+03    0.394160E+01
    0.227134E+03    0.369547E+01
    0.227995E+03    0.345839E+01
    0.228820E+03    0.323156E+01
    0.229607E+03    0.301543E+01
    0.230355E+03    0.280994E+01
    0.231063E+03    0.261804E+01
    0.231732E+03    0.243765E+01
    0.232359E+03    0.227067E+01
    0.232945E+03    0.211984E+01
    0.233490E+03    0.197982E+01
    0.233992E+03    0.185759E+01
    0.234450E+03    0.175071E+01
    0.234866E+03    0.165395E+01
    0.235237E+03    0.157299E+01
    0.235565E+03    0.150906E+01
    0.235847E+03    0.145384E+01
    0.236085E+03    0.140736E+01
    0.236278E+03    0.136967E+01
    0.236426E+03    0.134791E+01
    0.236528E+03    0.133313E+01
    0.236585E+03    0.132492E+01
    0.236599E+03    0.132289E+01
    0.236602E+03    0.132247E+01
    0.236608E+03    0.132171E+01
    0.236615E+03    0.132062E+01
    0.236625E+03    0.131919E+01
    0.236637E+03    0.131743E+01
    0.236652E+03    0.131534E+01
    0.236669E+03    0.131291E+01
    0.236688E+03    0.131017E+01
    0.236709E+03    0.130709E+01
    0.236732E+03    0.130370E+01
    0.236758E+03    0.129998E+01
    0.236786E+03    0.129595E+01
    0.236816E+03    0.129161E+01
    0.236848E+03    0.128697E+01
    0.236883E+03    0.128202E+01
    0.236919E+03    0.127678E+01
    0.236957E+03    0.127124E+01
    0.236998E+03    0.126542E+01
    0.237040E+03    0.125932E+01
    0.237084E+03    0.125294E+01
    0.237130E+03    0.124629E+01
    0.237178E+03    0.123938E+01
    0.237228E+03    0.123222E+01
    0.237279E+03    0.122481E+01
    0.237332E+03    0.121966E+01
    0.237387E+03    0.121462E+01
    0.237443E+03    0.120943E+01
    0.237501E+03    0.120411E+01
    0.237560E+03    0.119865E+01
    0.237620E+03    0.119307E+01
    0.237682E+03    0.118736E+01
    0.237745E+03    0.118153E+01
    0.237810E+03    0.117559E+01
    0.237875E+03    0.116954E+01
    0.237942E+03    0.116340E+01
    0.238010E+03    0.115716E+01
    0.238078E+03    0.115095E+01
    0.238148E+03    0.114504E+01
    0.238218E+03    0.113905E+01
    0.238289E+03    0.113301E+01
    0.238361E+03    0.112690E+01
    0.238433E+03    0.112075E+01
    0.238506E+03    0.111455E+01
    0.238580E+03    0.110830E+01
    0.238654E+03    0.110087E+01
    0.238728E+03    0.109267E+01
    0.238802E+03    0.108445E+01
    0.238877E+03    0.107621E+01
    0.238951E+03    0.111348E+01
    0.239026E+03    0.119902E+01
    0.239101E+03    0.121302E+01
    0.239175E+03    0.116717E+01
    0.239250E+03    0.112143E+01
    0.239324E+03    0.107585E+01
    0.239397E+03    0.105371E+01
    0.239471E+03    0.106457E+01
    0.239544E+03    0.107535E+01
    0.239616E+03    0.108605E+01
    0.239688E+03    0.109666E+01
    0.239759E+03    0.110716E+01
    0.239829E+03    0.111756E+01
    0.239899E+03    0.112784E+01
    0.239967E+03    0.113315E+01
    0.240035E+03    0.113715E+01
    0.240102E+03    0.114108E+01
    0.240167E+03    0.114495E+01
    0.240232E+03    0.114876E+01
    0.240295E+03    0.115249E+01
    0.240357E+03    0.115615E+01
    0.240417E+03    0.115973E+01
    0.240477E+03    0.116322E+01
    0.240534E+03    0.116663E+01
    0.240591E+03    0.116995E+01
    0.240645E+03    0.117318E+01
    0.240698E+03    0.117683E+01
    0.240750E+03    0.118355E+01
    0.240799E+03    0.119005E+01
    0.240847E+03    0.119632E+01
    0.240893E+03    0.120235E+01
    0.240937E+03    0.120813E+01
    0.240980E+03    0.121367E+01
    0.241020E+03    0.121895E+01
    0.241058E+03    0.122397E+01
    0.241095E+03    0.122873E+01
    0.241129E+03    0.123321E+01
    0.241161E+03    0.123743E+01
    0.241191E+03    0.124136E+01
    0.241219E+03    0.124502E+01
    0.241245E+03    0.124838E+01
    0.241268E+03    0.125146E+01
    0.241290E+03    0.125425E+01
    0.241309E+03    0.125675E+01
    0.241325E+03    0.125894E+01
    0.241340E+03    0.126084E+01
    0.241352E+03    0.126244E+01
    0.241362E+03    0.126373E+01
    0.241370E+03    0.126473E+01
    0.241375E+03    0.126541E+01
    0.241378E+03    0.126580E+01
    0.241436E+03    0.127338E+01
    0.241680E+03    0.130535E+01
    0.242118E+03    0.138744E+01
    0.242749E+03    0.150613E+01
    0.243569E+03    0.169147E+01
    0.244576E+03    0.193621E+01
    0.245765E+03    0.225097E+01
    0.247131E+03    0.263725E+01
    0.248668E+03    0.308415E+01
    0.250370E+03    0.358809E+01
    0.252230E+03    0.414522E+01
    0.254239E+03    0.475252E+01
    0.256391E+03    0.540694E+01
    0.258674E+03    0.610617E+01
    0.261081E+03    0.684976E+01
    0.263601E+03    0.763374E+01
    0.266222E+03    0.845661E+01
    0.268935E+03    0.931539E+01
    0.271728E+03    0.102085E+02
    0.274589E+03    0.111319E+02
    0.277507E+03    0.120850E+02
    0.280468E+03    0.130562E+02
    0.283461E+03    0.140565E+02
    0.286472E+03    0.150631E+02
    0.289490E+03    0.160928E+02
    0.292502E+03    0.171250E+02
    0.295495E+03    0.181532E+02
    0.298456E+03    0.191989E+02
    0.301373E+03    0.202291E+02
    0.304234E+03    0.212394E+02
    0.307027E+03    0.222513E+02
    0.309740E+03    0.232425E+02
    0.312362E+03    0.242004E+02
    0.314882E+03    0.251210E+02
    0.317288E+03    0.260179E+02
    0.319572E+03    0.268840E+02
    0.321723E+03    0.276998E+02
    0.323733E+03    0.284620E+02
    0.325593E+03    0.291673E+02
    0.327295E+03    0.298128E+02
    0.328832E+03    0.304015E+02
    0.330198E+03    0.309406E+02
    0.331386E+03    0.314099E+02
    0.332393E+03    0.318072E+02
    0.333214E+03    0.321311E+02
    0.333844E+03    0.323800E+02
    0.334283E+03    0.325530E+02
    0.334527E+03    0.326495E+02
    0.335217E+03    0.329218E+02
    0.337906E+03    0.339833E+02
    0.342697E+03    0.358830E+02
    0.349514E+03    0.386893E+02
    0.358244E+03    0.423018E+02
    0.368743E+03    0.468164E+02
    0.380840E+03    0.521624E+02
    0.394336E+03    0.583009E+02
    0.409008E+03    0.652032E+02
    0.424617E+03    0.728747E+02
    0.440906E+03    0.811567E+02
    0.457608E+03    0.899322E+02
    0.474448E+03    0.990527E+02
    0.491149E+03    0.108481E+03
    0.507438E+03    0.117960E+03
    0.523047E+03    0.127218E+03
    0.537720E+03    0.136292E+03
    0.551216E+03    0.144720E+03
    0.563312E+03    0.152550E+03
    0.573812E+03    0.159346E+03
    0.582542E+03    0.165180E+03
    0.589358E+03    0.169800E+03
    0.594150E+03    0.173047E+03
    0.596839E+03    0.174870E+03
    0.598909E+03    0.176273E+03
    0.605021E+03    0.180416E+03
    0.615911E+03    0.188100E+03
    0.631403E+03    0.199101E+03
    0.651243E+03    0.213626E+03
    0.675106E+03    0.231475E+03
    0.702599E+03    0.252963E+03
    0.733270E+03    0.277873E+03
    0.766618E+03    0.306002E+03
    0.802093E+03    0.337106E+03
    0.839113E+03    0.370945E+03
    0.877071E+03    0.407534E+03
    0.915343E+03    0.445778E+03
    0.953301E+03    0.484890E+03
    0.990322E+03    0.525385E+03
    0.102580E+04    0.564482E+03
    0.105914E+04    0.603849E+03
    0.108982E+04    0.640261E+03
    0.111731E+04    0.673401E+03
    0.114117E+04    0.704219E+03
    0.116101E+04    0.729842E+03
    0.117650E+04    0.749849E+03
    0.118739E+04    0.763913E+03
    0.119351E+04    0.771807E+03
    0.120921E+04    0.792094E+03
    0.126989E+04    0.877679E+03
    0.137812E+04    0.103698E+04
    0.153264E+04    0.128648E+04
    0.173226E+04    0.166668E+04
    0.197642E+04    0.214448E+04
    0.226583E+04    0.281852E+04
    0.260322E+04    0.372039E+04
    0.299407E+04    0.492139E+04
    0.344762E+04    0.652537E+04
    0.397841E+04    0.868929E+04
    0.460841E+04    0.116592E+05
    0.537076E+04    0.158357E+05
    0.631590E+04    0.218996E+05
    0.752252E+04    0.310665E+05
    0.911771E+04    0.456390E+05
    0.113165E+05    0.703057E+05
    0.145054E+05    0.115511E+06
    0.194349E+05    0.207361E+06
    0.277229E+05    0.421933E+06
    0.434040E+05    0.103425E+07
    0.790119E+05    0.342728E+07
    0.191387E+06    0.201089E+08
    0.100000E+07    0.548991E+09
