    0.769752E-01    0.252997E+02
    0.405223E+00    0.252988E+02
    0.994321E+00    0.252973E+02
    0.184193E+01    0.252950E+02
    0.294451E+01    0.252918E+02
    0.429744E+01    0.252866E+02
    0.589505E+01    0.252779E+02
    0.773063E+01    0.252638E+02
    0.979649E+01    0.252430E+02
    0.120840E+02    0.252143E+02
    0.145835E+02    0.251765E+02
    0.172845E+02    0.251281E+02
    0.201757E+02    0.250674E+02
    0.232450E+02    0.249930E+02
    0.264796E+02    0.249032E+02
    0.298657E+02    0.247968E+02
    0.333893E+02    0.246723E+02
    0.370356E+02    0.245289E+02
    0.407892E+02    0.243656E+02
    0.446344E+02    0.241816E+02
    0.485552E+02    0.239765E+02
    0.525349E+02    0.237500E+02
    0.565571E+02    0.235024E+02
    0.606047E+02    0.232343E+02
    0.646608E+02    0.229468E+02
    0.687084E+02    0.226411E+02
    0.727305E+02    0.223187E+02
    0.767103E+02    0.219815E+02
    0.806310E+02    0.216315E+02
    0.844763E+02    0.212712E+02
    0.882299E+02    0.209031E+02
    0.918761E+02    0.205299E+02
    0.953997E+02    0.201545E+02
    0.987859E+02    0.197802E+02
    0.102020E+03    0.194100E+02
    0.105090E+03    0.190475E+02
    0.107981E+03    0.186958E+02
    0.110682E+03    0.183584E+02
    0.113181E+03    0.180385E+02
    0.115469E+03    0.177393E+02
    0.117535E+03    0.174638E+02
    0.119370E+03    0.172148E+02
    0.120968E+03    0.169947E+02
    0.122321E+03    0.168061E+02
    0.123424E+03    0.166507E+02
    0.124271E+03    0.165302E+02
    0.124860E+03    0.164460E+02
    0.125188E+03    0.163990E+02
    0.125277E+03    0.163862E+02
    0.125327E+03    0.163791E+02
    0.125416E+03    0.163662E+02
    0.125545E+03    0.163476E+02
    0.125714E+03    0.163233E+02
    0.125922E+03    0.162933E+02
    0.126169E+03    0.162575E+02
    0.126455E+03    0.162161E+02
    0.126779E+03    0.161689E+02
    0.127142E+03    0.161160E+02
    0.127543E+03    0.160574E+02
    0.127981E+03    0.159930E+02
    0.128457E+03    0.159230E+02
    0.128969E+03    0.158473E+02
    0.129517E+03    0.157659E+02
    0.130101E+03    0.156787E+02
    0.130720E+03    0.155860E+02
    0.131374E+03    0.154875E+02
    0.132061E+03    0.153834E+02
    0.132781E+03    0.152737E+02
    0.133534E+03    0.151584E+02
    0.134319E+03    0.150375E+02
    0.135134E+03    0.149110E+02
    0.135980E+03    0.147791E+02
    0.136854E+03    0.146417E+02
    0.137758E+03    0.144988E+02
    0.138689E+03    0.143505E+02
    0.139646E+03    0.141969E+02
    0.140630E+03    0.140381E+02
    0.141638E+03    0.138740E+02
    0.142669E+03    0.137048E+02
    0.143724E+03    0.135306E+02
    0.144800E+03    0.133513E+02
    0.145898E+03    0.131672E+02
    0.147014E+03    0.129783E+02
    0.148149E+03    0.127847E+02
    0.149302E+03    0.125865E+02
    0.150471E+03    0.123839E+02
    0.151655E+03    0.121769E+02
    0.152853E+03    0.119657E+02
    0.154064E+03    0.117504E+02
    0.155286E+03    0.115313E+02
    0.156519E+03    0.113083E+02
    0.157762E+03    0.110818E+02
    0.159012E+03    0.108518E+02
    0.160269E+03    0.106186E+02
    0.161532E+03    0.103823E+02
    0.162798E+03    0.101432E+02
    0.164069E+03    0.990146E+01
    0.165340E+03    0.965732E+01
    0.166613E+03    0.941100E+01
    0.167885E+03    0.916274E+01
    0.169155E+03    0.891276E+01
    0.170422E+03    0.866129E+01
    0.171685E+03    0.840855E+01
    0.172942E+03    0.815479E+01
    0.174192E+03    0.790026E+01
    0.175434E+03    0.764525E+01
    0.176667E+03    0.739011E+01
    0.177890E+03    0.713523E+01
    0.179100E+03    0.688074E+01
    0.180299E+03    0.662725E+01
    0.181483E+03    0.637498E+01
    0.182651E+03    0.612429E+01
    0.183804E+03    0.587526E+01
    0.184939E+03    0.562816E+01
    0.186056E+03    0.538330E+01
    0.187153E+03    0.514091E+01
    0.188229E+03    0.490119E+01
    0.189284E+03    0.466460E+01
    0.190316E+03    0.443161E+01
    0.191324E+03    0.420258E+01
    0.192307E+03    0.397782E+01
    0.193265E+03    0.375759E+01
    0.194196E+03    0.354221E+01
    0.195099E+03    0.333204E+01
    0.195974E+03    0.312739E+01
    0.196820E+03    0.292859E+01
    0.197635E+03    0.273597E+01
    0.198419E+03    0.254992E+01
    0.199172E+03    0.237085E+01
    0.199893E+03    0.219937E+01
    0.200580E+03    0.203606E+01
    0.201233E+03    0.188123E+01
    0.201852E+03    0.173499E+01
    0.202436E+03    0.159772E+01
    0.202984E+03    0.147145E+01
    0.203497E+03    0.135816E+01
    0.203972E+03    0.125804E+01
    0.204410E+03    0.116791E+01
    0.204811E+03    0.108501E+01
    0.205174E+03    0.100899E+01
    0.205499E+03    0.946601E+00
    0.205785E+03    0.902777E+00
    0.206032E+03    0.877819E+00
    0.206240E+03    0.868095E+00
    0.206408E+03    0.864796E+00
    0.206537E+03    0.862410E+00
    0.206627E+03    0.859797E+00
    0.206676E+03    0.857751E+00
    0.206689E+03    0.857166E+00
    0.206691E+03    0.857040E+00
    0.206696E+03    0.856810E+00
    0.206702E+03    0.856468E+00
    0.206711E+03    0.856006E+00
    0.206722E+03    0.855410E+00
    0.206734E+03    0.854664E+00
    0.206749E+03    0.853745E+00
    0.206766E+03    0.852630E+00
    0.206784E+03    0.851285E+00
    0.206805E+03    0.849674E+00
    0.206827E+03    0.847754E+00
    0.206852E+03    0.845474E+00
    0.206878E+03    0.842774E+00
    0.206906E+03    0.839586E+00
    0.206936E+03    0.835835E+00
    0.206968E+03    0.831432E+00
    0.207001E+03    0.826281E+00
    0.207037E+03    0.820270E+00
    0.207073E+03    0.813281E+00
    0.207112E+03    0.805201E+00
    0.207152E+03    0.795996E+00
    0.207194E+03    0.785661E+00
    0.207237E+03    0.774211E+00
    0.207282E+03    0.761679E+00
    0.207329E+03    0.748124E+00
    0.207376E+03    0.733624E+00
    0.207425E+03    0.718283E+00
    0.207476E+03    0.702226E+00
    0.207528E+03    0.685604E+00
    0.207581E+03    0.668595E+00
    0.207635E+03    0.651396E+00
    0.207690E+03    0.634232E+00
    0.207746E+03    0.617350E+00
    0.207803E+03    0.601018E+00
    0.207862E+03    0.585528E+00
    0.207921E+03    0.571267E+00
    0.207981E+03    0.558820E+00
    0.208041E+03    0.548831E+00
    0.208103E+03    0.541978E+00
    0.208165E+03    0.538967E+00
    0.208228E+03    0.540527E+00
    0.208291E+03    0.547408E+00
    0.208354E+03    0.560369E+00
    0.208419E+03    0.580158E+00
    0.208483E+03    0.606450E+00
    0.208548E+03    0.637293E+00
    0.208613E+03    0.670539E+00
    0.208678E+03    0.703984E+00
    0.208743E+03    0.735371E+00
    0.208808E+03    0.762147E+00
    0.208874E+03    0.781608E+00
    0.208939E+03    0.792987E+00
    0.209004E+03    0.797967E+00
    0.209068E+03    0.798385E+00
    0.209133E+03    0.796057E+00
    0.209197E+03    0.792695E+00
    0.209261E+03    0.789141E+00
    0.209324E+03    0.785700E+00
    0.209387E+03    0.782650E+00
    0.209449E+03    0.780259E+00
    0.209510E+03    0.778771E+00
    0.209571E+03    0.778416E+00
    0.209631E+03    0.779398E+00
    0.209690E+03    0.781899E+00
    0.209748E+03    0.786041E+00
    0.209805E+03    0.791685E+00
    0.209862E+03    0.798591E+00
    0.209917E+03    0.806530E+00
    0.209971E+03    0.815290E+00
    0.210024E+03    0.824669E+00
    0.210076E+03    0.834485E+00
    0.210126E+03    0.844567E+00
    0.210175E+03    0.854763E+00
    0.210223E+03    0.864937E+00
    0.210269E+03    0.874967E+00
    0.210314E+03    0.884749E+00
    0.210357E+03    0.894195E+00
    0.210399E+03    0.903230E+00
    0.210440E+03    0.911795E+00
    0.210478E+03    0.919846E+00
    0.210515E+03    0.927357E+00
    0.210550E+03    0.934349E+00
    0.210584E+03    0.940849E+00
    0.210616E+03    0.946881E+00
    0.210645E+03    0.952466E+00
    0.210674E+03    0.957624E+00
    0.210700E+03    0.962369E+00
    0.210724E+03    0.966716E+00
    0.210747E+03    0.970678E+00
    0.210767E+03    0.974263E+00
    0.210786E+03    0.977479E+00
    0.210803E+03    0.980335E+00
    0.210817E+03    0.982834E+00
    0.210830E+03    0.984982E+00
    0.210841E+03    0.986781E+00
    0.210849E+03    0.988235E+00
    0.210856E+03    0.989345E+00
    0.210860E+03    0.990112E+00
    0.210863E+03    0.990539E+00
    0.210914E+03    0.998932E+00
    0.211127E+03    0.103337E+01
    0.211510E+03    0.109709E+01
    0.212061E+03    0.120578E+01
    0.212777E+03    0.136644E+01
    0.213657E+03    0.157165E+01
    0.214695E+03    0.182251E+01
    0.215888E+03    0.211895E+01
    0.217231E+03    0.245655E+01
    0.218718E+03    0.283338E+01
    0.220343E+03    0.324753E+01
    0.222098E+03    0.369738E+01
    0.223978E+03    0.418164E+01
    0.225973E+03    0.469900E+01
    0.228075E+03    0.524774E+01
    0.230276E+03    0.582511E+01
    0.232567E+03    0.643184E+01
    0.234937E+03    0.706678E+01
    0.237377E+03    0.772455E+01
    0.239876E+03    0.840512E+01
    0.242424E+03    0.910537E+01
    0.245011E+03    0.982318E+01
    0.247626E+03    0.105559E+02
    0.250257E+03    0.113007E+02
    0.252893E+03    0.120546E+02
    0.255524E+03    0.128146E+02
    0.258138E+03    0.135775E+02
    0.260725E+03    0.143400E+02
    0.263274E+03    0.150986E+02
    0.265773E+03    0.158499E+02
    0.268213E+03    0.165902E+02
    0.270583E+03    0.173158E+02
    0.272873E+03    0.180233E+02
    0.275074E+03    0.187088E+02
    0.277177E+03    0.193688E+02
    0.279172E+03    0.199998E+02
    0.281051E+03    0.205984E+02
    0.282807E+03    0.211614E+02
    0.284432E+03    0.216855E+02
    0.285918E+03    0.221678E+02
    0.287261E+03    0.226056E+02
    0.288454E+03    0.229964E+02
    0.289493E+03    0.233378E+02
    0.290372E+03    0.236280E+02
    0.291089E+03    0.238651E+02
    0.291640E+03    0.240478E+02
    0.292023E+03    0.241750E+02
    0.292236E+03    0.242459E+02
    0.292839E+03    0.244466E+02
    0.295188E+03    0.252329E+02
    0.299374E+03    0.266499E+02
    0.305329E+03    0.287009E+02
    0.312955E+03    0.313877E+02
    0.322127E+03    0.347083E+02
    0.332694E+03    0.386541E+02
    0.344484E+03    0.432074E+02
    0.357302E+03    0.483368E+02
    0.370937E+03    0.539963E+02
    0.385167E+03    0.601237E+02
    0.399757E+03    0.666388E+02
    0.414468E+03    0.734436E+02
    0.429058E+03    0.804249E+02
    0.443288E+03    0.874547E+02
    0.456924E+03    0.943948E+02
    0.469742E+03    0.101100E+03
    0.481531E+03    0.107421E+03
    0.492099E+03    0.113212E+03
    0.501271E+03    0.118335E+03
    0.508897E+03    0.122661E+03
    0.514852E+03    0.126082E+03
    0.519038E+03    0.128510E+03
    0.521387E+03    0.129880E+03
    0.523195E+03    0.130939E+03
    0.528535E+03    0.134085E+03
    0.538048E+03    0.139766E+03
    0.551582E+03    0.148010E+03
    0.568913E+03    0.158850E+03
    0.589759E+03    0.172303E+03
    0.613776E+03    0.188360E+03
    0.640571E+03    0.206968E+03
    0.669702E+03    0.228012E+03
    0.700693E+03    0.251298E+03
    0.733033E+03    0.276553E+03
    0.766192E+03    0.303416E+03
    0.799626E+03    0.331468E+03
    0.832785E+03    0.360238E+03
    0.865126E+03    0.389220E+03
    0.896116E+03    0.417883E+03
    0.925248E+03    0.445664E+03
    0.952042E+03    0.471975E+03
    0.976059E+03    0.496206E+03
    0.996905E+03    0.517757E+03
    0.101424E+04    0.536054E+03
    0.102777E+04    0.550589E+03
    0.103728E+04    0.560937E+03
    0.104262E+04    0.566793E+03
    0.105815E+04    0.584028E+03
    0.111884E+04    0.654247E+03
    0.122708E+04    0.789778E+03
    0.138163E+04    0.100665E+04
    0.158128E+04    0.132597E+04
    0.182547E+04    0.175868E+04
    0.211493E+04    0.236065E+04
    0.245237E+04    0.317403E+04
    0.284327E+04    0.426653E+04
    0.329690E+04    0.573654E+04
    0.382777E+04    0.773265E+04
    0.445786E+04    0.104880E+05
    0.522033E+04    0.143825E+05
    0.616561E+04    0.200628E+05
    0.737242E+04    0.286852E+05
    0.896784E+04    0.424437E+05
    0.111670E+05    0.658126E+05
    0.143563E+05    0.108774E+06
    0.192866E+05    0.196312E+06
    0.275759E+05    0.401325E+06
    0.432593E+05    0.987637E+06
    0.788726E+05    0.328314E+07
    0.191264E+06    0.193066E+08
    0.100000E+07    0.527762E+09
