
#   rho [fm-3]      T [MeV]      kf [fm-1]       k [fm-1]       Gap(k) [MeV]       auxgap
    4.000000E-02    0.000000E+00    1.058019E+00    0.000000E+00    2.729040E+00
    4.000000E-02    0.000000E+00    1.058019E+00    1.010101E-01    2.719318E+00
    4.000000E-02    0.000000E+00    1.058019E+00    2.020202E-01    2.690190E+00
    4.000000E-02    0.000000E+00    1.058019E+00    3.030303E-01    2.641850E+00
    4.000000E-02    0.000000E+00    1.058019E+00    4.040404E-01    2.574421E+00
    4.000000E-02    0.000000E+00    1.058019E+00    5.050505E-01    2.488153E+00
    4.000000E-02    0.000000E+00    1.058019E+00    6.060606E-01    2.383325E+00
    4.000000E-02    0.000000E+00    1.058019E+00    7.070707E-01    2.260213E+00
    4.000000E-02    0.000000E+00    1.058019E+00    8.080808E-01    2.119292E+00
    4.000000E-02    0.000000E+00    1.058019E+00    9.090909E-01    1.961234E+00
    4.000000E-02    0.000000E+00    1.058019E+00    1.010101E+00    1.786992E+00
    4.000000E-02    0.000000E+00    1.058019E+00    1.111111E+00    1.597860E+00
    4.000000E-02    0.000000E+00    1.058019E+00    1.212121E+00    1.395440E+00
    4.000000E-02    0.000000E+00    1.058019E+00    1.313131E+00    1.181425E+00
    4.000000E-02    0.000000E+00    1.058019E+00    1.414141E+00    9.574057E-01
    4.000000E-02    0.000000E+00    1.058019E+00    1.515152E+00    7.247288E-01
    4.000000E-02    0.000000E+00    1.058019E+00    1.616162E+00    4.846465E-01
    4.000000E-02    0.000000E+00    1.058019E+00    1.717172E+00    2.390135E-01
    4.000000E-02    0.000000E+00    1.058019E+00    1.818182E+00   -9.703485E-03
    4.000000E-02    0.000000E+00    1.058019E+00    1.919192E+00   -2.577879E-01
    4.000000E-02    0.000000E+00    1.058019E+00    2.020202E+00   -5.003286E-01
    4.000000E-02    0.000000E+00    1.058019E+00    2.121212E+00   -7.281323E-01
    4.000000E-02    0.000000E+00    1.058019E+00    2.222222E+00   -9.338453E-01
    4.000000E-02    0.000000E+00    1.058019E+00    2.323232E+00   -1.108817E+00
    4.000000E-02    0.000000E+00    1.058019E+00    2.424242E+00   -1.242017E+00
    4.000000E-02    0.000000E+00    1.058019E+00    2.525253E+00   -1.331539E+00
    4.000000E-02    0.000000E+00    1.058019E+00    2.626263E+00   -1.376642E+00
    4.000000E-02    0.000000E+00    1.058019E+00    2.727273E+00   -1.379774E+00
    4.000000E-02    0.000000E+00    1.058019E+00    2.828283E+00   -1.343293E+00
    4.000000E-02    0.000000E+00    1.058019E+00    2.929293E+00   -1.274062E+00
    4.000000E-02    0.000000E+00    1.058019E+00    3.030303E+00   -1.172061E+00
    4.000000E-02    0.000000E+00    1.058019E+00    3.131313E+00   -1.041717E+00
    4.000000E-02    0.000000E+00    1.058019E+00    3.232323E+00   -8.859518E-01
    4.000000E-02    0.000000E+00    1.058019E+00    3.333333E+00   -7.215721E-01
    4.000000E-02    0.000000E+00    1.058019E+00    3.434343E+00   -5.637243E-01
    4.000000E-02    0.000000E+00    1.058019E+00    3.535354E+00   -4.177056E-01
    4.000000E-02    0.000000E+00    1.058019E+00    3.636364E+00   -3.040909E-01
    4.000000E-02    0.000000E+00    1.058019E+00    3.737374E+00   -2.052926E-01
    4.000000E-02    0.000000E+00    1.058019E+00    3.838384E+00   -1.374854E-01
    4.000000E-02    0.000000E+00    1.058019E+00    3.939394E+00   -8.703480E-02
    4.000000E-02    0.000000E+00    1.058019E+00    4.040404E+00   -5.023686E-02
    4.000000E-02    0.000000E+00    1.058019E+00    4.141414E+00   -3.065912E-02
    4.000000E-02    0.000000E+00    1.058019E+00    4.242424E+00   -1.561109E-02
    4.000000E-02    0.000000E+00    1.058019E+00    4.343434E+00   -8.540659E-03
    4.000000E-02    0.000000E+00    1.058019E+00    4.444444E+00   -4.160102E-03
    4.000000E-02    0.000000E+00    1.058019E+00    4.545455E+00   -1.672659E-03
    4.000000E-02    0.000000E+00    1.058019E+00    4.646465E+00   -8.328469E-04
    4.000000E-02    0.000000E+00    1.058019E+00    4.747475E+00   -3.297680E-04
    4.000000E-02    0.000000E+00    1.058019E+00    4.848485E+00   -1.132244E-04
    4.000000E-02    0.000000E+00    1.058019E+00    4.949495E+00   -3.633492E-05
    4.000000E-02    0.000000E+00    1.058019E+00    5.050505E+00   -1.169069E-05
    4.000000E-02    0.000000E+00    1.058019E+00    5.151515E+00   -3.566369E-06
    4.000000E-02    0.000000E+00    1.058019E+00    5.252525E+00   -9.564034E-07
    4.000000E-02    0.000000E+00    1.058019E+00    5.353535E+00   -2.555731E-07
    4.000000E-02    0.000000E+00    1.058019E+00    5.454545E+00   -1.470627E-07
    4.000000E-02    0.000000E+00    1.058019E+00    5.555556E+00   -7.894063E-08
    4.000000E-02    0.000000E+00    1.058019E+00    5.656566E+00   -1.081857E-08
    4.000000E-02    0.000000E+00    1.058019E+00    5.757576E+00   -1.500973E-09
    4.000000E-02    0.000000E+00    1.058019E+00    5.858586E+00   -1.172057E-09
    4.000000E-02    0.000000E+00    1.058019E+00    5.959596E+00   -8.431408E-10
    4.000000E-02    0.000000E+00    1.058019E+00    6.060606E+00   -5.142247E-10
    4.000000E-02    0.000000E+00    1.058019E+00    6.161616E+00   -1.853085E-10
    4.000000E-02    0.000000E+00    1.058019E+00    6.262626E+00   -3.473850E-14
    4.000000E-02    0.000000E+00    1.058019E+00    6.363636E+00   -2.999096E-14
    4.000000E-02    0.000000E+00    1.058019E+00    6.464646E+00   -2.524341E-14
    4.000000E-02    0.000000E+00    1.058019E+00    6.565657E+00   -2.049586E-14
    4.000000E-02    0.000000E+00    1.058019E+00    6.666667E+00   -1.574831E-14
    4.000000E-02    0.000000E+00    1.058019E+00    6.767677E+00   -1.100076E-14
    4.000000E-02    0.000000E+00    1.058019E+00    6.868687E+00   -6.253207E-15
    4.000000E-02    0.000000E+00    1.058019E+00    6.969697E+00   -1.505658E-15
    4.000000E-02    0.000000E+00    1.058019E+00    7.070707E+00   -1.581023E-23
    4.000000E-02    0.000000E+00    1.058019E+00    7.171717E+00   -1.411634E-23
    4.000000E-02    0.000000E+00    1.058019E+00    7.272727E+00   -1.242245E-23
    4.000000E-02    0.000000E+00    1.058019E+00    7.373737E+00   -1.072855E-23
    4.000000E-02    0.000000E+00    1.058019E+00    7.474747E+00   -9.034664E-24
    4.000000E-02    0.000000E+00    1.058019E+00    7.575758E+00   -7.340774E-24
    4.000000E-02    0.000000E+00    1.058019E+00    7.676768E+00   -5.646883E-24
    4.000000E-02    0.000000E+00    1.058019E+00    7.777778E+00   -3.952993E-24
    4.000000E-02    0.000000E+00    1.058019E+00    7.878788E+00   -2.259103E-24
    4.000000E-02    0.000000E+00    1.058019E+00    7.979798E+00   -5.652122E-25
    4.000000E-02    0.000000E+00    1.058019E+00    8.080808E+00   -7.943807E-33
    4.000000E-02    0.000000E+00    1.058019E+00    8.181818E+00   -8.525224E-33
    4.000000E-02    0.000000E+00    1.058019E+00    8.282828E+00   -9.106641E-33
    4.000000E-02    0.000000E+00    1.058019E+00    8.383838E+00   -9.688057E-33
    4.000000E-02    0.000000E+00    1.058019E+00    8.484848E+00   -1.026947E-32
    4.000000E-02    0.000000E+00    1.058019E+00    8.585859E+00   -1.085089E-32
    4.000000E-02    0.000000E+00    1.058019E+00    8.686869E+00   -1.143231E-32
    4.000000E-02    0.000000E+00    1.058019E+00    8.787879E+00   -1.201372E-32
    4.000000E-02    0.000000E+00    1.058019E+00    8.888889E+00   -1.259514E-32
    4.000000E-02    0.000000E+00    1.058019E+00    8.989899E+00   -1.317656E-32
    4.000000E-02    0.000000E+00    1.058019E+00    9.090909E+00   -1.375797E-32
    4.000000E-02    0.000000E+00    1.058019E+00    9.191919E+00   -1.433939E-32
    4.000000E-02    0.000000E+00    1.058019E+00    9.292929E+00   -1.507026E-32
    4.000000E-02    0.000000E+00    1.058019E+00    9.393939E+00   -1.601168E-32
    4.000000E-02    0.000000E+00    1.058019E+00    9.494949E+00   -1.695311E-32
    4.000000E-02    0.000000E+00    1.058019E+00    9.595960E+00   -1.789453E-32
    4.000000E-02    0.000000E+00    1.058019E+00    9.696970E+00   -1.883595E-32
    4.000000E-02    0.000000E+00    1.058019E+00    9.797980E+00   -1.977737E-32
    4.000000E-02    0.000000E+00    1.058019E+00    9.898990E+00   -2.071880E-32
    4.000000E-02    0.000000E+00    1.058019E+00    1.000000E+01   -2.166022E-32

    4.000000E-02    1.000000E-01    1.058019E+00    0.000000E+00    2.908437E+00
    4.000000E-02    1.000000E-01    1.058019E+00    1.010101E-01    2.898042E+00
    4.000000E-02    1.000000E-01    1.058019E+00    2.020202E-01    2.866903E+00
    4.000000E-02    1.000000E-01    1.058019E+00    3.030303E-01    2.815224E+00
    4.000000E-02    1.000000E-01    1.058019E+00    4.040404E-01    2.743143E+00
    4.000000E-02    1.000000E-01    1.058019E+00    5.050505E-01    2.650927E+00
    4.000000E-02    1.000000E-01    1.058019E+00    6.060606E-01    2.538885E+00
    4.000000E-02    1.000000E-01    1.058019E+00    7.070707E-01    2.407324E+00
    4.000000E-02    1.000000E-01    1.058019E+00    8.080808E-01    2.256775E+00
    4.000000E-02    1.000000E-01    1.058019E+00    9.090909E-01    2.087985E+00
    4.000000E-02    1.000000E-01    1.058019E+00    1.010101E+00    1.902005E+00
    4.000000E-02    1.000000E-01    1.058019E+00    1.111111E+00    1.700252E+00
    4.000000E-02    1.000000E-01    1.058019E+00    1.212121E+00    1.484458E+00
    4.000000E-02    1.000000E-01    1.058019E+00    1.313131E+00    1.256442E+00
    4.000000E-02    1.000000E-01    1.058019E+00    1.414141E+00    1.017901E+00
    4.000000E-02    1.000000E-01    1.058019E+00    1.515152E+00    7.702683E-01
    4.000000E-02    1.000000E-01    1.058019E+00    1.616162E+00    5.148749E-01
    4.000000E-02    1.000000E-01    1.058019E+00    1.717172E+00    2.536865E-01
    4.000000E-02    1.000000E-01    1.058019E+00    1.818182E+00   -1.068408E-02
    4.000000E-02    1.000000E-01    1.058019E+00    1.919192E+00   -2.742849E-01
    4.000000E-02    1.000000E-01    1.058019E+00    2.020202E+00   -5.319207E-01
    4.000000E-02    1.000000E-01    1.058019E+00    2.121212E+00   -7.738267E-01
    4.000000E-02    1.000000E-01    1.058019E+00    2.222222E+00   -9.922156E-01
    4.000000E-02    1.000000E-01    1.058019E+00    2.323232E+00   -1.177917E+00
    4.000000E-02    1.000000E-01    1.058019E+00    2.424242E+00   -1.319230E+00
    4.000000E-02    1.000000E-01    1.058019E+00    2.525253E+00   -1.414151E+00
    4.000000E-02    1.000000E-01    1.058019E+00    2.626263E+00   -1.461905E+00
    4.000000E-02    1.000000E-01    1.058019E+00    2.727273E+00   -1.465103E+00
    4.000000E-02    1.000000E-01    1.058019E+00    2.828283E+00   -1.426263E+00
    4.000000E-02    1.000000E-01    1.058019E+00    2.929293E+00   -1.352671E+00
    4.000000E-02    1.000000E-01    1.058019E+00    3.030303E+00   -1.244313E+00
    4.000000E-02    1.000000E-01    1.058019E+00    3.131313E+00   -1.105885E+00
    4.000000E-02    1.000000E-01    1.058019E+00    3.232323E+00   -9.404913E-01
    4.000000E-02    1.000000E-01    1.058019E+00    3.333333E+00   -7.659714E-01
    4.000000E-02    1.000000E-01    1.058019E+00    3.434343E+00   -5.983949E-01
    4.000000E-02    1.000000E-01    1.058019E+00    3.535354E+00   -4.433851E-01
    4.000000E-02    1.000000E-01    1.058019E+00    3.636364E+00   -3.227806E-01
    4.000000E-02    1.000000E-01    1.058019E+00    3.737374E+00   -2.179060E-01
    4.000000E-02    1.000000E-01    1.058019E+00    3.838384E+00   -1.459312E-01
    4.000000E-02    1.000000E-01    1.058019E+00    3.939394E+00   -9.238041E-02
    4.000000E-02    1.000000E-01    1.058019E+00    4.040404E+00   -5.332196E-02
    4.000000E-02    1.000000E-01    1.058019E+00    4.141414E+00   -3.254182E-02
    4.000000E-02    1.000000E-01    1.058019E+00    4.242424E+00   -1.656968E-02
    4.000000E-02    1.000000E-01    1.058019E+00    4.343434E+00   -9.065095E-03
    4.000000E-02    1.000000E-01    1.058019E+00    4.444444E+00   -4.415556E-03
    4.000000E-02    1.000000E-01    1.058019E+00    4.545455E+00   -1.775377E-03
    4.000000E-02    1.000000E-01    1.058019E+00    4.646465E+00   -8.839941E-04
    4.000000E-02    1.000000E-01    1.058019E+00    4.747475E+00   -3.500217E-04
    4.000000E-02    1.000000E-01    1.058019E+00    4.848485E+00   -1.201793E-04
    4.000000E-02    1.000000E-01    1.058019E+00    4.949495E+00   -3.856710E-05
    4.000000E-02    1.000000E-01    1.058019E+00    5.050505E+00   -1.240898E-05
    4.000000E-02    1.000000E-01    1.058019E+00    5.151515E+00   -3.785518E-06
    4.000000E-02    1.000000E-01    1.058019E+00    5.252525E+00   -1.015181E-06
    4.000000E-02    1.000000E-01    1.058019E+00    5.353535E+00   -2.712819E-07
    4.000000E-02    1.000000E-01    1.058019E+00    5.454545E+00   -1.561022E-07
    4.000000E-02    1.000000E-01    1.058019E+00    5.555556E+00   -8.379290E-08
    4.000000E-02    1.000000E-01    1.058019E+00    5.656566E+00   -1.148360E-08
    4.000000E-02    1.000000E-01    1.058019E+00    5.757576E+00   -1.593273E-09
    4.000000E-02    1.000000E-01    1.058019E+00    5.858586E+00   -1.244131E-09
    4.000000E-02    1.000000E-01    1.058019E+00    5.959596E+00   -8.949886E-10
    4.000000E-02    1.000000E-01    1.058019E+00    6.060606E+00   -5.458462E-10
    4.000000E-02    1.000000E-01    1.058019E+00    6.161616E+00   -1.967038E-10
    4.000000E-02    1.000000E-01    1.058019E+00    6.262626E+00   -3.687633E-14
    4.000000E-02    1.000000E-01    1.058019E+00    6.363636E+00   -3.183661E-14
    4.000000E-02    1.000000E-01    1.058019E+00    6.464646E+00   -2.679689E-14
    4.000000E-02    1.000000E-01    1.058019E+00    6.565657E+00   -2.175718E-14
    4.000000E-02    1.000000E-01    1.058019E+00    6.666667E+00   -1.671746E-14
    4.000000E-02    1.000000E-01    1.058019E+00    6.767677E+00   -1.167775E-14
    4.000000E-02    1.000000E-01    1.058019E+00    6.868687E+00   -6.638032E-15
    4.000000E-02    1.000000E-01    1.058019E+00    6.969697E+00   -1.598316E-15
    4.000000E-02    1.000000E-01    1.058019E+00    7.070707E+00   -1.678413E-23
    4.000000E-02    1.000000E-01    1.058019E+00    7.171717E+00   -1.498589E-23
    4.000000E-02    1.000000E-01    1.058019E+00    7.272727E+00   -1.318766E-23
    4.000000E-02    1.000000E-01    1.058019E+00    7.373737E+00   -1.138943E-23
    4.000000E-02    1.000000E-01    1.058019E+00    7.474747E+00   -9.591195E-24
    4.000000E-02    1.000000E-01    1.058019E+00    7.575758E+00   -7.792962E-24
    4.000000E-02    1.000000E-01    1.058019E+00    7.676768E+00   -5.994728E-24
    4.000000E-02    1.000000E-01    1.058019E+00    7.777778E+00   -4.196495E-24
    4.000000E-02    1.000000E-01    1.058019E+00    7.878788E+00   -2.398262E-24
    4.000000E-02    1.000000E-01    1.058019E+00    7.979798E+00   -6.000290E-25
    4.000000E-02    1.000000E-01    1.058019E+00    8.080808E+00   -8.431405E-33
    4.000000E-02    1.000000E-01    1.058019E+00    8.181818E+00   -9.048603E-33
    4.000000E-02    1.000000E-01    1.058019E+00    8.282828E+00   -9.665801E-33
    4.000000E-02    1.000000E-01    1.058019E+00    8.383838E+00   -1.028300E-32
    4.000000E-02    1.000000E-01    1.058019E+00    8.484848E+00   -1.090020E-32
    4.000000E-02    1.000000E-01    1.058019E+00    8.585859E+00   -1.151739E-32
    4.000000E-02    1.000000E-01    1.058019E+00    8.686869E+00   -1.213459E-32
    4.000000E-02    1.000000E-01    1.058019E+00    8.787879E+00   -1.275179E-32
    4.000000E-02    1.000000E-01    1.058019E+00    8.888889E+00   -1.336899E-32
    4.000000E-02    1.000000E-01    1.058019E+00    8.989899E+00   -1.398619E-32
    4.000000E-02    1.000000E-01    1.058019E+00    9.090909E+00   -1.460339E-32
    4.000000E-02    1.000000E-01    1.058019E+00    9.191919E+00   -1.522058E-32
    4.000000E-02    1.000000E-01    1.058019E+00    9.292929E+00   -1.599645E-32
    4.000000E-02    1.000000E-01    1.058019E+00    9.393939E+00   -1.699585E-32
    4.000000E-02    1.000000E-01    1.058019E+00    9.494949E+00   -1.799525E-32
    4.000000E-02    1.000000E-01    1.058019E+00    9.595960E+00   -1.899465E-32
    4.000000E-02    1.000000E-01    1.058019E+00    9.696970E+00   -1.999405E-32
    4.000000E-02    1.000000E-01    1.058019E+00    9.797980E+00   -2.099345E-32
    4.000000E-02    1.000000E-01    1.058019E+00    9.898990E+00   -2.199285E-32
    4.000000E-02    1.000000E-01    1.058019E+00    1.000000E+01   -2.299225E-32

    4.000000E-02    2.000000E-01    1.058019E+00    0.000000E+00    2.844191E+00
    4.000000E-02    2.000000E-01    1.058019E+00    1.010101E-01    2.834025E+00
    4.000000E-02    2.000000E-01    1.058019E+00    2.020202E-01    2.803570E+00
    4.000000E-02    2.000000E-01    1.058019E+00    3.030303E-01    2.753029E+00
    4.000000E-02    2.000000E-01    1.058019E+00    4.040404E-01    2.682533E+00
    4.000000E-02    2.000000E-01    1.058019E+00    5.050505E-01    2.592347E+00
    4.000000E-02    2.000000E-01    1.058019E+00    6.060606E-01    2.482771E+00
    4.000000E-02    2.000000E-01    1.058019E+00    7.070707E-01    2.354106E+00
    4.000000E-02    2.000000E-01    1.058019E+00    8.080808E-01    2.206873E+00
    4.000000E-02    2.000000E-01    1.058019E+00    9.090909E-01    2.041803E+00
    4.000000E-02    2.000000E-01    1.058019E+00    1.010101E+00    1.859924E+00
    4.000000E-02    2.000000E-01    1.058019E+00    1.111111E+00    1.662624E+00
    4.000000E-02    2.000000E-01    1.058019E+00    1.212121E+00    1.451597E+00
    4.000000E-02    2.000000E-01    1.058019E+00    1.313131E+00    1.228621E+00
    4.000000E-02    2.000000E-01    1.058019E+00    1.414141E+00    9.953547E-01
    4.000000E-02    2.000000E-01    1.058019E+00    1.515152E+00    7.532011E-01
    4.000000E-02    2.000000E-01    1.058019E+00    1.616162E+00    5.034608E-01
    4.000000E-02    2.000000E-01    1.058019E+00    1.717172E+00    2.480558E-01
    4.000000E-02    2.000000E-01    1.058019E+00    1.818182E+00   -1.045881E-02
    4.000000E-02    2.000000E-01    1.058019E+00    1.919192E+00   -2.682188E-01
    4.000000E-02    2.000000E-01    1.058019E+00    2.020202E+00   -5.201444E-01
    4.000000E-02    2.000000E-01    1.058019E+00    2.121212E+00   -7.566872E-01
    4.000000E-02    2.000000E-01    1.058019E+00    2.222222E+00   -9.702332E-01
    4.000000E-02    2.000000E-01    1.058019E+00    2.323232E+00   -1.151815E+00
    4.000000E-02    2.000000E-01    1.058019E+00    2.424242E+00   -1.289993E+00
    4.000000E-02    2.000000E-01    1.058019E+00    2.525253E+00   -1.382806E+00
    4.000000E-02    2.000000E-01    1.058019E+00    2.626263E+00   -1.429498E+00
    4.000000E-02    2.000000E-01    1.058019E+00    2.727273E+00   -1.432622E+00
    4.000000E-02    2.000000E-01    1.058019E+00    2.828283E+00   -1.394640E+00
    4.000000E-02    2.000000E-01    1.058019E+00    2.929293E+00   -1.322679E+00
    4.000000E-02    2.000000E-01    1.058019E+00    3.030303E+00   -1.216721E+00
    4.000000E-02    2.000000E-01    1.058019E+00    3.131313E+00   -1.081362E+00
    4.000000E-02    2.000000E-01    1.058019E+00    3.232323E+00   -9.196351E-01
    4.000000E-02    2.000000E-01    1.058019E+00    3.333333E+00   -7.489849E-01
    4.000000E-02    2.000000E-01    1.058019E+00    3.434343E+00   -5.851243E-01
    4.000000E-02    2.000000E-01    1.058019E+00    3.535354E+00   -4.335519E-01
    4.000000E-02    2.000000E-01    1.058019E+00    3.636364E+00   -3.156220E-01
    4.000000E-02    2.000000E-01    1.058019E+00    3.737374E+00   -2.130732E-01
    4.000000E-02    2.000000E-01    1.058019E+00    3.838384E+00   -1.426946E-01
    4.000000E-02    2.000000E-01    1.058019E+00    3.939394E+00   -9.033152E-02
    4.000000E-02    2.000000E-01    1.058019E+00    4.040404E+00   -5.213933E-02
    4.000000E-02    2.000000E-01    1.058019E+00    4.141414E+00   -3.182008E-02
    4.000000E-02    2.000000E-01    1.058019E+00    4.242424E+00   -1.620217E-02
    4.000000E-02    2.000000E-01    1.058019E+00    4.343434E+00   -8.864038E-03
    4.000000E-02    2.000000E-01    1.058019E+00    4.444444E+00   -4.317622E-03
    4.000000E-02    2.000000E-01    1.058019E+00    4.545455E+00   -1.736000E-03
    4.000000E-02    2.000000E-01    1.058019E+00    4.646465E+00   -8.643878E-04
    4.000000E-02    2.000000E-01    1.058019E+00    4.747475E+00   -3.422586E-04
    4.000000E-02    2.000000E-01    1.058019E+00    4.848485E+00   -1.175138E-04
    4.000000E-02    2.000000E-01    1.058019E+00    4.949495E+00   -3.771173E-05
    4.000000E-02    2.000000E-01    1.058019E+00    5.050505E+00   -1.213376E-05
    4.000000E-02    2.000000E-01    1.058019E+00    5.151515E+00   -3.701561E-06
    4.000000E-02    2.000000E-01    1.058019E+00    5.252525E+00   -9.926663E-07
    4.000000E-02    2.000000E-01    1.058019E+00    5.353535E+00   -2.652653E-07
    4.000000E-02    2.000000E-01    1.058019E+00    5.454545E+00   -1.526401E-07
    4.000000E-02    2.000000E-01    1.058019E+00    5.555556E+00   -8.193451E-08
    4.000000E-02    2.000000E-01    1.058019E+00    5.656566E+00   -1.122891E-08
    4.000000E-02    2.000000E-01    1.058019E+00    5.757576E+00   -1.557938E-09
    4.000000E-02    2.000000E-01    1.058019E+00    5.858586E+00   -1.216539E-09
    4.000000E-02    2.000000E-01    1.058019E+00    5.959596E+00   -8.751398E-10
    4.000000E-02    2.000000E-01    1.058019E+00    6.060606E+00   -5.337406E-10
    4.000000E-02    2.000000E-01    1.058019E+00    6.161616E+00   -1.923414E-10
    4.000000E-02    2.000000E-01    1.058019E+00    6.262626E+00   -3.605852E-14
    4.000000E-02    2.000000E-01    1.058019E+00    6.363636E+00   -3.113057E-14
    4.000000E-02    2.000000E-01    1.058019E+00    6.464646E+00   -2.620262E-14
    4.000000E-02    2.000000E-01    1.058019E+00    6.565657E+00   -2.127467E-14
    4.000000E-02    2.000000E-01    1.058019E+00    6.666667E+00   -1.634672E-14
    4.000000E-02    2.000000E-01    1.058019E+00    6.767677E+00   -1.141877E-14
    4.000000E-02    2.000000E-01    1.058019E+00    6.868687E+00   -6.490820E-15
    4.000000E-02    2.000000E-01    1.058019E+00    6.969697E+00   -1.562870E-15
    4.000000E-02    2.000000E-01    1.058019E+00    7.070707E+00   -1.641192E-23
    4.000000E-02    2.000000E-01    1.058019E+00    7.171717E+00   -1.465357E-23
    4.000000E-02    2.000000E-01    1.058019E+00    7.272727E+00   -1.289521E-23
    4.000000E-02    2.000000E-01    1.058019E+00    7.373737E+00   -1.113686E-23
    4.000000E-02    2.000000E-01    1.058019E+00    7.474747E+00   -9.378501E-24
    4.000000E-02    2.000000E-01    1.058019E+00    7.575758E+00   -7.620145E-24
    4.000000E-02    2.000000E-01    1.058019E+00    7.676768E+00   -5.861790E-24
    4.000000E-02    2.000000E-01    1.058019E+00    7.777778E+00   -4.103434E-24
    4.000000E-02    2.000000E-01    1.058019E+00    7.878788E+00   -2.345078E-24
    4.000000E-02    2.000000E-01    1.058019E+00    7.979798E+00   -5.867228E-25
    4.000000E-02    2.000000E-01    1.058019E+00    8.080808E+00   -8.244404E-33
    4.000000E-02    2.000000E-01    1.058019E+00    8.181818E+00   -8.847915E-33
    4.000000E-02    2.000000E-01    1.058019E+00    8.282828E+00   -9.451426E-33
    4.000000E-02    2.000000E-01    1.058019E+00    8.383838E+00   -1.005494E-32
    4.000000E-02    2.000000E-01    1.058019E+00    8.484848E+00   -1.065845E-32
    4.000000E-02    2.000000E-01    1.058019E+00    8.585859E+00   -1.126196E-32
    4.000000E-02    2.000000E-01    1.058019E+00    8.686869E+00   -1.186547E-32
    4.000000E-02    2.000000E-01    1.058019E+00    8.787879E+00   -1.246898E-32
    4.000000E-02    2.000000E-01    1.058019E+00    8.888889E+00   -1.307249E-32
    4.000000E-02    2.000000E-01    1.058019E+00    8.989899E+00   -1.367600E-32
    4.000000E-02    2.000000E-01    1.058019E+00    9.090909E+00   -1.427951E-32
    4.000000E-02    2.000000E-01    1.058019E+00    9.191919E+00   -1.488303E-32
    4.000000E-02    2.000000E-01    1.058019E+00    9.292929E+00   -1.564168E-32
    4.000000E-02    2.000000E-01    1.058019E+00    9.393939E+00   -1.661892E-32
    4.000000E-02    2.000000E-01    1.058019E+00    9.494949E+00   -1.759616E-32
    4.000000E-02    2.000000E-01    1.058019E+00    9.595960E+00   -1.857340E-32
    4.000000E-02    2.000000E-01    1.058019E+00    9.696970E+00   -1.955064E-32
    4.000000E-02    2.000000E-01    1.058019E+00    9.797980E+00   -2.052788E-32
    4.000000E-02    2.000000E-01    1.058019E+00    9.898990E+00   -2.150512E-32
    4.000000E-02    2.000000E-01    1.058019E+00    1.000000E+01   -2.248236E-32

    4.000000E-02    3.000000E-01    1.058019E+00    0.000000E+00    2.722290E+00
    4.000000E-02    3.000000E-01    1.058019E+00    1.010101E-01    2.712558E+00
    4.000000E-02    3.000000E-01    1.058019E+00    2.020202E-01    2.683404E+00
    4.000000E-02    3.000000E-01    1.058019E+00    3.030303E-01    2.635021E+00
    4.000000E-02    3.000000E-01    1.058019E+00    4.040404E-01    2.567536E+00
    4.000000E-02    3.000000E-01    1.058019E+00    5.050505E-01    2.481201E+00
    4.000000E-02    3.000000E-01    1.058019E+00    6.060606E-01    2.376306E+00
    4.000000E-02    3.000000E-01    1.058019E+00    7.070707E-01    2.253139E+00
    4.000000E-02    3.000000E-01    1.058019E+00    8.080808E-01    2.112199E+00
    4.000000E-02    3.000000E-01    1.058019E+00    9.090909E-01    1.954189E+00
    4.000000E-02    3.000000E-01    1.058019E+00    1.010101E+00    1.780094E+00
    4.000000E-02    3.000000E-01    1.058019E+00    1.111111E+00    1.591243E+00
    4.000000E-02    3.000000E-01    1.058019E+00    1.212121E+00    1.389260E+00
    4.000000E-02    3.000000E-01    1.058019E+00    1.313131E+00    1.175846E+00
    4.000000E-02    3.000000E-01    1.058019E+00    1.414141E+00    9.525879E-01
    4.000000E-02    3.000000E-01    1.058019E+00    1.515152E+00    7.208283E-01
    4.000000E-02    3.000000E-01    1.058019E+00    1.616162E+00    4.818120E-01
    4.000000E-02    3.000000E-01    1.058019E+00    1.717172E+00    2.373781E-01
    4.000000E-02    3.000000E-01    1.058019E+00    1.818182E+00   -1.002846E-02
    4.000000E-02    3.000000E-01    1.058019E+00    1.919192E+00   -2.567093E-01
    4.000000E-02    3.000000E-01    1.058019E+00    2.020202E+00   -4.978038E-01
    4.000000E-02    3.000000E-01    1.058019E+00    2.121212E+00   -7.241741E-01
    4.000000E-02    3.000000E-01    1.058019E+00    2.222222E+00   -9.285343E-01
    4.000000E-02    3.000000E-01    1.058019E+00    2.323232E+00   -1.102303E+00
    4.000000E-02    3.000000E-01    1.058019E+00    2.424242E+00   -1.234534E+00
    4.000000E-02    3.000000E-01    1.058019E+00    2.525253E+00   -1.323350E+00
    4.000000E-02    3.000000E-01    1.058019E+00    2.626263E+00   -1.368028E+00
    4.000000E-02    3.000000E-01    1.058019E+00    2.727273E+00   -1.371013E+00
    4.000000E-02    3.000000E-01    1.058019E+00    2.828283E+00   -1.334661E+00
    4.000000E-02    3.000000E-01    1.058019E+00    2.929293E+00   -1.265791E+00
    4.000000E-02    3.000000E-01    1.058019E+00    3.030303E+00   -1.164388E+00
    4.000000E-02    3.000000E-01    1.058019E+00    3.131313E+00   -1.034849E+00
    4.000000E-02    3.000000E-01    1.058019E+00    3.232323E+00   -8.800769E-01
    4.000000E-02    3.000000E-01    1.058019E+00    3.333333E+00   -7.167663E-01
    4.000000E-02    3.000000E-01    1.058019E+00    3.434343E+00   -5.599538E-01
    4.000000E-02    3.000000E-01    1.058019E+00    3.535354E+00   -4.149012E-01
    4.000000E-02    3.000000E-01    1.058019E+00    3.636364E+00   -3.020443E-01
    4.000000E-02    3.000000E-01    1.058019E+00    3.737374E+00   -2.039068E-01
    4.000000E-02    3.000000E-01    1.058019E+00    3.838384E+00   -1.365559E-01
    4.000000E-02    3.000000E-01    1.058019E+00    3.939394E+00   -8.644541E-02
    4.000000E-02    3.000000E-01    1.058019E+00    4.040404E+00   -4.989625E-02
    4.000000E-02    3.000000E-01    1.058019E+00    4.141414E+00   -3.045114E-02
    4.000000E-02    3.000000E-01    1.058019E+00    4.242424E+00   -1.550514E-02
    4.000000E-02    3.000000E-01    1.058019E+00    4.343434E+00   -8.482695E-03
    4.000000E-02    3.000000E-01    1.058019E+00    4.444444E+00   -4.131872E-03
    4.000000E-02    3.000000E-01    1.058019E+00    4.545455E+00   -1.661315E-03
    4.000000E-02    3.000000E-01    1.058019E+00    4.646465E+00   -8.272008E-04
    4.000000E-02    3.000000E-01    1.058019E+00    4.747475E+00   -3.275342E-04
    4.000000E-02    3.000000E-01    1.058019E+00    4.848485E+00   -1.124583E-04
    4.000000E-02    3.000000E-01    1.058019E+00    4.949495E+00   -3.608935E-05
    4.000000E-02    3.000000E-01    1.058019E+00    5.050505E+00   -1.161176E-05
    4.000000E-02    3.000000E-01    1.058019E+00    5.151515E+00   -3.542319E-06
    4.000000E-02    3.000000E-01    1.058019E+00    5.252525E+00   -9.499620E-07
    4.000000E-02    3.000000E-01    1.058019E+00    5.353535E+00   -2.538537E-07
    4.000000E-02    3.000000E-01    1.058019E+00    5.454545E+00   -1.460736E-07
    4.000000E-02    3.000000E-01    1.058019E+00    5.555556E+00   -7.840973E-08
    4.000000E-02    3.000000E-01    1.058019E+00    5.656566E+00   -1.074585E-08
    4.000000E-02    3.000000E-01    1.058019E+00    5.757576E+00   -1.490918E-09
    4.000000E-02    3.000000E-01    1.058019E+00    5.858586E+00   -1.164205E-09
    4.000000E-02    3.000000E-01    1.058019E+00    5.959596E+00   -8.374924E-10
    4.000000E-02    3.000000E-01    1.058019E+00    6.060606E+00   -5.107797E-10
    4.000000E-02    3.000000E-01    1.058019E+00    6.161616E+00   -1.840671E-10
    4.000000E-02    3.000000E-01    1.058019E+00    6.262626E+00   -3.450738E-14
    4.000000E-02    3.000000E-01    1.058019E+00    6.363636E+00   -2.979142E-14
    4.000000E-02    3.000000E-01    1.058019E+00    6.464646E+00   -2.507546E-14
    4.000000E-02    3.000000E-01    1.058019E+00    6.565657E+00   -2.035949E-14
    4.000000E-02    3.000000E-01    1.058019E+00    6.666667E+00   -1.564353E-14
    4.000000E-02    3.000000E-01    1.058019E+00    6.767677E+00   -1.092757E-14
    4.000000E-02    3.000000E-01    1.058019E+00    6.868687E+00   -6.211603E-15
    4.000000E-02    3.000000E-01    1.058019E+00    6.969697E+00   -1.495640E-15
    4.000000E-02    3.000000E-01    1.058019E+00    7.070707E+00   -1.570596E-23
    4.000000E-02    3.000000E-01    1.058019E+00    7.171717E+00   -1.402324E-23
    4.000000E-02    3.000000E-01    1.058019E+00    7.272727E+00   -1.234052E-23
    4.000000E-02    3.000000E-01    1.058019E+00    7.373737E+00   -1.065780E-23
    4.000000E-02    3.000000E-01    1.058019E+00    7.474747E+00   -8.975082E-24
    4.000000E-02    3.000000E-01    1.058019E+00    7.575758E+00   -7.292363E-24
    4.000000E-02    3.000000E-01    1.058019E+00    7.676768E+00   -5.609643E-24
    4.000000E-02    3.000000E-01    1.058019E+00    7.777778E+00   -3.926924E-24
    4.000000E-02    3.000000E-01    1.058019E+00    7.878788E+00   -2.244204E-24
    4.000000E-02    3.000000E-01    1.058019E+00    7.979798E+00   -5.614848E-25
    4.000000E-02    3.000000E-01    1.058019E+00    8.080808E+00   -7.889717E-33
    4.000000E-02    3.000000E-01    1.058019E+00    8.181818E+00   -8.467268E-33
    4.000000E-02    3.000000E-01    1.058019E+00    8.282828E+00   -9.044818E-33
    4.000000E-02    3.000000E-01    1.058019E+00    8.383838E+00   -9.622369E-33
    4.000000E-02    3.000000E-01    1.058019E+00    8.484848E+00   -1.019992E-32
    4.000000E-02    3.000000E-01    1.058019E+00    8.585859E+00   -1.077747E-32
    4.000000E-02    3.000000E-01    1.058019E+00    8.686869E+00   -1.135502E-32
    4.000000E-02    3.000000E-01    1.058019E+00    8.787879E+00   -1.193257E-32
    4.000000E-02    3.000000E-01    1.058019E+00    8.888889E+00   -1.251012E-32
    4.000000E-02    3.000000E-01    1.058019E+00    8.989899E+00   -1.308767E-32
    4.000000E-02    3.000000E-01    1.058019E+00    9.090909E+00   -1.366522E-32
    4.000000E-02    3.000000E-01    1.058019E+00    9.191919E+00   -1.424277E-32
    4.000000E-02    3.000000E-01    1.058019E+00    9.292929E+00   -1.496880E-32
    4.000000E-02    3.000000E-01    1.058019E+00    9.393939E+00   -1.590400E-32
    4.000000E-02    3.000000E-01    1.058019E+00    9.494949E+00   -1.683920E-32
    4.000000E-02    3.000000E-01    1.058019E+00    9.595960E+00   -1.777441E-32
    4.000000E-02    3.000000E-01    1.058019E+00    9.696970E+00   -1.870961E-32
    4.000000E-02    3.000000E-01    1.058019E+00    9.797980E+00   -1.964481E-32
    4.000000E-02    3.000000E-01    1.058019E+00    9.898990E+00   -2.058002E-32
    4.000000E-02    3.000000E-01    1.058019E+00    1.000000E+01   -2.151522E-32

    4.000000E-02    4.000000E-01    1.058019E+00    0.000000E+00    2.530492E+00
    4.000000E-02    4.000000E-01    1.058019E+00    1.010101E-01    2.521444E+00
    4.000000E-02    4.000000E-01    1.058019E+00    2.020202E-01    2.494337E+00
    4.000000E-02    4.000000E-01    1.058019E+00    3.030303E-01    2.449352E+00
    4.000000E-02    4.000000E-01    1.058019E+00    4.040404E-01    2.386607E+00
    4.000000E-02    4.000000E-01    1.058019E+00    5.050505E-01    2.306337E+00
    4.000000E-02    4.000000E-01    1.058019E+00    6.060606E-01    2.208810E+00
    4.000000E-02    4.000000E-01    1.058019E+00    7.070707E-01    2.094298E+00
    4.000000E-02    4.000000E-01    1.058019E+00    8.080808E-01    1.963264E+00
    4.000000E-02    4.000000E-01    1.058019E+00    9.090909E-01    1.816366E+00
    4.000000E-02    4.000000E-01    1.058019E+00    1.010101E+00    1.654521E+00
    4.000000E-02    4.000000E-01    1.058019E+00    1.111111E+00    1.478967E+00
    4.000000E-02    4.000000E-01    1.058019E+00    1.212121E+00    1.291213E+00
    4.000000E-02    4.000000E-01    1.058019E+00    1.313131E+00    1.092842E+00
    4.000000E-02    4.000000E-01    1.058019E+00    1.414141E+00    8.853280E-01
    4.000000E-02    4.000000E-01    1.058019E+00    1.515152E+00    6.699182E-01
    4.000000E-02    4.000000E-01    1.058019E+00    1.616162E+00    4.477695E-01
    4.000000E-02    4.000000E-01    1.058019E+00    1.717172E+00    2.205909E-01
    4.000000E-02    4.000000E-01    1.058019E+00    1.818182E+00   -9.345739E-03
    4.000000E-02    4.000000E-01    1.058019E+00    1.919192E+00   -2.386030E-01
    4.000000E-02    4.000000E-01    1.058019E+00    2.020202E+00   -4.626648E-01
    4.000000E-02    4.000000E-01    1.058019E+00    2.121212E+00   -6.730387E-01
    4.000000E-02    4.000000E-01    1.058019E+00    2.222222E+00   -8.629548E-01
    4.000000E-02    4.000000E-01    1.058019E+00    2.323232E+00   -1.024439E+00
    4.000000E-02    4.000000E-01    1.058019E+00    2.424242E+00   -1.147318E+00
    4.000000E-02    4.000000E-01    1.058019E+00    2.525253E+00   -1.229851E+00
    4.000000E-02    4.000000E-01    1.058019E+00    2.626263E+00   -1.271364E+00
    4.000000E-02    4.000000E-01    1.058019E+00    2.727273E+00   -1.274131E+00
    4.000000E-02    4.000000E-01    1.058019E+00    2.828283E+00   -1.240342E+00
    4.000000E-02    4.000000E-01    1.058019E+00    2.929293E+00   -1.176334E+00
    4.000000E-02    4.000000E-01    1.058019E+00    3.030303E+00   -1.082094E+00
    4.000000E-02    4.000000E-01    1.058019E+00    3.131313E+00   -9.617079E-01
    4.000000E-02    4.000000E-01    1.058019E+00    3.232323E+00   -8.178731E-01
    4.000000E-02    4.000000E-01    1.058019E+00    3.333333E+00   -6.661042E-01
    4.000000E-02    4.000000E-01    1.058019E+00    3.434343E+00   -5.203745E-01
    4.000000E-02    4.000000E-01    1.058019E+00    3.535354E+00   -3.855742E-01
    4.000000E-02    4.000000E-01    1.058019E+00    3.636364E+00   -2.806942E-01
    4.000000E-02    4.000000E-01    1.058019E+00    3.737374E+00   -1.894934E-01
    4.000000E-02    4.000000E-01    1.058019E+00    3.838384E+00   -1.269031E-01
    4.000000E-02    4.000000E-01    1.058019E+00    3.939394E+00   -8.033478E-02
    4.000000E-02    4.000000E-01    1.058019E+00    4.040404E+00   -4.636917E-02
    4.000000E-02    4.000000E-01    1.058019E+00    4.141414E+00   -2.829860E-02
    4.000000E-02    4.000000E-01    1.058019E+00    4.242424E+00   -1.440910E-02
    4.000000E-02    4.000000E-01    1.058019E+00    4.343434E+00   -7.883064E-03
    4.000000E-02    4.000000E-01    1.058019E+00    4.444444E+00   -3.839796E-03
    4.000000E-02    4.000000E-01    1.058019E+00    4.545455E+00   -1.543879E-03
    4.000000E-02    4.000000E-01    1.058019E+00    4.646465E+00   -7.687273E-04
    4.000000E-02    4.000000E-01    1.058019E+00    4.747475E+00   -3.043814E-04
    4.000000E-02    4.000000E-01    1.058019E+00    4.848485E+00   -1.045088E-04
    4.000000E-02    4.000000E-01    1.058019E+00    4.949495E+00   -3.353828E-05
    4.000000E-02    4.000000E-01    1.058019E+00    5.050505E+00   -1.079096E-05
    4.000000E-02    4.000000E-01    1.058019E+00    5.151515E+00   -3.291923E-06
    4.000000E-02    4.000000E-01    1.058019E+00    5.252525E+00   -8.828125E-07
    4.000000E-02    4.000000E-01    1.058019E+00    5.353535E+00   -2.359098E-07
    4.000000E-02    4.000000E-01    1.058019E+00    5.454545E+00   -1.357482E-07
    4.000000E-02    4.000000E-01    1.058019E+00    5.555556E+00   -7.286725E-08
    4.000000E-02    4.000000E-01    1.058019E+00    5.656566E+00   -9.986271E-09
    4.000000E-02    4.000000E-01    1.058019E+00    5.757576E+00   -1.385532E-09
    4.000000E-02    4.000000E-01    1.058019E+00    5.858586E+00   -1.081913E-09
    4.000000E-02    4.000000E-01    1.058019E+00    5.959596E+00   -7.782944E-10
    4.000000E-02    4.000000E-01    1.058019E+00    6.060606E+00   -4.746754E-10
    4.000000E-02    4.000000E-01    1.058019E+00    6.161616E+00   -1.710564E-10
    4.000000E-02    4.000000E-01    1.058019E+00    6.262626E+00   -3.206831E-14
    4.000000E-02    4.000000E-01    1.058019E+00    6.363636E+00   -2.768568E-14
    4.000000E-02    4.000000E-01    1.058019E+00    6.464646E+00   -2.330306E-14
    4.000000E-02    4.000000E-01    1.058019E+00    6.565657E+00   -1.892043E-14
    4.000000E-02    4.000000E-01    1.058019E+00    6.666667E+00   -1.453780E-14
    4.000000E-02    4.000000E-01    1.058019E+00    6.767677E+00   -1.015518E-14
    4.000000E-02    4.000000E-01    1.058019E+00    6.868687E+00   -5.772551E-15
    4.000000E-02    4.000000E-01    1.058019E+00    6.969697E+00   -1.389924E-15
    4.000000E-02    4.000000E-01    1.058019E+00    7.070707E+00   -1.459587E-23
    4.000000E-02    4.000000E-01    1.058019E+00    7.171717E+00   -1.303208E-23
    4.000000E-02    4.000000E-01    1.058019E+00    7.272727E+00   -1.146830E-23
    4.000000E-02    4.000000E-01    1.058019E+00    7.373737E+00   -9.904511E-24
    4.000000E-02    4.000000E-01    1.058019E+00    7.474747E+00   -8.340726E-24
    4.000000E-02    4.000000E-01    1.058019E+00    7.575758E+00   -6.776940E-24
    4.000000E-02    4.000000E-01    1.058019E+00    7.676768E+00   -5.213155E-24
    4.000000E-02    4.000000E-01    1.058019E+00    7.777778E+00   -3.649370E-24
    4.000000E-02    4.000000E-01    1.058019E+00    7.878788E+00   -2.085585E-24
    4.000000E-02    4.000000E-01    1.058019E+00    7.979798E+00   -5.217992E-25
    4.000000E-02    4.000000E-01    1.058019E+00    8.080808E+00   -7.332000E-33
    4.000000E-02    4.000000E-01    1.058019E+00    8.181818E+00   -7.868728E-33
    4.000000E-02    4.000000E-01    1.058019E+00    8.282828E+00   -8.405457E-33
    4.000000E-02    4.000000E-01    1.058019E+00    8.383838E+00   -8.942185E-33
    4.000000E-02    4.000000E-01    1.058019E+00    8.484848E+00   -9.478914E-33
    4.000000E-02    4.000000E-01    1.058019E+00    8.585859E+00   -1.001564E-32
    4.000000E-02    4.000000E-01    1.058019E+00    8.686869E+00   -1.055237E-32
    4.000000E-02    4.000000E-01    1.058019E+00    8.787879E+00   -1.108910E-32
    4.000000E-02    4.000000E-01    1.058019E+00    8.888889E+00   -1.162583E-32
    4.000000E-02    4.000000E-01    1.058019E+00    8.989899E+00   -1.216256E-32
    4.000000E-02    4.000000E-01    1.058019E+00    9.090909E+00   -1.269928E-32
    4.000000E-02    4.000000E-01    1.058019E+00    9.191919E+00   -1.323601E-32
    4.000000E-02    4.000000E-01    1.058019E+00    9.292929E+00   -1.391072E-32
    4.000000E-02    4.000000E-01    1.058019E+00    9.393939E+00   -1.477983E-32
    4.000000E-02    4.000000E-01    1.058019E+00    9.494949E+00   -1.564893E-32
    4.000000E-02    4.000000E-01    1.058019E+00    9.595960E+00   -1.651804E-32
    4.000000E-02    4.000000E-01    1.058019E+00    9.696970E+00   -1.738714E-32
    4.000000E-02    4.000000E-01    1.058019E+00    9.797980E+00   -1.825624E-32
    4.000000E-02    4.000000E-01    1.058019E+00    9.898990E+00   -1.912535E-32
    4.000000E-02    4.000000E-01    1.058019E+00    1.000000E+01   -1.999445E-32

    4.000000E-02    5.000000E-01    1.058019E+00    0.000000E+00    2.250119E+00
    4.000000E-02    5.000000E-01    1.058019E+00    1.010101E-01    2.242071E+00
    4.000000E-02    5.000000E-01    1.058019E+00    2.020202E-01    2.217960E+00
    4.000000E-02    5.000000E-01    1.058019E+00    3.030303E-01    2.177946E+00
    4.000000E-02    5.000000E-01    1.058019E+00    4.040404E-01    2.122136E+00
    4.000000E-02    5.000000E-01    1.058019E+00    5.050505E-01    2.050738E+00
    4.000000E-02    5.000000E-01    1.058019E+00    6.060606E-01    1.963992E+00
    4.000000E-02    5.000000E-01    1.058019E+00    7.070707E-01    1.862140E+00
    4.000000E-02    5.000000E-01    1.058019E+00    8.080808E-01    1.745597E+00
    4.000000E-02    5.000000E-01    1.058019E+00    9.090909E-01    1.614950E+00
    4.000000E-02    5.000000E-01    1.058019E+00    1.010101E+00    1.471019E+00
    4.000000E-02    5.000000E-01    1.058019E+00    1.111111E+00    1.314905E+00
    4.000000E-02    5.000000E-01    1.058019E+00    1.212121E+00    1.147953E+00
    4.000000E-02    5.000000E-01    1.058019E+00    1.313131E+00    9.715688E-01
    4.000000E-02    5.000000E-01    1.058019E+00    1.414141E+00    7.870640E-01
    4.000000E-02    5.000000E-01    1.058019E+00    1.515152E+00    5.955464E-01
    4.000000E-02    5.000000E-01    1.058019E+00    1.616162E+00    3.980443E-01
    4.000000E-02    5.000000E-01    1.058019E+00    1.717172E+00    1.960767E-01
    4.000000E-02    5.000000E-01    1.058019E+00    1.818182E+00   -8.337049E-03
    4.000000E-02    5.000000E-01    1.058019E+00    1.919192E+00   -2.121411E-01
    4.000000E-02    5.000000E-01    1.058019E+00    2.020202E+00   -4.113220E-01
    4.000000E-02    5.000000E-01    1.058019E+00    2.121212E+00   -5.983303E-01
    4.000000E-02    5.000000E-01    1.058019E+00    2.222222E+00   -7.671493E-01
    4.000000E-02    5.000000E-01    1.058019E+00    2.323232E+00   -9.106916E-01
    4.000000E-02    5.000000E-01    1.058019E+00    2.424242E+00   -1.019915E+00
    4.000000E-02    5.000000E-01    1.058019E+00    2.525253E+00   -1.093271E+00
    4.000000E-02    5.000000E-01    1.058019E+00    2.626263E+00   -1.130165E+00
    4.000000E-02    5.000000E-01    1.058019E+00    2.727273E+00   -1.132617E+00
    4.000000E-02    5.000000E-01    1.058019E+00    2.828283E+00   -1.102573E+00
    4.000000E-02    5.000000E-01    1.058019E+00    2.929293E+00   -1.045670E+00
    4.000000E-02    5.000000E-01    1.058019E+00    3.030303E+00   -9.618937E-01
    4.000000E-02    5.000000E-01    1.058019E+00    3.131313E+00   -8.548771E-01
    4.000000E-02    5.000000E-01    1.058019E+00    3.232323E+00   -7.270180E-01
    4.000000E-02    5.000000E-01    1.058019E+00    3.333333E+00   -5.921073E-01
    4.000000E-02    5.000000E-01    1.058019E+00    3.434343E+00   -4.625656E-01
    4.000000E-02    5.000000E-01    1.058019E+00    3.535354E+00   -3.427397E-01
    4.000000E-02    5.000000E-01    1.058019E+00    3.636364E+00   -2.495107E-01
    4.000000E-02    5.000000E-01    1.058019E+00    3.737374E+00   -1.684415E-01
    4.000000E-02    5.000000E-01    1.058019E+00    3.838384E+00   -1.128047E-01
    4.000000E-02    5.000000E-01    1.058019E+00    3.939394E+00   -7.140983E-02
    4.000000E-02    5.000000E-01    1.058019E+00    4.040404E+00   -4.121767E-02
    4.000000E-02    5.000000E-01    1.058019E+00    4.141414E+00   -2.515468E-02
    4.000000E-02    5.000000E-01    1.058019E+00    4.242424E+00   -1.280827E-02
    4.000000E-02    5.000000E-01    1.058019E+00    4.343434E+00   -7.007270E-03
    4.000000E-02    5.000000E-01    1.058019E+00    4.444444E+00   -3.413201E-03
    4.000000E-02    5.000000E-01    1.058019E+00    4.545455E+00   -1.372357E-03
    4.000000E-02    5.000000E-01    1.058019E+00    4.646465E+00   -6.833233E-04
    4.000000E-02    5.000000E-01    1.058019E+00    4.747475E+00   -2.705654E-04
    4.000000E-02    5.000000E-01    1.058019E+00    4.848485E+00   -9.289820E-05
    4.000000E-02    5.000000E-01    1.058019E+00    4.949495E+00   -2.981228E-05
    4.000000E-02    5.000000E-01    1.058019E+00    5.050505E+00   -9.592125E-06
    4.000000E-02    5.000000E-01    1.058019E+00    5.151515E+00   -2.926204E-06
    4.000000E-02    5.000000E-01    1.058019E+00    5.252525E+00   -7.847362E-07
    4.000000E-02    5.000000E-01    1.058019E+00    5.353535E+00   -2.097014E-07
    4.000000E-02    5.000000E-01    1.058019E+00    5.454545E+00   -1.206673E-07
    4.000000E-02    5.000000E-01    1.058019E+00    5.555556E+00   -6.477209E-08
    4.000000E-02    5.000000E-01    1.058019E+00    5.656566E+00   -8.876851E-09
    4.000000E-02    5.000000E-01    1.058019E+00    5.757576E+00   -1.231609E-09
    4.000000E-02    5.000000E-01    1.058019E+00    5.858586E+00   -9.617203E-10
    4.000000E-02    5.000000E-01    1.058019E+00    5.959596E+00   -6.918312E-10
    4.000000E-02    5.000000E-01    1.058019E+00    6.060606E+00   -4.219422E-10
    4.000000E-02    5.000000E-01    1.058019E+00    6.161616E+00   -1.520532E-10
    4.000000E-02    5.000000E-01    1.058019E+00    6.262626E+00   -2.850584E-14
    4.000000E-02    5.000000E-01    1.058019E+00    6.363636E+00   -2.461008E-14
    4.000000E-02    5.000000E-01    1.058019E+00    6.464646E+00   -2.071432E-14
    4.000000E-02    5.000000E-01    1.058019E+00    6.565657E+00   -1.681856E-14
    4.000000E-02    5.000000E-01    1.058019E+00    6.666667E+00   -1.292280E-14
    4.000000E-02    5.000000E-01    1.058019E+00    6.767677E+00   -9.027037E-15
    4.000000E-02    5.000000E-01    1.058019E+00    6.868687E+00   -5.131277E-15
    4.000000E-02    5.000000E-01    1.058019E+00    6.969697E+00   -1.235517E-15
    4.000000E-02    5.000000E-01    1.058019E+00    7.070707E+00   -1.297446E-23
    4.000000E-02    5.000000E-01    1.058019E+00    7.171717E+00   -1.158439E-23
    4.000000E-02    5.000000E-01    1.058019E+00    7.272727E+00   -1.019432E-23
    4.000000E-02    5.000000E-01    1.058019E+00    7.373737E+00   -8.804253E-24
    4.000000E-02    5.000000E-01    1.058019E+00    7.474747E+00   -7.414183E-24
    4.000000E-02    5.000000E-01    1.058019E+00    7.575758E+00   -6.024114E-24
    4.000000E-02    5.000000E-01    1.058019E+00    7.676768E+00   -4.634044E-24
    4.000000E-02    5.000000E-01    1.058019E+00    7.777778E+00   -3.243974E-24
    4.000000E-02    5.000000E-01    1.058019E+00    7.878788E+00   -1.853904E-24
    4.000000E-02    5.000000E-01    1.058019E+00    7.979798E+00   -4.638343E-25
    4.000000E-02    5.000000E-01    1.058019E+00    8.080808E+00   -6.517411E-33
    4.000000E-02    5.000000E-01    1.058019E+00    8.181818E+00   -6.994515E-33
    4.000000E-02    5.000000E-01    1.058019E+00    8.282828E+00   -7.471618E-33
    4.000000E-02    5.000000E-01    1.058019E+00    8.383838E+00   -7.948722E-33
    4.000000E-02    5.000000E-01    1.058019E+00    8.484848E+00   -8.425825E-33
    4.000000E-02    5.000000E-01    1.058019E+00    8.585859E+00   -8.902929E-33
    4.000000E-02    5.000000E-01    1.058019E+00    8.686869E+00   -9.380032E-33
    4.000000E-02    5.000000E-01    1.058019E+00    8.787879E+00   -9.857136E-33
    4.000000E-02    5.000000E-01    1.058019E+00    8.888889E+00   -1.033424E-32
    4.000000E-02    5.000000E-01    1.058019E+00    8.989899E+00   -1.081134E-32
    4.000000E-02    5.000000E-01    1.058019E+00    9.090909E+00   -1.128845E-32
    4.000000E-02    5.000000E-01    1.058019E+00    9.191919E+00   -1.176555E-32
    4.000000E-02    5.000000E-01    1.058019E+00    9.292929E+00   -1.236531E-32
    4.000000E-02    5.000000E-01    1.058019E+00    9.393939E+00   -1.313787E-32
    4.000000E-02    5.000000E-01    1.058019E+00    9.494949E+00   -1.391042E-32
    4.000000E-02    5.000000E-01    1.058019E+00    9.595960E+00   -1.468298E-32
    4.000000E-02    5.000000E-01    1.058019E+00    9.696970E+00   -1.545554E-32
    4.000000E-02    5.000000E-01    1.058019E+00    9.797980E+00   -1.622810E-32
    4.000000E-02    5.000000E-01    1.058019E+00    9.898990E+00   -1.700066E-32
    4.000000E-02    5.000000E-01    1.058019E+00    1.000000E+01   -1.777322E-32

    4.000000E-02    6.000000E-01    1.058019E+00    0.000000E+00    1.841467E+00
    4.000000E-02    6.000000E-01    1.058019E+00    1.010101E-01    1.834878E+00
    4.000000E-02    6.000000E-01    1.058019E+00    2.020202E-01    1.815138E+00
    4.000000E-02    6.000000E-01    1.058019E+00    3.030303E-01    1.782378E+00
    4.000000E-02    6.000000E-01    1.058019E+00    4.040404E-01    1.736686E+00
    4.000000E-02    6.000000E-01    1.058019E+00    5.050505E-01    1.678233E+00
    4.000000E-02    6.000000E-01    1.058019E+00    6.060606E-01    1.607215E+00
    4.000000E-02    6.000000E-01    1.058019E+00    7.070707E-01    1.523833E+00
    4.000000E-02    6.000000E-01    1.058019E+00    8.080808E-01    1.428429E+00
    4.000000E-02    6.000000E-01    1.058019E+00    9.090909E-01    1.321484E+00
    4.000000E-02    6.000000E-01    1.058019E+00    1.010101E+00    1.203674E+00
    4.000000E-02    6.000000E-01    1.058019E+00    1.111111E+00    1.075902E+00
    4.000000E-02    6.000000E-01    1.058019E+00    1.212121E+00    9.392691E-01
    4.000000E-02    6.000000E-01    1.058019E+00    1.313131E+00    7.949265E-01
    4.000000E-02    6.000000E-01    1.058019E+00    1.414141E+00    6.439475E-01
    4.000000E-02    6.000000E-01    1.058019E+00    1.515152E+00    4.872377E-01
    4.000000E-02    6.000000E-01    1.058019E+00    1.616162E+00    3.256385E-01
    4.000000E-02    6.000000E-01    1.058019E+00    1.717172E+00    1.603921E-01
    4.000000E-02    6.000000E-01    1.058019E+00    1.818182E+00   -6.849682E-03
    4.000000E-02    6.000000E-01    1.058019E+00    1.919192E+00   -1.735866E-01
    4.000000E-02    6.000000E-01    1.058019E+00    2.020202E+00   -3.365366E-01
    4.000000E-02    6.000000E-01    1.058019E+00    2.121212E+00   -4.895235E-01
    4.000000E-02    6.000000E-01    1.058019E+00    2.222222E+00   -6.276264E-01
    4.000000E-02    6.000000E-01    1.058019E+00    2.323232E+00   -7.450481E-01
    4.000000E-02    6.000000E-01    1.058019E+00    2.424242E+00   -8.343924E-01
    4.000000E-02    6.000000E-01    1.058019E+00    2.525253E+00   -8.943941E-01
    4.000000E-02    6.000000E-01    1.058019E+00    2.626263E+00   -9.245667E-01
    4.000000E-02    6.000000E-01    1.058019E+00    2.727273E+00   -9.265638E-01
    4.000000E-02    6.000000E-01    1.058019E+00    2.828283E+00   -9.019793E-01
    4.000000E-02    6.000000E-01    1.058019E+00    2.929293E+00   -8.554230E-01
    4.000000E-02    6.000000E-01    1.058019E+00    3.030303E+00   -7.868846E-01
    4.000000E-02    6.000000E-01    1.058019E+00    3.131313E+00   -6.993357E-01
    4.000000E-02    6.000000E-01    1.058019E+00    3.232323E+00   -5.947378E-01
    4.000000E-02    6.000000E-01    1.058019E+00    3.333333E+00   -4.843727E-01
    4.000000E-02    6.000000E-01    1.058019E+00    3.434343E+00   -3.784001E-01
    4.000000E-02    6.000000E-01    1.058019E+00    3.535354E+00   -2.803763E-01
    4.000000E-02    6.000000E-01    1.058019E+00    3.636364E+00   -2.041105E-01
    4.000000E-02    6.000000E-01    1.058019E+00    3.737374E+00   -1.377922E-01
    4.000000E-02    6.000000E-01    1.058019E+00    3.838384E+00   -9.227882E-02
    4.000000E-02    6.000000E-01    1.058019E+00    3.939394E+00   -5.841607E-02
    4.000000E-02    6.000000E-01    1.058019E+00    4.040404E+00   -3.371766E-02
    4.000000E-02    6.000000E-01    1.058019E+00    4.141414E+00   -2.057750E-02
    4.000000E-02    6.000000E-01    1.058019E+00    4.242424E+00   -1.047766E-02
    4.000000E-02    6.000000E-01    1.058019E+00    4.343434E+00   -5.732214E-03
    4.000000E-02    6.000000E-01    1.058019E+00    4.444444E+00   -2.792129E-03
    4.000000E-02    6.000000E-01    1.058019E+00    4.545455E+00   -1.122641E-03
    4.000000E-02    6.000000E-01    1.058019E+00    4.646465E+00   -5.589848E-04
    4.000000E-02    6.000000E-01    1.058019E+00    4.747475E+00   -2.213330E-04
    4.000000E-02    6.000000E-01    1.058019E+00    4.848485E+00   -7.599439E-05
    4.000000E-02    6.000000E-01    1.058019E+00    4.949495E+00   -2.438764E-05
    4.000000E-02    6.000000E-01    1.058019E+00    5.050505E+00   -7.846747E-06
    4.000000E-02    6.000000E-01    1.058019E+00    5.151515E+00   -2.393755E-06
    4.000000E-02    6.000000E-01    1.058019E+00    5.252525E+00   -6.419469E-07
    4.000000E-02    6.000000E-01    1.058019E+00    5.353535E+00   -1.715446E-07
    4.000000E-02    6.000000E-01    1.058019E+00    5.454545E+00   -9.871098E-08
    4.000000E-02    6.000000E-01    1.058019E+00    5.555556E+00   -5.298631E-08
    4.000000E-02    6.000000E-01    1.058019E+00    5.656566E+00   -7.261643E-09
    4.000000E-02    6.000000E-01    1.058019E+00    5.757576E+00   -1.007511E-09
    4.000000E-02    6.000000E-01    1.058019E+00    5.858586E+00   -7.867297E-10
    4.000000E-02    6.000000E-01    1.058019E+00    5.959596E+00   -5.659486E-10
    4.000000E-02    6.000000E-01    1.058019E+00    6.060606E+00   -3.451674E-10
    4.000000E-02    6.000000E-01    1.058019E+00    6.161616E+00   -1.243862E-10
    4.000000E-02    6.000000E-01    1.058019E+00    6.262626E+00   -2.331913E-14
    4.000000E-02    6.000000E-01    1.058019E+00    6.363636E+00   -2.013221E-14
    4.000000E-02    6.000000E-01    1.058019E+00    6.464646E+00   -1.694530E-14
    4.000000E-02    6.000000E-01    1.058019E+00    6.565657E+00   -1.375838E-14
    4.000000E-02    6.000000E-01    1.058019E+00    6.666667E+00   -1.057146E-14
    4.000000E-02    6.000000E-01    1.058019E+00    6.767677E+00   -7.384546E-15
    4.000000E-02    6.000000E-01    1.058019E+00    6.868687E+00   -4.197629E-15
    4.000000E-02    6.000000E-01    1.058019E+00    6.969697E+00   -1.010712E-15
    4.000000E-02    6.000000E-01    1.058019E+00    7.070707E+00   -1.061378E-23
    4.000000E-02    6.000000E-01    1.058019E+00    7.171717E+00   -9.476635E-24
    4.000000E-02    6.000000E-01    1.058019E+00    7.272727E+00   -8.339486E-24
    4.000000E-02    6.000000E-01    1.058019E+00    7.373737E+00   -7.202336E-24
    4.000000E-02    6.000000E-01    1.058019E+00    7.474747E+00   -6.065187E-24
    4.000000E-02    6.000000E-01    1.058019E+00    7.575758E+00   -4.928038E-24
    4.000000E-02    6.000000E-01    1.058019E+00    7.676768E+00   -3.790889E-24
    4.000000E-02    6.000000E-01    1.058019E+00    7.777778E+00   -2.653739E-24
    4.000000E-02    6.000000E-01    1.058019E+00    7.878788E+00   -1.516590E-24
    4.000000E-02    6.000000E-01    1.058019E+00    7.979798E+00   -3.794406E-25
    4.000000E-02    6.000000E-01    1.058019E+00    8.080808E+00   -5.331473E-33
    4.000000E-02    6.000000E-01    1.058019E+00    8.181818E+00   -5.721766E-33
    4.000000E-02    6.000000E-01    1.058019E+00    8.282828E+00   -6.112060E-33
    4.000000E-02    6.000000E-01    1.058019E+00    8.383838E+00   -6.502353E-33
    4.000000E-02    6.000000E-01    1.058019E+00    8.484848E+00   -6.892647E-33
    4.000000E-02    6.000000E-01    1.058019E+00    8.585859E+00   -7.282940E-33
    4.000000E-02    6.000000E-01    1.058019E+00    8.686869E+00   -7.673234E-33
    4.000000E-02    6.000000E-01    1.058019E+00    8.787879E+00   -8.063527E-33
    4.000000E-02    6.000000E-01    1.058019E+00    8.888889E+00   -8.453821E-33
    4.000000E-02    6.000000E-01    1.058019E+00    8.989899E+00   -8.844114E-33
    4.000000E-02    6.000000E-01    1.058019E+00    9.090909E+00   -9.234408E-33
    4.000000E-02    6.000000E-01    1.058019E+00    9.191919E+00   -9.624701E-33
    4.000000E-02    6.000000E-01    1.058019E+00    9.292929E+00   -1.011533E-32
    4.000000E-02    6.000000E-01    1.058019E+00    9.393939E+00   -1.074732E-32
    4.000000E-02    6.000000E-01    1.058019E+00    9.494949E+00   -1.137932E-32
    4.000000E-02    6.000000E-01    1.058019E+00    9.595960E+00   -1.201131E-32
    4.000000E-02    6.000000E-01    1.058019E+00    9.696970E+00   -1.264330E-32
    4.000000E-02    6.000000E-01    1.058019E+00    9.797980E+00   -1.327529E-32
    4.000000E-02    6.000000E-01    1.058019E+00    9.898990E+00   -1.390729E-32
    4.000000E-02    6.000000E-01    1.058019E+00    1.000000E+01   -1.453928E-32

    4.000000E-02    7.000000E-01    1.058019E+00    0.000000E+00    1.179401E+00
    4.000000E-02    7.000000E-01    1.058019E+00    1.010101E-01    1.175179E+00
    4.000000E-02    7.000000E-01    1.058019E+00    2.020202E-01    1.162530E+00
    4.000000E-02    7.000000E-01    1.058019E+00    3.030303E-01    1.141539E+00
    4.000000E-02    7.000000E-01    1.058019E+00    4.040404E-01    1.112261E+00
    4.000000E-02    7.000000E-01    1.058019E+00    5.050505E-01    1.074807E+00
    4.000000E-02    7.000000E-01    1.058019E+00    6.060606E-01    1.029303E+00
    4.000000E-02    7.000000E-01    1.058019E+00    7.070707E-01    9.758780E-01
    4.000000E-02    7.000000E-01    1.058019E+00    8.080808E-01    9.147535E-01
    4.000000E-02    7.000000E-01    1.058019E+00    9.090909E-01    8.462401E-01
    4.000000E-02    7.000000E-01    1.058019E+00    1.010101E+00    7.707716E-01
    4.000000E-02    7.000000E-01    1.058019E+00    1.111111E+00    6.889293E-01
    4.000000E-02    7.000000E-01    1.058019E+00    1.212121E+00    6.014191E-01
    4.000000E-02    7.000000E-01    1.058019E+00    1.313131E+00    5.089784E-01
    4.000000E-02    7.000000E-01    1.058019E+00    1.414141E+00    4.122942E-01
    4.000000E-02    7.000000E-01    1.058019E+00    1.515152E+00    3.119463E-01
    4.000000E-02    7.000000E-01    1.058019E+00    1.616162E+00    2.084731E-01
    4.000000E-02    7.000000E-01    1.058019E+00    1.717172E+00    1.026698E-01
    4.000000E-02    7.000000E-01    1.058019E+00    1.818182E+00   -4.406577E-03
    4.000000E-02    7.000000E-01    1.058019E+00    1.919192E+00   -1.111550E-01
    4.000000E-02    7.000000E-01    1.058019E+00    2.020202E+00   -2.154754E-01
    4.000000E-02    7.000000E-01    1.058019E+00    2.121212E+00   -3.134138E-01
    4.000000E-02    7.000000E-01    1.058019E+00    2.222222E+00   -4.018208E-01
    4.000000E-02    7.000000E-01    1.058019E+00    2.323232E+00   -4.769862E-01
    4.000000E-02    7.000000E-01    1.058019E+00    2.424242E+00   -5.341755E-01
    4.000000E-02    7.000000E-01    1.058019E+00    2.525253E+00   -5.725799E-01
    4.000000E-02    7.000000E-01    1.058019E+00    2.626263E+00   -5.918885E-01
    4.000000E-02    7.000000E-01    1.058019E+00    2.727273E+00   -5.931606E-01
    4.000000E-02    7.000000E-01    1.058019E+00    2.828283E+00   -5.774170E-01
    4.000000E-02    7.000000E-01    1.058019E+00    2.929293E+00   -5.476090E-01
    4.000000E-02    7.000000E-01    1.058019E+00    3.030303E+00   -5.037302E-01
    4.000000E-02    7.000000E-01    1.058019E+00    3.131313E+00   -4.476826E-01
    4.000000E-02    7.000000E-01    1.058019E+00    3.232323E+00   -3.807222E-01
    4.000000E-02    7.000000E-01    1.058019E+00    3.333333E+00   -3.100707E-01
    4.000000E-02    7.000000E-01    1.058019E+00    3.434343E+00   -2.422317E-01
    4.000000E-02    7.000000E-01    1.058019E+00    3.535354E+00   -1.794815E-01
    4.000000E-02    7.000000E-01    1.058019E+00    3.636364E+00   -1.306601E-01
    4.000000E-02    7.000000E-01    1.058019E+00    3.737374E+00   -8.820659E-02
    4.000000E-02    7.000000E-01    1.058019E+00    3.838384E+00   -5.907150E-02
    4.000000E-02    7.000000E-01    1.058019E+00    3.939394E+00   -3.739450E-02
    4.000000E-02    7.000000E-01    1.058019E+00    4.040404E+00   -2.158402E-02
    4.000000E-02    7.000000E-01    1.058019E+00    4.141414E+00   -1.317247E-02
    4.000000E-02    7.000000E-01    1.058019E+00    4.242424E+00   -6.707160E-03
    4.000000E-02    7.000000E-01    1.058019E+00    4.343434E+00   -3.669416E-03
    4.000000E-02    7.000000E-01    1.058019E+00    4.444444E+00   -1.787352E-03
    4.000000E-02    7.000000E-01    1.058019E+00    4.545455E+00   -7.186469E-04
    4.000000E-02    7.000000E-01    1.058019E+00    4.646465E+00   -3.578284E-04
    4.000000E-02    7.000000E-01    1.058019E+00    4.747475E+00   -1.416841E-04
    4.000000E-02    7.000000E-01    1.058019E+00    4.848485E+00   -4.864709E-05
    4.000000E-02    7.000000E-01    1.058019E+00    4.949495E+00   -1.561153E-05
    4.000000E-02    7.000000E-01    1.058019E+00    5.050505E+00   -5.023029E-06
    4.000000E-02    7.000000E-01    1.058019E+00    5.151515E+00   -1.532344E-06
    4.000000E-02    7.000000E-01    1.058019E+00    5.252525E+00   -4.109376E-07
    4.000000E-02    7.000000E-01    1.058019E+00    5.353535E+00   -1.098131E-07
    4.000000E-02    7.000000E-01    1.058019E+00    5.454545E+00   -6.318918E-08
    4.000000E-02    7.000000E-01    1.058019E+00    5.555556E+00   -3.391884E-08
    4.000000E-02    7.000000E-01    1.058019E+00    5.656566E+00   -4.648494E-09
    4.000000E-02    7.000000E-01    1.058019E+00    5.757576E+00   -6.449532E-10
    4.000000E-02    7.000000E-01    1.058019E+00    5.858586E+00   -5.036212E-10
    4.000000E-02    7.000000E-01    1.058019E+00    5.959596E+00   -3.622892E-10
    4.000000E-02    7.000000E-01    1.058019E+00    6.060606E+00   -2.209572E-10
    4.000000E-02    7.000000E-01    1.058019E+00    6.161616E+00   -7.962524E-11
    4.000000E-02    7.000000E-01    1.058019E+00    6.262626E+00   -1.492770E-14
    4.000000E-02    7.000000E-01    1.058019E+00    6.363636E+00   -1.288760E-14
    4.000000E-02    7.000000E-01    1.058019E+00    6.464646E+00   -1.084750E-14
    4.000000E-02    7.000000E-01    1.058019E+00    6.565657E+00   -8.807405E-15
    4.000000E-02    7.000000E-01    1.058019E+00    6.666667E+00   -6.767305E-15
    4.000000E-02    7.000000E-01    1.058019E+00    6.767677E+00   -4.727205E-15
    4.000000E-02    7.000000E-01    1.058019E+00    6.868687E+00   -2.687106E-15
    4.000000E-02    7.000000E-01    1.058019E+00    6.969697E+00   -6.470057E-16
    4.000000E-02    7.000000E-01    1.058019E+00    7.070707E+00   -6.794441E-24
    4.000000E-02    7.000000E-01    1.058019E+00    7.171717E+00   -6.066492E-24
    4.000000E-02    7.000000E-01    1.058019E+00    7.272727E+00   -5.338543E-24
    4.000000E-02    7.000000E-01    1.058019E+00    7.373737E+00   -4.610594E-24
    4.000000E-02    7.000000E-01    1.058019E+00    7.474747E+00   -3.882645E-24
    4.000000E-02    7.000000E-01    1.058019E+00    7.575758E+00   -3.154696E-24
    4.000000E-02    7.000000E-01    1.058019E+00    7.676768E+00   -2.426747E-24
    4.000000E-02    7.000000E-01    1.058019E+00    7.777778E+00   -1.698798E-24
    4.000000E-02    7.000000E-01    1.058019E+00    7.878788E+00   -9.708488E-25
    4.000000E-02    7.000000E-01    1.058019E+00    7.979798E+00   -2.428998E-25
    4.000000E-02    7.000000E-01    1.058019E+00    8.080808E+00   -3.412866E-33
    4.000000E-02    7.000000E-01    1.058019E+00    8.181818E+00   -3.662711E-33
    4.000000E-02    7.000000E-01    1.058019E+00    8.282828E+00   -3.912557E-33
    4.000000E-02    7.000000E-01    1.058019E+00    8.383838E+00   -4.162402E-33
    4.000000E-02    7.000000E-01    1.058019E+00    8.484848E+00   -4.412248E-33
    4.000000E-02    7.000000E-01    1.058019E+00    8.585859E+00   -4.662093E-33
    4.000000E-02    7.000000E-01    1.058019E+00    8.686869E+00   -4.911939E-33
    4.000000E-02    7.000000E-01    1.058019E+00    8.787879E+00   -5.161784E-33
    4.000000E-02    7.000000E-01    1.058019E+00    8.888889E+00   -5.411630E-33
    4.000000E-02    7.000000E-01    1.058019E+00    8.989899E+00   -5.661475E-33
    4.000000E-02    7.000000E-01    1.058019E+00    9.090909E+00   -5.911321E-33
    4.000000E-02    7.000000E-01    1.058019E+00    9.191919E+00   -6.161166E-33
    4.000000E-02    7.000000E-01    1.058019E+00    9.292929E+00   -6.475244E-33
    4.000000E-02    7.000000E-01    1.058019E+00    9.393939E+00   -6.879814E-33
    4.000000E-02    7.000000E-01    1.058019E+00    9.494949E+00   -7.284385E-33
    4.000000E-02    7.000000E-01    1.058019E+00    9.595960E+00   -7.688955E-33
    4.000000E-02    7.000000E-01    1.058019E+00    9.696970E+00   -8.093526E-33
    4.000000E-02    7.000000E-01    1.058019E+00    9.797980E+00   -8.498096E-33
    4.000000E-02    7.000000E-01    1.058019E+00    9.898990E+00   -8.902667E-33
    4.000000E-02    7.000000E-01    1.058019E+00    1.000000E+01   -9.307237E-33

    4.000000E-02    8.000000E-01    1.058019E+00    0.000000E+00    9.147951E-06
    4.000000E-02    8.000000E-01    1.058019E+00    1.010101E-01    9.115205E-06
    4.000000E-02    8.000000E-01    1.058019E+00    2.020202E-01    9.017105E-06
    4.000000E-02    8.000000E-01    1.058019E+00    3.030303E-01    8.854308E-06
    4.000000E-02    8.000000E-01    1.058019E+00    4.040404E-01    8.627256E-06
    4.000000E-02    8.000000E-01    1.058019E+00    5.050505E-01    8.336821E-06
    4.000000E-02    8.000000E-01    1.058019E+00    6.060606E-01    7.984011E-06
    4.000000E-02    8.000000E-01    1.058019E+00    7.070707E-01    7.569855E-06
    4.000000E-02    8.000000E-01    1.058019E+00    8.080808E-01    7.096108E-06
    4.000000E-02    8.000000E-01    1.058019E+00    9.090909E-01    6.565218E-06
    4.000000E-02    8.000000E-01    1.058019E+00    1.010101E+00    5.980580E-06
    4.000000E-02    8.000000E-01    1.058019E+00    1.111111E+00    5.346703E-06
    4.000000E-02    8.000000E-01    1.058019E+00    1.212121E+00    4.669047E-06
    4.000000E-02    8.000000E-01    1.058019E+00    1.313131E+00    3.953289E-06
    4.000000E-02    8.000000E-01    1.058019E+00    1.414141E+00    3.204721E-06
    4.000000E-02    8.000000E-01    1.058019E+00    1.515152E+00    2.427804E-06
    4.000000E-02    8.000000E-01    1.058019E+00    1.616162E+00    1.626694E-06
    4.000000E-02    8.000000E-01    1.058019E+00    1.717172E+00    8.075366E-07
    4.000000E-02    8.000000E-01    1.058019E+00    1.818182E+00   -2.148963E-08
    4.000000E-02    8.000000E-01    1.058019E+00    1.919192E+00   -8.480002E-07
    4.000000E-02    8.000000E-01    1.058019E+00    2.020202E+00   -1.655743E-06
    4.000000E-02    8.000000E-01    1.058019E+00    2.121212E+00   -2.414131E-06
    4.000000E-02    8.000000E-01    1.058019E+00    2.222222E+00   -3.098797E-06
    4.000000E-02    8.000000E-01    1.058019E+00    2.323232E+00   -3.681037E-06
    4.000000E-02    8.000000E-01    1.058019E+00    2.424242E+00   -4.124225E-06
    4.000000E-02    8.000000E-01    1.058019E+00    2.525253E+00   -4.422104E-06
    4.000000E-02    8.000000E-01    1.058019E+00    2.626263E+00   -4.572273E-06
    4.000000E-02    8.000000E-01    1.058019E+00    2.727273E+00   -4.582924E-06
    4.000000E-02    8.000000E-01    1.058019E+00    2.828283E+00   -4.461949E-06
    4.000000E-02    8.000000E-01    1.058019E+00    2.929293E+00   -4.232156E-06
    4.000000E-02    8.000000E-01    1.058019E+00    3.030303E+00   -3.893470E-06
    4.000000E-02    8.000000E-01    1.058019E+00    3.131313E+00   -3.460587E-06
    4.000000E-02    8.000000E-01    1.058019E+00    3.232323E+00   -2.943195E-06
    4.000000E-02    8.000000E-01    1.058019E+00    3.333333E+00   -2.397133E-06
    4.000000E-02    8.000000E-01    1.058019E+00    3.434343E+00   -1.872756E-06
    4.000000E-02    8.000000E-01    1.058019E+00    3.535354E+00   -1.387663E-06
    4.000000E-02    8.000000E-01    1.058019E+00    3.636364E+00   -1.010222E-06
    4.000000E-02    8.000000E-01    1.058019E+00    3.737374E+00   -6.820034E-07
    4.000000E-02    8.000000E-01    1.058019E+00    3.838384E+00   -4.567423E-07
    4.000000E-02    8.000000E-01    1.058019E+00    3.939394E+00   -2.891412E-07
    4.000000E-02    8.000000E-01    1.058019E+00    4.040404E+00   -1.668954E-07
    4.000000E-02    8.000000E-01    1.058019E+00    4.141414E+00   -1.018558E-07
    4.000000E-02    8.000000E-01    1.058019E+00    4.242424E+00   -5.186418E-08
    4.000000E-02    8.000000E-01    1.058019E+00    4.343434E+00   -2.837472E-08
    4.000000E-02    8.000000E-01    1.058019E+00    4.444444E+00   -1.382143E-08
    4.000000E-02    8.000000E-01    1.058019E+00    4.545455E+00   -5.557358E-09
    4.000000E-02    8.000000E-01    1.058019E+00    4.646465E+00   -2.767144E-09
    4.000000E-02    8.000000E-01    1.058019E+00    4.747475E+00   -1.095685E-09
    4.000000E-02    8.000000E-01    1.058019E+00    4.848485E+00   -3.762093E-10
    4.000000E-02    8.000000E-01    1.058019E+00    4.949495E+00   -1.207329E-10
    4.000000E-02    8.000000E-01    1.058019E+00    5.050505E+00   -3.884649E-11
    4.000000E-02    8.000000E-01    1.058019E+00    5.151515E+00   -1.185081E-11
    4.000000E-02    8.000000E-01    1.058019E+00    5.252525E+00   -3.178144E-12
    4.000000E-02    8.000000E-01    1.058019E+00    5.353535E+00   -8.492917E-13
    4.000000E-02    8.000000E-01    1.058019E+00    5.454545E+00   -4.887047E-13
    4.000000E-02    8.000000E-01    1.058019E+00    5.555556E+00   -2.623282E-13
    4.000000E-02    8.000000E-01    1.058019E+00    5.656566E+00   -3.595162E-14
    4.000000E-02    8.000000E-01    1.058019E+00    5.757576E+00   -4.988238E-15
    4.000000E-02    8.000000E-01    1.058019E+00    5.858586E+00   -3.895139E-15
    4.000000E-02    8.000000E-01    1.058019E+00    5.959596E+00   -2.802040E-15
    4.000000E-02    8.000000E-01    1.058019E+00    6.060606E+00   -1.708942E-15
    4.000000E-02    8.000000E-01    1.058019E+00    6.161616E+00   -6.158426E-16
    4.000000E-02    8.000000E-01    1.058019E+00    6.262626E+00   -1.154609E-19
    4.000000E-02    8.000000E-01    1.058019E+00    6.363636E+00   -9.968136E-20
    4.000000E-02    8.000000E-01    1.058019E+00    6.464646E+00   -8.390186E-20
    4.000000E-02    8.000000E-01    1.058019E+00    6.565657E+00   -6.812236E-20
    4.000000E-02    8.000000E-01    1.058019E+00    6.666667E+00   -5.234287E-20
    4.000000E-02    8.000000E-01    1.058019E+00    6.767677E+00   -3.656337E-20
    4.000000E-02    8.000000E-01    1.058019E+00    6.868687E+00   -2.078387E-20
    4.000000E-02    8.000000E-01    1.058019E+00    6.969697E+00   -5.004375E-21
    4.000000E-02    8.000000E-01    1.058019E+00    7.070707E+00   -5.255576E-29
    4.000000E-02    8.000000E-01    1.058019E+00    7.171717E+00   -4.692500E-29
    4.000000E-02    8.000000E-01    1.058019E+00    7.272727E+00   -4.129423E-29
    4.000000E-02    8.000000E-01    1.058019E+00    7.373737E+00   -3.566346E-29
    4.000000E-02    8.000000E-01    1.058019E+00    7.474747E+00   -3.003269E-29
    4.000000E-02    8.000000E-01    1.058019E+00    7.575758E+00   -2.440193E-29
    4.000000E-02    8.000000E-01    1.058019E+00    7.676768E+00   -1.877116E-29
    4.000000E-02    8.000000E-01    1.058019E+00    7.777778E+00   -1.314039E-29
    4.000000E-02    8.000000E-01    1.058019E+00    7.878788E+00   -7.509625E-30
    4.000000E-02    8.000000E-01    1.058019E+00    7.979798E+00   -1.878858E-30
    4.000000E-02    8.000000E-01    1.058019E+00    8.080808E+00   -2.625777E-38
    4.000000E-02    8.000000E-01    1.058019E+00    8.181818E+00   -2.818244E-38
    4.000000E-02    8.000000E-01    1.058019E+00    8.282828E+00   -3.010711E-38
    4.000000E-02    8.000000E-01    1.058019E+00    8.383838E+00   -3.203177E-38
    4.000000E-02    8.000000E-01    1.058019E+00    8.484848E+00   -3.395644E-38
    4.000000E-02    8.000000E-01    1.058019E+00    8.585859E+00   -3.588111E-38
    4.000000E-02    8.000000E-01    1.058019E+00    8.686869E+00   -3.780577E-38
    4.000000E-02    8.000000E-01    1.058019E+00    8.787879E+00   -3.973044E-38
    4.000000E-02    8.000000E-01    1.058019E+00    8.888889E+00   -4.165510E-38
    4.000000E-02    8.000000E-01    1.058019E+00    8.989899E+00   -4.357977E-38
    4.000000E-02    8.000000E-01    1.058019E+00    9.090909E+00   -4.550444E-38
    4.000000E-02    8.000000E-01    1.058019E+00    9.191919E+00   -4.742910E-38
    4.000000E-02    8.000000E-01    1.058019E+00    9.292929E+00   -4.984893E-38
    4.000000E-02    8.000000E-01    1.058019E+00    9.393939E+00   -5.296637E-38
    4.000000E-02    8.000000E-01    1.058019E+00    9.494949E+00   -5.608380E-38
    4.000000E-02    8.000000E-01    1.058019E+00    9.595960E+00   -5.920124E-38
    4.000000E-02    8.000000E-01    1.058019E+00    9.696970E+00   -6.231867E-38
    4.000000E-02    8.000000E-01    1.058019E+00    9.797980E+00   -6.543611E-38
    4.000000E-02    8.000000E-01    1.058019E+00    9.898990E+00   -6.855354E-38
    4.000000E-02    8.000000E-01    1.058019E+00    1.000000E+01   -7.167098E-38

    4.000000E-02    9.000000E-01    1.058019E+00    0.000000E+00    2.677610E-06
    4.000000E-02    9.000000E-01    1.058019E+00    1.010101E-01    2.668034E-06
    4.000000E-02    9.000000E-01    1.058019E+00    2.020202E-01    2.639349E-06
    4.000000E-02    9.000000E-01    1.058019E+00    3.030303E-01    2.591750E-06
    4.000000E-02    9.000000E-01    1.058019E+00    4.040404E-01    2.525374E-06
    4.000000E-02    9.000000E-01    1.058019E+00    5.050505E-01    2.440485E-06
    4.000000E-02    9.000000E-01    1.058019E+00    6.060606E-01    2.337392E-06
    4.000000E-02    9.000000E-01    1.058019E+00    7.070707E-01    2.216418E-06
    4.000000E-02    9.000000E-01    1.058019E+00    8.080808E-01    2.078096E-06
    4.000000E-02    9.000000E-01    1.058019E+00    9.090909E-01    1.923164E-06
    4.000000E-02    9.000000E-01    1.058019E+00    1.010101E+00    1.752625E-06
    4.000000E-02    9.000000E-01    1.058019E+00    1.111111E+00    1.567797E-06
    4.000000E-02    9.000000E-01    1.058019E+00    1.212121E+00    1.370256E-06
    4.000000E-02    9.000000E-01    1.058019E+00    1.313131E+00    1.161638E-06
    4.000000E-02    9.000000E-01    1.058019E+00    1.414141E+00    9.434627E-07
    4.000000E-02    9.000000E-01    1.058019E+00    1.515152E+00    7.170131E-07
    4.000000E-02    9.000000E-01    1.058019E+00    1.616162E+00    4.834894E-07
    4.000000E-02    9.000000E-01    1.058019E+00    1.717172E+00    2.446783E-07
    4.000000E-02    9.000000E-01    1.058019E+00    1.818182E+00    2.961443E-09
    4.000000E-02    9.000000E-01    1.058019E+00    1.919192E+00   -2.380584E-07
    4.000000E-02    9.000000E-01    1.058019E+00    2.020202E+00   -4.736439E-07
    4.000000E-02    9.000000E-01    1.058019E+00    2.121212E+00   -6.948937E-07
    4.000000E-02    9.000000E-01    1.058019E+00    2.222222E+00   -8.947095E-07
    4.000000E-02    9.000000E-01    1.058019E+00    2.323232E+00   -1.064733E-06
    4.000000E-02    9.000000E-01    1.058019E+00    2.424242E+00   -1.194302E-06
    4.000000E-02    9.000000E-01    1.058019E+00    2.525253E+00   -1.281592E-06
    4.000000E-02    9.000000E-01    1.058019E+00    2.626263E+00   -1.325903E-06
    4.000000E-02    9.000000E-01    1.058019E+00    2.727273E+00   -1.329617E-06
    4.000000E-02    9.000000E-01    1.058019E+00    2.828283E+00   -1.295023E-06
    4.000000E-02    9.000000E-01    1.058019E+00    2.929293E+00   -1.228742E-06
    4.000000E-02    9.000000E-01    1.058019E+00    3.030303E+00   -1.130734E-06
    4.000000E-02    9.000000E-01    1.058019E+00    3.131313E+00   -1.005262E-06
    4.000000E-02    9.000000E-01    1.058019E+00    3.232323E+00   -8.551264E-07
    4.000000E-02    9.000000E-01    1.058019E+00    3.333333E+00   -6.965585E-07
    4.000000E-02    9.000000E-01    1.058019E+00    3.434343E+00   -5.442467E-07
    4.000000E-02    9.000000E-01    1.058019E+00    3.535354E+00   -4.033081E-07
    4.000000E-02    9.000000E-01    1.058019E+00    3.636364E+00   -2.936264E-07
    4.000000E-02    9.000000E-01    1.058019E+00    3.737374E+00   -1.982419E-07
    4.000000E-02    9.000000E-01    1.058019E+00    3.838384E+00   -1.327702E-07
    4.000000E-02    9.000000E-01    1.058019E+00    3.939394E+00   -8.405489E-08
    4.000000E-02    9.000000E-01    1.058019E+00    4.040404E+00   -4.852022E-08
    4.000000E-02    9.000000E-01    1.058019E+00    4.141414E+00   -2.961285E-08
    4.000000E-02    9.000000E-01    1.058019E+00    4.242424E+00   -1.507954E-08
    4.000000E-02    9.000000E-01    1.058019E+00    4.343434E+00   -8.250237E-09
    4.000000E-02    9.000000E-01    1.058019E+00    4.444444E+00   -4.018910E-09
    4.000000E-02    9.000000E-01    1.058019E+00    4.545455E+00   -1.616025E-09
    4.000000E-02    9.000000E-01    1.058019E+00    4.646465E+00   -8.046773E-10
    4.000000E-02    9.000000E-01    1.058019E+00    4.747475E+00   -3.186358E-10
    4.000000E-02    9.000000E-01    1.058019E+00    4.848485E+00   -1.094101E-10
    4.000000E-02    9.000000E-01    1.058019E+00    4.949495E+00   -3.511325E-11
    4.000000E-02    9.000000E-01    1.058019E+00    5.050505E+00   -1.129827E-11
    4.000000E-02    9.000000E-01    1.058019E+00    5.151515E+00   -3.446845E-12
    4.000000E-02    9.000000E-01    1.058019E+00    5.252525E+00   -9.244025E-13
    4.000000E-02    9.000000E-01    1.058019E+00    5.353535E+00   -2.470336E-13
    4.000000E-02    9.000000E-01    1.058019E+00    5.454545E+00   -1.421505E-13
    4.000000E-02    9.000000E-01    1.058019E+00    5.555556E+00   -7.630400E-14
    4.000000E-02    9.000000E-01    1.058019E+00    5.656566E+00   -1.045745E-14
    4.000000E-02    9.000000E-01    1.058019E+00    5.757576E+00   -1.451057E-15
    4.000000E-02    9.000000E-01    1.058019E+00    5.858586E+00   -1.133079E-15
    4.000000E-02    9.000000E-01    1.058019E+00    5.959596E+00   -8.151017E-16
    4.000000E-02    9.000000E-01    1.058019E+00    6.060606E+00   -4.971238E-16
    4.000000E-02    9.000000E-01    1.058019E+00    6.161616E+00   -1.791460E-16
    4.000000E-02    9.000000E-01    1.058019E+00    6.262626E+00   -3.359114E-20
    4.000000E-02    9.000000E-01    1.058019E+00    6.363636E+00   -2.900039E-20
    4.000000E-02    9.000000E-01    1.058019E+00    6.464646E+00   -2.440965E-20
    4.000000E-02    9.000000E-01    1.058019E+00    6.565657E+00   -1.981890E-20
    4.000000E-02    9.000000E-01    1.058019E+00    6.666667E+00   -1.522816E-20
    4.000000E-02    9.000000E-01    1.058019E+00    6.767677E+00   -1.063742E-20
    4.000000E-02    9.000000E-01    1.058019E+00    6.868687E+00   -6.046672E-21
    4.000000E-02    9.000000E-01    1.058019E+00    6.969697E+00   -1.455928E-21
    4.000000E-02    9.000000E-01    1.058019E+00    7.070707E+00   -1.529209E-29
    4.000000E-02    9.000000E-01    1.058019E+00    7.171717E+00   -1.365372E-29
    4.000000E-02    9.000000E-01    1.058019E+00    7.272727E+00   -1.201534E-29
    4.000000E-02    9.000000E-01    1.058019E+00    7.373737E+00   -1.037696E-29
    4.000000E-02    9.000000E-01    1.058019E+00    7.474747E+00   -8.738581E-30
    4.000000E-02    9.000000E-01    1.058019E+00    7.575758E+00   -7.100203E-30
    4.000000E-02    9.000000E-01    1.058019E+00    7.676768E+00   -5.461824E-30
    4.000000E-02    9.000000E-01    1.058019E+00    7.777778E+00   -3.823446E-30
    4.000000E-02    9.000000E-01    1.058019E+00    7.878788E+00   -2.185068E-30
    4.000000E-02    9.000000E-01    1.058019E+00    7.979798E+00   -5.466891E-31
    4.000000E-02    9.000000E-01    1.058019E+00    8.080808E+00   -7.538013E-39
    4.000000E-02    9.000000E-01    1.058019E+00    8.181818E+00   -8.092286E-39
    4.000000E-02    9.000000E-01    1.058019E+00    8.282828E+00   -8.646559E-39
    4.000000E-02    9.000000E-01    1.058019E+00    8.383838E+00   -9.200831E-39
    4.000000E-02    9.000000E-01    1.058019E+00    8.484848E+00   -9.755104E-39
    4.000000E-02    9.000000E-01    1.058019E+00    8.585859E+00   -1.030938E-38
    4.000000E-02    9.000000E-01    1.058019E+00    8.686869E+00   -1.086365E-38
    4.000000E-02    9.000000E-01    1.058019E+00    8.787879E+00   -1.141792E-38
    4.000000E-02    9.000000E-01    1.058019E+00    8.888889E+00   -1.197219E-38
    4.000000E-02    9.000000E-01    1.058019E+00    8.989899E+00   -1.252647E-38
    4.000000E-02    9.000000E-01    1.058019E+00    9.090909E+00   -1.308074E-38
    4.000000E-02    9.000000E-01    1.058019E+00    9.191919E+00   -1.363501E-38
    4.000000E-02    9.000000E-01    1.058019E+00    9.292929E+00   -1.433214E-38
    4.000000E-02    9.000000E-01    1.058019E+00    9.393939E+00   -1.523053E-38
    4.000000E-02    9.000000E-01    1.058019E+00    9.494949E+00   -1.612891E-38
    4.000000E-02    9.000000E-01    1.058019E+00    9.595960E+00   -1.702730E-38
    4.000000E-02    9.000000E-01    1.058019E+00    9.696970E+00   -1.792569E-38
    4.000000E-02    9.000000E-01    1.058019E+00    9.797980E+00   -1.882408E-38
    4.000000E-02    9.000000E-01    1.058019E+00    9.898990E+00   -1.972246E-38
    4.000000E-02    9.000000E-01    1.058019E+00    1.000000E+01   -2.062085E-38

    4.000000E-02    1.000000E+00    1.058019E+00    0.000000E+00    1.631578E-06
    4.000000E-02    1.000000E+00    1.058019E+00    1.010101E-01    1.625748E-06
    4.000000E-02    1.000000E+00    1.058019E+00    2.020202E-01    1.608285E-06
    4.000000E-02    1.000000E+00    1.058019E+00    3.030303E-01    1.579311E-06
    4.000000E-02    1.000000E+00    1.058019E+00    4.040404E-01    1.538911E-06
    4.000000E-02    1.000000E+00    1.058019E+00    5.050505E-01    1.487254E-06
    4.000000E-02    1.000000E+00    1.058019E+00    6.060606E-01    1.424536E-06
    4.000000E-02    1.000000E+00    1.058019E+00    7.070707E-01    1.350963E-06
    4.000000E-02    1.000000E+00    1.058019E+00    8.080808E-01    1.266876E-06
    4.000000E-02    1.000000E+00    1.058019E+00    9.090909E-01    1.172732E-06
    4.000000E-02    1.000000E+00    1.058019E+00    1.010101E+00    1.069150E-06
    4.000000E-02    1.000000E+00    1.058019E+00    1.111111E+00    9.569311E-07
    4.000000E-02    1.000000E+00    1.058019E+00    1.212121E+00    8.370242E-07
    4.000000E-02    1.000000E+00    1.058019E+00    1.313131E+00    7.104092E-07
    4.000000E-02    1.000000E+00    1.058019E+00    1.414141E+00    5.779955E-07
    4.000000E-02    1.000000E+00    1.058019E+00    1.515152E+00    4.405525E-07
    4.000000E-02    1.000000E+00    1.058019E+00    1.616162E+00    2.988021E-07
    4.000000E-02    1.000000E+00    1.058019E+00    1.717172E+00    1.538258E-07
    4.000000E-02    1.000000E+00    1.058019E+00    1.818182E+00    7.067891E-09
    4.000000E-02    1.000000E+00    1.058019E+00    1.919192E+00   -1.392888E-07
    4.000000E-02    1.000000E+00    1.058019E+00    2.020202E+00   -2.823683E-07
    4.000000E-02    1.000000E+00    1.058019E+00    2.121212E+00   -4.167760E-07
    4.000000E-02    1.000000E+00    1.058019E+00    2.222222E+00   -5.382051E-07
    4.000000E-02    1.000000E+00    1.058019E+00    2.323232E+00   -6.415864E-07
    4.000000E-02    1.000000E+00    1.058019E+00    2.424242E+00   -7.204566E-07
    4.000000E-02    1.000000E+00    1.058019E+00    2.525253E+00   -7.737073E-07
    4.000000E-02    1.000000E+00    1.058019E+00    2.626263E+00   -8.009132E-07
    4.000000E-02    1.000000E+00    1.058019E+00    2.727273E+00   -8.035172E-07
    4.000000E-02    1.000000E+00    1.058019E+00    2.828283E+00   -7.829007E-07
    4.000000E-02    1.000000E+00    1.058019E+00    2.929293E+00   -7.430694E-07
    4.000000E-02    1.000000E+00    1.058019E+00    3.030303E+00   -6.839868E-07
    4.000000E-02    1.000000E+00    1.058019E+00    3.131313E+00   -6.082288E-07
    4.000000E-02    1.000000E+00    1.058019E+00    3.232323E+00   -5.174828E-07
    4.000000E-02    1.000000E+00    1.058019E+00    3.333333E+00   -4.215748E-07
    4.000000E-02    1.000000E+00    1.058019E+00    3.434343E+00   -3.294275E-07
    4.000000E-02    1.000000E+00    1.058019E+00    3.535354E+00   -2.441390E-07
    4.000000E-02    1.000000E+00    1.058019E+00    3.636364E+00   -1.777540E-07
    4.000000E-02    1.000000E+00    1.058019E+00    3.737374E+00   -1.200188E-07
    4.000000E-02    1.000000E+00    1.058019E+00    3.838384E+00   -8.038470E-08
    4.000000E-02    1.000000E+00    1.058019E+00    3.939394E+00   -5.089303E-08
    4.000000E-02    1.000000E+00    1.058019E+00    4.040404E+00   -2.937934E-08
    4.000000E-02    1.000000E+00    1.058019E+00    4.141414E+00   -1.793142E-08
    4.000000E-02    1.000000E+00    1.058019E+00    4.242424E+00   -9.131606E-09
    4.000000E-02    1.000000E+00    1.058019E+00    4.343434E+00   -4.996193E-09
    4.000000E-02    1.000000E+00    1.058019E+00    4.444444E+00   -2.433887E-09
    4.000000E-02    1.000000E+00    1.058019E+00    4.545455E+00   -9.787310E-10
    4.000000E-02    1.000000E+00    1.058019E+00    4.646465E+00   -4.873562E-10
    4.000000E-02    1.000000E+00    1.058019E+00    4.747475E+00   -1.929909E-10
    4.000000E-02    1.000000E+00    1.058019E+00    4.848485E+00   -6.627018E-11
    4.000000E-02    1.000000E+00    1.058019E+00    4.949495E+00   -2.126905E-11
    4.000000E-02    1.000000E+00    1.058019E+00    5.050505E+00   -6.843880E-12
    4.000000E-02    1.000000E+00    1.058019E+00    5.151515E+00   -2.087974E-12
    4.000000E-02    1.000000E+00    1.058019E+00    5.252525E+00   -5.599864E-13
    4.000000E-02    1.000000E+00    1.058019E+00    5.353535E+00   -1.496523E-13
    4.000000E-02    1.000000E+00    1.058019E+00    5.454545E+00   -8.611493E-14
    4.000000E-02    1.000000E+00    1.058019E+00    5.555556E+00   -4.622507E-14
    4.000000E-02    1.000000E+00    1.058019E+00    5.656566E+00   -6.335210E-15
    4.000000E-02    1.000000E+00    1.058019E+00    5.757576E+00   -8.791189E-16
    4.000000E-02    1.000000E+00    1.058019E+00    5.858586E+00   -6.864730E-16
    4.000000E-02    1.000000E+00    1.058019E+00    5.959596E+00   -4.938270E-16
    4.000000E-02    1.000000E+00    1.058019E+00    6.060606E+00   -3.011811E-16
    4.000000E-02    1.000000E+00    1.058019E+00    6.161616E+00   -1.085351E-16
    4.000000E-02    1.000000E+00    1.058019E+00    6.262626E+00   -2.035340E-20
    4.000000E-02    1.000000E+00    1.058019E+00    6.363636E+00   -1.757179E-20
    4.000000E-02    1.000000E+00    1.058019E+00    6.464646E+00   -1.479019E-20
    4.000000E-02    1.000000E+00    1.058019E+00    6.565657E+00   -1.200859E-20
    4.000000E-02    1.000000E+00    1.058019E+00    6.666667E+00   -9.226981E-21
    4.000000E-02    1.000000E+00    1.058019E+00    6.767677E+00   -6.445377E-21
    4.000000E-02    1.000000E+00    1.058019E+00    6.868687E+00   -3.663773E-21
    4.000000E-02    1.000000E+00    1.058019E+00    6.969697E+00   -8.821694E-22
    4.000000E-02    1.000000E+00    1.058019E+00    7.070707E+00   -9.266850E-30
    4.000000E-02    1.000000E+00    1.058019E+00    7.171717E+00   -8.274010E-30
    4.000000E-02    1.000000E+00    1.058019E+00    7.272727E+00   -7.281170E-30
    4.000000E-02    1.000000E+00    1.058019E+00    7.373737E+00   -6.288329E-30
    4.000000E-02    1.000000E+00    1.058019E+00    7.474747E+00   -5.295489E-30
    4.000000E-02    1.000000E+00    1.058019E+00    7.575758E+00   -4.302649E-30
    4.000000E-02    1.000000E+00    1.058019E+00    7.676768E+00   -3.309809E-30
    4.000000E-02    1.000000E+00    1.058019E+00    7.777778E+00   -2.316968E-30
    4.000000E-02    1.000000E+00    1.058019E+00    7.878788E+00   -1.324128E-30
    4.000000E-02    1.000000E+00    1.058019E+00    7.979798E+00   -3.312879E-31
    4.000000E-02    1.000000E+00    1.058019E+00    8.080808E+00   -4.509279E-39
    4.000000E-02    1.000000E+00    1.058019E+00    8.181818E+00   -4.841862E-39
    4.000000E-02    1.000000E+00    1.058019E+00    8.282828E+00   -5.174446E-39
    4.000000E-02    1.000000E+00    1.058019E+00    8.383838E+00   -5.507030E-39
    4.000000E-02    1.000000E+00    1.058019E+00    8.484848E+00   -5.839614E-39
    4.000000E-02    1.000000E+00    1.058019E+00    8.585859E+00   -6.172198E-39
    4.000000E-02    1.000000E+00    1.058019E+00    8.686869E+00   -6.504782E-39
    4.000000E-02    1.000000E+00    1.058019E+00    8.787879E+00   -6.837366E-39
    4.000000E-02    1.000000E+00    1.058019E+00    8.888889E+00   -7.169949E-39
    4.000000E-02    1.000000E+00    1.058019E+00    8.989899E+00   -7.502533E-39
    4.000000E-02    1.000000E+00    1.058019E+00    9.090909E+00   -7.835117E-39
    4.000000E-02    1.000000E+00    1.058019E+00    9.191919E+00   -8.167701E-39
    4.000000E-02    1.000000E+00    1.058019E+00    9.292929E+00   -8.586151E-39
    4.000000E-02    1.000000E+00    1.058019E+00    9.393939E+00   -9.125574E-39
    4.000000E-02    1.000000E+00    1.058019E+00    9.494949E+00   -9.664996E-39
    4.000000E-02    1.000000E+00    1.058019E+00    9.595960E+00   -1.020442E-38
    4.000000E-02    1.000000E+00    1.058019E+00    9.696970E+00   -1.074384E-38
    4.000000E-02    1.000000E+00    1.058019E+00    9.797980E+00   -1.128326E-38
    4.000000E-02    1.000000E+00    1.058019E+00    9.898990E+00   -1.182269E-38
    4.000000E-02    1.000000E+00    1.058019E+00    1.000000E+01   -1.236211E-38

