
#   rho [fm-3]      T [MeV]      kf [fm-1]       k [fm-1]       Gap(k) [MeV]       auxgap
    3.000000E-02    0.000000E+00    9.612745E-01    0.000000E+00    2.780416E+00
    3.000000E-02    0.000000E+00    9.612745E-01    1.010101E-01    2.769727E+00
    3.000000E-02    0.000000E+00    9.612745E-01    2.020202E-01    2.737836E+00
    3.000000E-02    0.000000E+00    9.612745E-01    3.030303E-01    2.684737E+00
    3.000000E-02    0.000000E+00    9.612745E-01    4.040404E-01    2.610635E+00
    3.000000E-02    0.000000E+00    9.612745E-01    5.050505E-01    2.515631E+00
    3.000000E-02    0.000000E+00    9.612745E-01    6.060606E-01    2.400136E+00
    3.000000E-02    0.000000E+00    9.612745E-01    7.070707E-01    2.264632E+00
    3.000000E-02    0.000000E+00    9.612745E-01    8.080808E-01    2.110063E+00
    3.000000E-02    0.000000E+00    9.612745E-01    9.090909E-01    1.937762E+00
    3.000000E-02    0.000000E+00    9.612745E-01    1.010101E+00    1.749574E+00
    3.000000E-02    0.000000E+00    9.612745E-01    1.111111E+00    1.547736E+00
    3.000000E-02    0.000000E+00    9.612745E-01    1.212121E+00    1.334664E+00
    3.000000E-02    0.000000E+00    9.612745E-01    1.313131E+00    1.112554E+00
    3.000000E-02    0.000000E+00    9.612745E-01    1.414141E+00    8.832912E-01
    3.000000E-02    0.000000E+00    9.612745E-01    1.515152E+00    6.484907E-01
    3.000000E-02    0.000000E+00    9.612745E-01    1.616162E+00    4.095894E-01
    3.000000E-02    0.000000E+00    9.612745E-01    1.717172E+00    1.682307E-01
    3.000000E-02    0.000000E+00    9.612745E-01    1.818182E+00   -7.343324E-02
    3.000000E-02    0.000000E+00    9.612745E-01    1.919192E+00   -3.119765E-01
    3.000000E-02    0.000000E+00    9.612745E-01    2.020202E+00   -5.420817E-01
    3.000000E-02    0.000000E+00    9.612745E-01    2.121212E+00   -7.573247E-01
    3.000000E-02    0.000000E+00    9.612745E-01    2.222222E+00   -9.499216E-01
    3.000000E-02    0.000000E+00    9.612745E-01    2.323232E+00   -1.109842E+00
    3.000000E-02    0.000000E+00    9.612745E-01    2.424242E+00   -1.231097E+00
    3.000000E-02    0.000000E+00    9.612745E-01    2.525253E+00   -1.307815E+00
    3.000000E-02    0.000000E+00    9.612745E-01    2.626263E+00   -1.343357E+00
    3.000000E-02    0.000000E+00    9.612745E-01    2.727273E+00   -1.338952E+00
    3.000000E-02    0.000000E+00    9.612745E-01    2.828283E+00   -1.302567E+00
    3.000000E-02    0.000000E+00    9.612745E-01    2.929293E+00   -1.230227E+00
    3.000000E-02    0.000000E+00    9.612745E-01    3.030303E+00   -1.126301E+00
    3.000000E-02    0.000000E+00    9.612745E-01    3.131313E+00   -9.980424E-01
    3.000000E-02    0.000000E+00    9.612745E-01    3.232323E+00   -8.506242E-01
    3.000000E-02    0.000000E+00    9.612745E-01    3.333333E+00   -6.907696E-01
    3.000000E-02    0.000000E+00    9.612745E-01    3.434343E+00   -5.402642E-01
    3.000000E-02    0.000000E+00    9.612745E-01    3.535354E+00   -3.989017E-01
    3.000000E-02    0.000000E+00    9.612745E-01    3.636364E+00   -2.890432E-01
    3.000000E-02    0.000000E+00    9.612745E-01    3.737374E+00   -1.992042E-01
    3.000000E-02    0.000000E+00    9.612745E-01    3.838384E+00   -1.268507E-01
    3.000000E-02    0.000000E+00    9.612745E-01    3.939394E+00   -8.271728E-02
    3.000000E-02    0.000000E+00    9.612745E-01    4.040404E+00   -4.984906E-02
    3.000000E-02    0.000000E+00    9.612745E-01    4.141414E+00   -2.746003E-02
    3.000000E-02    0.000000E+00    9.612745E-01    4.242424E+00   -1.511889E-02
    3.000000E-02    0.000000E+00    9.612745E-01    4.343434E+00   -8.004999E-03
    3.000000E-02    0.000000E+00    9.612745E-01    4.444444E+00   -3.893527E-03
    3.000000E-02    0.000000E+00    9.612745E-01    4.545455E+00   -1.774139E-03
    3.000000E-02    0.000000E+00    9.612745E-01    4.646465E+00   -7.571662E-04
    3.000000E-02    0.000000E+00    9.612745E-01    4.747475E+00   -3.023011E-04
    3.000000E-02    0.000000E+00    9.612745E-01    4.848485E+00   -1.241788E-04
    3.000000E-02    0.000000E+00    9.612745E-01    4.949495E+00   -6.804471E-05
    3.000000E-02    0.000000E+00    9.612745E-01    5.050505E+00   -4.071189E-05
    3.000000E-02    0.000000E+00    9.612745E-01    5.151515E+00   -1.337907E-05
    3.000000E-02    0.000000E+00    9.612745E-01    5.252525E+00   -3.496714E-06
    3.000000E-02    0.000000E+00    9.612745E-01    5.353535E+00   -2.768148E-06
    3.000000E-02    0.000000E+00    9.612745E-01    5.454545E+00   -2.039582E-06
    3.000000E-02    0.000000E+00    9.612745E-01    5.555556E+00   -1.311016E-06
    3.000000E-02    0.000000E+00    9.612745E-01    5.656566E+00   -5.824503E-07
    3.000000E-02    0.000000E+00    9.612745E-01    5.757576E+00   -1.709689E-08
    3.000000E-02    0.000000E+00    9.612745E-01    5.858586E+00   -1.482656E-08
    3.000000E-02    0.000000E+00    9.612745E-01    5.959596E+00   -1.255623E-08
    3.000000E-02    0.000000E+00    9.612745E-01    6.060606E+00   -1.028590E-08
    3.000000E-02    0.000000E+00    9.612745E-01    6.161616E+00   -8.015570E-09
    3.000000E-02    0.000000E+00    9.612745E-01    6.262626E+00   -5.745239E-09
    3.000000E-02    0.000000E+00    9.612745E-01    6.363636E+00   -3.474908E-09
    3.000000E-02    0.000000E+00    9.612745E-01    6.464646E+00   -1.204577E-09
    3.000000E-02    0.000000E+00    9.612745E-01    6.565657E+00   -1.486416E-12
    3.000000E-02    0.000000E+00    9.612745E-01    6.666667E+00   -1.330728E-12
    3.000000E-02    0.000000E+00    9.612745E-01    6.767677E+00   -1.175039E-12
    3.000000E-02    0.000000E+00    9.612745E-01    6.868687E+00   -1.019351E-12
    3.000000E-02    0.000000E+00    9.612745E-01    6.969697E+00   -8.636624E-13
    3.000000E-02    0.000000E+00    9.612745E-01    7.070707E+00   -7.079739E-13
    3.000000E-02    0.000000E+00    9.612745E-01    7.171717E+00   -5.522855E-13
    3.000000E-02    0.000000E+00    9.612745E-01    7.272727E+00   -3.965971E-13
    3.000000E-02    0.000000E+00    9.612745E-01    7.373737E+00   -2.409086E-13
    3.000000E-02    0.000000E+00    9.612745E-01    7.474747E+00   -8.522019E-14
    3.000000E-02    0.000000E+00    9.612745E-01    7.575758E+00   -2.798053E-20
    3.000000E-02    0.000000E+00    9.612745E-01    7.676768E+00   -2.560925E-20
    3.000000E-02    0.000000E+00    9.612745E-01    7.777778E+00   -2.323796E-20
    3.000000E-02    0.000000E+00    9.612745E-01    7.878788E+00   -2.086668E-20
    3.000000E-02    0.000000E+00    9.612745E-01    7.979798E+00   -1.849539E-20
    3.000000E-02    0.000000E+00    9.612745E-01    8.080808E+00   -1.612411E-20
    3.000000E-02    0.000000E+00    9.612745E-01    8.181818E+00   -1.375282E-20
    3.000000E-02    0.000000E+00    9.612745E-01    8.282828E+00   -1.138154E-20
    3.000000E-02    0.000000E+00    9.612745E-01    8.383838E+00   -9.010253E-21
    3.000000E-02    0.000000E+00    9.612745E-01    8.484848E+00   -6.638968E-21
    3.000000E-02    0.000000E+00    9.612745E-01    8.585859E+00   -4.267683E-21
    3.000000E-02    0.000000E+00    9.612745E-01    8.686869E+00   -1.896398E-21
    3.000000E-02    0.000000E+00    9.612745E-01    8.787879E+00   -1.089926E-32
    3.000000E-02    0.000000E+00    9.612745E-01    8.888889E+00   -1.165335E-32
    3.000000E-02    0.000000E+00    9.612745E-01    8.989899E+00   -1.240743E-32
    3.000000E-02    0.000000E+00    9.612745E-01    9.090909E+00   -1.316151E-32
    3.000000E-02    0.000000E+00    9.612745E-01    9.191919E+00   -1.391559E-32
    3.000000E-02    0.000000E+00    9.612745E-01    9.292929E+00   -1.466967E-32
    3.000000E-02    0.000000E+00    9.612745E-01    9.393939E+00   -1.542375E-32
    3.000000E-02    0.000000E+00    9.612745E-01    9.494949E+00   -1.617783E-32
    3.000000E-02    0.000000E+00    9.612745E-01    9.595960E+00   -1.693191E-32
    3.000000E-02    0.000000E+00    9.612745E-01    9.696970E+00   -1.768599E-32
    3.000000E-02    0.000000E+00    9.612745E-01    9.797980E+00   -1.844007E-32
    3.000000E-02    0.000000E+00    9.612745E-01    9.898990E+00   -1.919415E-32
    3.000000E-02    0.000000E+00    9.612745E-01    1.000000E+01   -1.994823E-32

    3.000000E-02    4.000000E-01    9.612745E-01    0.000000E+00    2.359448E+00
    3.000000E-02    4.000000E-01    9.612745E-01    1.010101E-01    2.350376E+00
    3.000000E-02    4.000000E-01    9.612745E-01    2.020202E-01    2.323310E+00
    3.000000E-02    4.000000E-01    9.612745E-01    3.030303E-01    2.278246E+00
    3.000000E-02    4.000000E-01    9.612745E-01    4.040404E-01    2.215359E+00
    3.000000E-02    4.000000E-01    9.612745E-01    5.050505E-01    2.134736E+00
    3.000000E-02    4.000000E-01    9.612745E-01    6.060606E-01    2.036730E+00
    3.000000E-02    4.000000E-01    9.612745E-01    7.070707E-01    1.921752E+00
    3.000000E-02    4.000000E-01    9.612745E-01    8.080808E-01    1.790605E+00
    3.000000E-02    4.000000E-01    9.612745E-01    9.090909E-01    1.644423E+00
    3.000000E-02    4.000000E-01    9.612745E-01    1.010101E+00    1.484765E+00
    3.000000E-02    4.000000E-01    9.612745E-01    1.111111E+00    1.313525E+00
    3.000000E-02    4.000000E-01    9.612745E-01    1.212121E+00    1.132746E+00
    3.000000E-02    4.000000E-01    9.612745E-01    1.313131E+00    9.442872E-01
    3.000000E-02    4.000000E-01    9.612745E-01    1.414141E+00    7.497439E-01
    3.000000E-02    4.000000E-01    9.612745E-01    1.515152E+00    5.504862E-01
    3.000000E-02    4.000000E-01    9.612745E-01    1.616162E+00    3.477337E-01
    3.000000E-02    4.000000E-01    9.612745E-01    1.717172E+00    1.428823E-01
    3.000000E-02    4.000000E-01    9.612745E-01    1.818182E+00   -6.224124E-02
    3.000000E-02    4.000000E-01    9.612745E-01    1.919192E+00   -2.647267E-01
    3.000000E-02    4.000000E-01    9.612745E-01    2.020202E+00   -4.600597E-01
    3.000000E-02    4.000000E-01    9.612745E-01    2.121212E+00   -6.427848E-01
    3.000000E-02    4.000000E-01    9.612745E-01    2.222222E+00   -8.062925E-01
    3.000000E-02    4.000000E-01    9.612745E-01    2.323232E+00   -9.420662E-01
    3.000000E-02    4.000000E-01    9.612745E-01    2.424242E+00   -1.045020E+00
    3.000000E-02    4.000000E-01    9.612745E-01    2.525253E+00   -1.110166E+00
    3.000000E-02    4.000000E-01    9.612745E-01    2.626263E+00   -1.140358E+00
    3.000000E-02    4.000000E-01    9.612745E-01    2.727273E+00   -1.136637E+00
    3.000000E-02    4.000000E-01    9.612745E-01    2.828283E+00   -1.105765E+00
    3.000000E-02    4.000000E-01    9.612745E-01    2.929293E+00   -1.044366E+00
    3.000000E-02    4.000000E-01    9.612745E-01    3.030303E+00   -9.561501E-01
    3.000000E-02    4.000000E-01    9.612745E-01    3.131313E+00   -8.472748E-01
    3.000000E-02    4.000000E-01    9.612745E-01    3.232323E+00   -7.221314E-01
    3.000000E-02    4.000000E-01    9.612745E-01    3.333333E+00   -5.864269E-01
    3.000000E-02    4.000000E-01    9.612745E-01    3.434343E+00   -4.586578E-01
    3.000000E-02    4.000000E-01    9.612745E-01    3.535354E+00   -3.386495E-01
    3.000000E-02    4.000000E-01    9.612745E-01    3.636364E+00   -2.453852E-01
    3.000000E-02    4.000000E-01    9.612745E-01    3.737374E+00   -1.691162E-01
    3.000000E-02    4.000000E-01    9.612745E-01    3.838384E+00   -1.076913E-01
    3.000000E-02    4.000000E-01    9.612745E-01    3.939394E+00   -7.022379E-02
    3.000000E-02    4.000000E-01    9.612745E-01    4.040404E+00   -4.231997E-02
    3.000000E-02    4.000000E-01    9.612745E-01    4.141414E+00   -2.331253E-02
    3.000000E-02    4.000000E-01    9.612745E-01    4.242424E+00   -1.283536E-02
    3.000000E-02    4.000000E-01    9.612745E-01    4.343434E+00   -6.795927E-03
    3.000000E-02    4.000000E-01    9.612745E-01    4.444444E+00   -3.305443E-03
    3.000000E-02    4.000000E-01    9.612745E-01    4.545455E+00   -1.506164E-03
    3.000000E-02    4.000000E-01    9.612745E-01    4.646465E+00   -6.427962E-04
    3.000000E-02    4.000000E-01    9.612745E-01    4.747475E+00   -2.566360E-04
    3.000000E-02    4.000000E-01    9.612745E-01    4.848485E+00   -1.054193E-04
    3.000000E-02    4.000000E-01    9.612745E-01    4.949495E+00   -5.776480E-05
    3.000000E-02    4.000000E-01    9.612745E-01    5.050505E+00   -3.456116E-05
    3.000000E-02    4.000000E-01    9.612745E-01    5.151515E+00   -1.135752E-05
    3.000000E-02    4.000000E-01    9.612745E-01    5.252525E+00   -2.968147E-06
    3.000000E-02    4.000000E-01    9.612745E-01    5.353535E+00   -2.349711E-06
    3.000000E-02    4.000000E-01    9.612745E-01    5.454545E+00   -1.731275E-06
    3.000000E-02    4.000000E-01    9.612745E-01    5.555556E+00   -1.112840E-06
    3.000000E-02    4.000000E-01    9.612745E-01    5.656566E+00   -4.944035E-07
    3.000000E-02    4.000000E-01    9.612745E-01    5.757576E+00   -1.450899E-08
    3.000000E-02    4.000000E-01    9.612745E-01    5.858586E+00   -1.258231E-08
    3.000000E-02    4.000000E-01    9.612745E-01    5.959596E+00   -1.065563E-08
    3.000000E-02    4.000000E-01    9.612745E-01    6.060606E+00   -8.728953E-09
    3.000000E-02    4.000000E-01    9.612745E-01    6.161616E+00   -6.802276E-09
    3.000000E-02    4.000000E-01    9.612745E-01    6.262626E+00   -4.875598E-09
    3.000000E-02    4.000000E-01    9.612745E-01    6.363636E+00   -2.948921E-09
    3.000000E-02    4.000000E-01    9.612745E-01    6.464646E+00   -1.022244E-09
    3.000000E-02    4.000000E-01    9.612745E-01    6.565657E+00   -1.261240E-12
    3.000000E-02    4.000000E-01    9.612745E-01    6.666667E+00   -1.129136E-12
    3.000000E-02    4.000000E-01    9.612745E-01    6.767677E+00   -9.970330E-13
    3.000000E-02    4.000000E-01    9.612745E-01    6.868687E+00   -8.649298E-13
    3.000000E-02    4.000000E-01    9.612745E-01    6.969697E+00   -7.328265E-13
    3.000000E-02    4.000000E-01    9.612745E-01    7.070707E+00   -6.007232E-13
    3.000000E-02    4.000000E-01    9.612745E-01    7.171717E+00   -4.686200E-13
    3.000000E-02    4.000000E-01    9.612745E-01    7.272727E+00   -3.365167E-13
    3.000000E-02    4.000000E-01    9.612745E-01    7.373737E+00   -2.044135E-13
    3.000000E-02    4.000000E-01    9.612745E-01    7.474747E+00   -7.231022E-14
    3.000000E-02    4.000000E-01    9.612745E-01    7.575758E+00   -2.373876E-20
    3.000000E-02    4.000000E-01    9.612745E-01    7.676768E+00   -2.172696E-20
    3.000000E-02    4.000000E-01    9.612745E-01    7.777778E+00   -1.971515E-20
    3.000000E-02    4.000000E-01    9.612745E-01    7.878788E+00   -1.770335E-20
    3.000000E-02    4.000000E-01    9.612745E-01    7.979798E+00   -1.569154E-20
    3.000000E-02    4.000000E-01    9.612745E-01    8.080808E+00   -1.367974E-20
    3.000000E-02    4.000000E-01    9.612745E-01    8.181818E+00   -1.166793E-20
    3.000000E-02    4.000000E-01    9.612745E-01    8.282828E+00   -9.656129E-21
    3.000000E-02    4.000000E-01    9.612745E-01    8.383838E+00   -7.644324E-21
    3.000000E-02    4.000000E-01    9.612745E-01    8.484848E+00   -5.632519E-21
    3.000000E-02    4.000000E-01    9.612745E-01    8.585859E+00   -3.620714E-21
    3.000000E-02    4.000000E-01    9.612745E-01    8.686869E+00   -1.608909E-21
    3.000000E-02    4.000000E-01    9.612745E-01    8.787879E+00   -9.252233E-33
    3.000000E-02    4.000000E-01    9.612745E-01    8.888889E+00   -9.892361E-33
    3.000000E-02    4.000000E-01    9.612745E-01    8.989899E+00   -1.053249E-32
    3.000000E-02    4.000000E-01    9.612745E-01    9.090909E+00   -1.117262E-32
    3.000000E-02    4.000000E-01    9.612745E-01    9.191919E+00   -1.181275E-32
    3.000000E-02    4.000000E-01    9.612745E-01    9.292929E+00   -1.245287E-32
    3.000000E-02    4.000000E-01    9.612745E-01    9.393939E+00   -1.309300E-32
    3.000000E-02    4.000000E-01    9.612745E-01    9.494949E+00   -1.373313E-32
    3.000000E-02    4.000000E-01    9.612745E-01    9.595960E+00   -1.437326E-32
    3.000000E-02    4.000000E-01    9.612745E-01    9.696970E+00   -1.501339E-32
    3.000000E-02    4.000000E-01    9.612745E-01    9.797980E+00   -1.565351E-32
    3.000000E-02    4.000000E-01    9.612745E-01    9.898990E+00   -1.629364E-32
    3.000000E-02    4.000000E-01    9.612745E-01    1.000000E+01   -1.693377E-32

    3.000000E-02    6.000000E-01    9.612745E-01    0.000000E+00    1.665680E+00
    3.000000E-02    6.000000E-01    9.612745E-01    1.010101E-01    1.659270E+00
    3.000000E-02    6.000000E-01    9.612745E-01    2.020202E-01    1.640145E+00
    3.000000E-02    6.000000E-01    9.612745E-01    3.030303E-01    1.608304E+00
    3.000000E-02    6.000000E-01    9.612745E-01    4.040404E-01    1.563870E+00
    3.000000E-02    6.000000E-01    9.612745E-01    5.050505E-01    1.506907E+00
    3.000000E-02    6.000000E-01    9.612745E-01    6.060606E-01    1.437666E+00
    3.000000E-02    6.000000E-01    9.612745E-01    7.070707E-01    1.356443E+00
    3.000000E-02    6.000000E-01    9.612745E-01    8.080808E-01    1.263809E+00
    3.000000E-02    6.000000E-01    9.612745E-01    9.090909E-01    1.160571E+00
    3.000000E-02    6.000000E-01    9.612745E-01    1.010101E+00    1.047833E+00
    3.000000E-02    6.000000E-01    9.612745E-01    1.111111E+00    9.269365E-01
    3.000000E-02    6.000000E-01    9.612745E-01    1.212121E+00    7.993220E-01
    3.000000E-02    6.000000E-01    9.612745E-01    1.313131E+00    6.663014E-01
    3.000000E-02    6.000000E-01    9.612745E-01    1.414141E+00    5.289990E-01
    3.000000E-02    6.000000E-01    9.612745E-01    1.515152E+00    3.883807E-01
    3.000000E-02    6.000000E-01    9.612745E-01    1.616162E+00    2.453065E-01
    3.000000E-02    6.000000E-01    9.612745E-01    1.717172E+00    1.007608E-01
    3.000000E-02    6.000000E-01    9.612745E-01    1.818182E+00   -4.396715E-02
    3.000000E-02    6.000000E-01    9.612745E-01    1.919192E+00   -1.868254E-01
    3.000000E-02    6.000000E-01    9.612745E-01    2.020202E+00   -3.246294E-01
    3.000000E-02    6.000000E-01    9.612745E-01    2.121212E+00   -4.535317E-01
    3.000000E-02    6.000000E-01    9.612745E-01    2.222222E+00   -5.688711E-01
    3.000000E-02    6.000000E-01    9.612745E-01    2.323232E+00   -6.646406E-01
    3.000000E-02    6.000000E-01    9.612745E-01    2.424242E+00   -7.372545E-01
    3.000000E-02    6.000000E-01    9.612745E-01    2.525253E+00   -7.831959E-01
    3.000000E-02    6.000000E-01    9.612745E-01    2.626263E+00   -8.044784E-01
    3.000000E-02    6.000000E-01    9.612745E-01    2.727273E+00   -8.018393E-01
    3.000000E-02    6.000000E-01    9.612745E-01    2.828283E+00   -7.800487E-01
    3.000000E-02    6.000000E-01    9.612745E-01    2.929293E+00   -7.367267E-01
    3.000000E-02    6.000000E-01    9.612745E-01    3.030303E+00   -6.744894E-01
    3.000000E-02    6.000000E-01    9.612745E-01    3.131313E+00   -5.976811E-01
    3.000000E-02    6.000000E-01    9.612745E-01    3.232323E+00   -5.093989E-01
    3.000000E-02    6.000000E-01    9.612745E-01    3.333333E+00   -4.136692E-01
    3.000000E-02    6.000000E-01    9.612745E-01    3.434343E+00   -3.235384E-01
    3.000000E-02    6.000000E-01    9.612745E-01    3.535354E+00   -2.388829E-01
    3.000000E-02    6.000000E-01    9.612745E-01    3.636364E+00   -1.730939E-01
    3.000000E-02    6.000000E-01    9.612745E-01    3.737374E+00   -1.192936E-01
    3.000000E-02    6.000000E-01    9.612745E-01    3.838384E+00   -7.596453E-02
    3.000000E-02    6.000000E-01    9.612745E-01    3.939394E+00   -4.953520E-02
    3.000000E-02    6.000000E-01    9.612745E-01    4.040404E+00   -2.985206E-02
    3.000000E-02    6.000000E-01    9.612745E-01    4.141414E+00   -1.644439E-02
    3.000000E-02    6.000000E-01    9.612745E-01    4.242424E+00   -9.053913E-03
    3.000000E-02    6.000000E-01    9.612745E-01    4.343434E+00   -4.793770E-03
    3.000000E-02    6.000000E-01    9.612745E-01    4.444444E+00   -2.331624E-03
    3.000000E-02    6.000000E-01    9.612745E-01    4.545455E+00   -1.062434E-03
    3.000000E-02    6.000000E-01    9.612745E-01    4.646465E+00   -4.534239E-04
    3.000000E-02    6.000000E-01    9.612745E-01    4.747475E+00   -1.810302E-04
    3.000000E-02    6.000000E-01    9.612745E-01    4.848485E+00   -7.436298E-05
    3.000000E-02    6.000000E-01    9.612745E-01    4.949495E+00   -4.074761E-05
    3.000000E-02    6.000000E-01    9.612745E-01    5.050505E+00   -2.437970E-05
    3.000000E-02    6.000000E-01    9.612745E-01    5.151515E+00   -8.011794E-06
    3.000000E-02    6.000000E-01    9.612745E-01    5.252525E+00   -2.093886E-06
    3.000000E-02    6.000000E-01    9.612745E-01    5.353535E+00   -1.657610E-06
    3.000000E-02    6.000000E-01    9.612745E-01    5.454545E+00   -1.221333E-06
    3.000000E-02    6.000000E-01    9.612745E-01    5.555556E+00   -7.850566E-07
    3.000000E-02    6.000000E-01    9.612745E-01    5.656566E+00   -3.487800E-07
    3.000000E-02    6.000000E-01    9.612745E-01    5.757576E+00   -1.023760E-08
    3.000000E-02    6.000000E-01    9.612745E-01    5.858586E+00   -8.878126E-09
    3.000000E-02    6.000000E-01    9.612745E-01    5.959596E+00   -7.518655E-09
    3.000000E-02    6.000000E-01    9.612745E-01    6.060606E+00   -6.159184E-09
    3.000000E-02    6.000000E-01    9.612745E-01    6.161616E+00   -4.799713E-09
    3.000000E-02    6.000000E-01    9.612745E-01    6.262626E+00   -3.440242E-09
    3.000000E-02    6.000000E-01    9.612745E-01    6.363636E+00   -2.080770E-09
    3.000000E-02    6.000000E-01    9.612745E-01    6.464646E+00   -7.212992E-10
    3.000000E-02    6.000000E-01    9.612745E-01    6.565657E+00   -8.901543E-13
    3.000000E-02    6.000000E-01    9.612745E-01    6.666667E+00   -7.969188E-13
    3.000000E-02    6.000000E-01    9.612745E-01    6.767677E+00   -7.036833E-13
    3.000000E-02    6.000000E-01    9.612745E-01    6.868687E+00   -6.104478E-13
    3.000000E-02    6.000000E-01    9.612745E-01    6.969697E+00   -5.172123E-13
    3.000000E-02    6.000000E-01    9.612745E-01    7.070707E+00   -4.239769E-13
    3.000000E-02    6.000000E-01    9.612745E-01    7.171717E+00   -3.307414E-13
    3.000000E-02    6.000000E-01    9.612745E-01    7.272727E+00   -2.375059E-13
    3.000000E-02    6.000000E-01    9.612745E-01    7.373737E+00   -1.442704E-13
    3.000000E-02    6.000000E-01    9.612745E-01    7.474747E+00   -5.103492E-14
    3.000000E-02    6.000000E-01    9.612745E-01    7.575758E+00   -1.676109E-20
    3.000000E-02    6.000000E-01    9.612745E-01    7.676768E+00   -1.534062E-20
    3.000000E-02    6.000000E-01    9.612745E-01    7.777778E+00   -1.392016E-20
    3.000000E-02    6.000000E-01    9.612745E-01    7.878788E+00   -1.249970E-20
    3.000000E-02    6.000000E-01    9.612745E-01    7.979798E+00   -1.107923E-20
    3.000000E-02    6.000000E-01    9.612745E-01    8.080808E+00   -9.658772E-21
    3.000000E-02    6.000000E-01    9.612745E-01    8.181818E+00   -8.238309E-21
    3.000000E-02    6.000000E-01    9.612745E-01    8.282828E+00   -6.817845E-21
    3.000000E-02    6.000000E-01    9.612745E-01    8.383838E+00   -5.397382E-21
    3.000000E-02    6.000000E-01    9.612745E-01    8.484848E+00   -3.976919E-21
    3.000000E-02    6.000000E-01    9.612745E-01    8.585859E+00   -2.556456E-21
    3.000000E-02    6.000000E-01    9.612745E-01    8.686869E+00   -1.135993E-21
    3.000000E-02    6.000000E-01    9.612745E-01    8.787879E+00   -6.526505E-33
    3.000000E-02    6.000000E-01    9.612745E-01    8.888889E+00   -6.978061E-33
    3.000000E-02    6.000000E-01    9.612745E-01    8.989899E+00   -7.429617E-33
    3.000000E-02    6.000000E-01    9.612745E-01    9.090909E+00   -7.881173E-33
    3.000000E-02    6.000000E-01    9.612745E-01    9.191919E+00   -8.332729E-33
    3.000000E-02    6.000000E-01    9.612745E-01    9.292929E+00   -8.784285E-33
    3.000000E-02    6.000000E-01    9.612745E-01    9.393939E+00   -9.235841E-33
    3.000000E-02    6.000000E-01    9.612745E-01    9.494949E+00   -9.687397E-33
    3.000000E-02    6.000000E-01    9.612745E-01    9.595960E+00   -1.013895E-32
    3.000000E-02    6.000000E-01    9.612745E-01    9.696970E+00   -1.059051E-32
    3.000000E-02    6.000000E-01    9.612745E-01    9.797980E+00   -1.104206E-32
    3.000000E-02    6.000000E-01    9.612745E-01    9.898990E+00   -1.149362E-32
    3.000000E-02    6.000000E-01    9.612745E-01    1.000000E+01   -1.194518E-32

    3.000000E-02    7.000000E-01    9.612745E-01    0.000000E+00    9.724562E-01
    3.000000E-02    7.000000E-01    9.612745E-01    1.010101E-01    9.687117E-01
    3.000000E-02    7.000000E-01    9.612745E-01    2.020202E-01    9.575398E-01
    3.000000E-02    7.000000E-01    9.612745E-01    3.030303E-01    9.389397E-01
    3.000000E-02    7.000000E-01    9.612745E-01    4.040404E-01    9.129839E-01
    3.000000E-02    7.000000E-01    9.612745E-01    5.050505E-01    8.797101E-01
    3.000000E-02    7.000000E-01    9.612745E-01    6.060606E-01    8.392663E-01
    3.000000E-02    7.000000E-01    9.612745E-01    7.070707E-01    7.918260E-01
    3.000000E-02    7.000000E-01    9.612745E-01    8.080808E-01    7.377259E-01
    3.000000E-02    7.000000E-01    9.612745E-01    9.090909E-01    6.774379E-01
    3.000000E-02    7.000000E-01    9.612745E-01    1.010101E+00    6.116099E-01
    3.000000E-02    7.000000E-01    9.612745E-01    1.111111E+00    5.410246E-01
    3.000000E-02    7.000000E-01    9.612745E-01    1.212121E+00    4.665238E-01
    3.000000E-02    7.000000E-01    9.612745E-01    1.313131E+00    3.888728E-01
    3.000000E-02    7.000000E-01    9.612745E-01    1.414141E+00    3.087274E-01
    3.000000E-02    7.000000E-01    9.612745E-01    1.515152E+00    2.266509E-01
    3.000000E-02    7.000000E-01    9.612745E-01    1.616162E+00    1.431452E-01
    3.000000E-02    7.000000E-01    9.612745E-01    1.717172E+00    5.878443E-02
    3.000000E-02    7.000000E-01    9.612745E-01    1.818182E+00   -2.567884E-02
    3.000000E-02    7.000000E-01    9.612745E-01    1.919192E+00   -1.090477E-01
    3.000000E-02    7.000000E-01    9.612745E-01    2.020202E+00   -1.894637E-01
    3.000000E-02    7.000000E-01    9.612745E-01    2.121212E+00   -2.646824E-01
    3.000000E-02    7.000000E-01    9.612745E-01    2.222222E+00   -3.319842E-01
    3.000000E-02    7.000000E-01    9.612745E-01    2.323232E+00   -3.878645E-01
    3.000000E-02    7.000000E-01    9.612745E-01    2.424242E+00   -4.302315E-01
    3.000000E-02    7.000000E-01    9.612745E-01    2.525253E+00   -4.570336E-01
    3.000000E-02    7.000000E-01    9.612745E-01    2.626263E+00   -4.694465E-01
    3.000000E-02    7.000000E-01    9.612745E-01    2.727273E+00   -4.679009E-01
    3.000000E-02    7.000000E-01    9.612745E-01    2.828283E+00   -4.551806E-01
    3.000000E-02    7.000000E-01    9.612745E-01    2.929293E+00   -4.298974E-01
    3.000000E-02    7.000000E-01    9.612745E-01    3.030303E+00   -3.935778E-01
    3.000000E-02    7.000000E-01    9.612745E-01    3.131313E+00   -3.487566E-01
    3.000000E-02    7.000000E-01    9.612745E-01    3.232323E+00   -2.972409E-01
    3.000000E-02    7.000000E-01    9.612745E-01    3.333333E+00   -2.413805E-01
    3.000000E-02    7.000000E-01    9.612745E-01    3.434343E+00   -1.887875E-01
    3.000000E-02    7.000000E-01    9.612745E-01    3.535354E+00   -1.393898E-01
    3.000000E-02    7.000000E-01    9.612745E-01    3.636364E+00   -1.010012E-01
    3.000000E-02    7.000000E-01    9.612745E-01    3.737374E+00   -6.960828E-02
    3.000000E-02    7.000000E-01    9.612745E-01    3.838384E+00   -4.432551E-02
    3.000000E-02    7.000000E-01    9.612745E-01    3.939394E+00   -2.890390E-02
    3.000000E-02    7.000000E-01    9.612745E-01    4.040404E+00   -1.741872E-02
    3.000000E-02    7.000000E-01    9.612745E-01    4.141414E+00   -9.595323E-03
    3.000000E-02    7.000000E-01    9.612745E-01    4.242424E+00   -5.282968E-03
    3.000000E-02    7.000000E-01    9.612745E-01    4.343434E+00   -2.797171E-03
    3.000000E-02    7.000000E-01    9.612745E-01    4.444444E+00   -1.360506E-03
    3.000000E-02    7.000000E-01    9.612745E-01    4.545455E+00   -6.199328E-04
    3.000000E-02    7.000000E-01    9.612745E-01    4.646465E+00   -2.645746E-04
    3.000000E-02    7.000000E-01    9.612745E-01    4.747475E+00   -1.056322E-04
    3.000000E-02    7.000000E-01    9.612745E-01    4.848485E+00   -4.339147E-05
    3.000000E-02    7.000000E-01    9.612745E-01    4.949495E+00   -2.377668E-05
    3.000000E-02    7.000000E-01    9.612745E-01    5.050505E+00   -1.422585E-05
    3.000000E-02    7.000000E-01    9.612745E-01    5.151515E+00   -4.675026E-06
    3.000000E-02    7.000000E-01    9.612745E-01    5.252525E+00   -1.221863E-06
    3.000000E-02    7.000000E-01    9.612745E-01    5.353535E+00   -9.672789E-07
    3.000000E-02    7.000000E-01    9.612745E-01    5.454545E+00   -7.126950E-07
    3.000000E-02    7.000000E-01    9.612745E-01    5.555556E+00   -4.581111E-07
    3.000000E-02    7.000000E-01    9.612745E-01    5.656566E+00   -2.035272E-07
    3.000000E-02    7.000000E-01    9.612745E-01    5.757576E+00   -5.974911E-09
    3.000000E-02    7.000000E-01    9.612745E-01    5.858586E+00   -5.181491E-09
    3.000000E-02    7.000000E-01    9.612745E-01    5.959596E+00   -4.388070E-09
    3.000000E-02    7.000000E-01    9.612745E-01    6.060606E+00   -3.594650E-09
    3.000000E-02    7.000000E-01    9.612745E-01    6.161616E+00   -2.801229E-09
    3.000000E-02    7.000000E-01    9.612745E-01    6.262626E+00   -2.007809E-09
    3.000000E-02    7.000000E-01    9.612745E-01    6.363636E+00   -1.214388E-09
    3.000000E-02    7.000000E-01    9.612745E-01    6.464646E+00   -4.209679E-10
    3.000000E-02    7.000000E-01    9.612745E-01    6.565657E+00   -5.196012E-13
    3.000000E-02    7.000000E-01    9.612745E-01    6.666667E+00   -4.651778E-13
    3.000000E-02    7.000000E-01    9.612745E-01    6.767677E+00   -4.107543E-13
    3.000000E-02    7.000000E-01    9.612745E-01    6.868687E+00   -3.563308E-13
    3.000000E-02    7.000000E-01    9.612745E-01    6.969697E+00   -3.019074E-13
    3.000000E-02    7.000000E-01    9.612745E-01    7.070707E+00   -2.474839E-13
    3.000000E-02    7.000000E-01    9.612745E-01    7.171717E+00   -1.930605E-13
    3.000000E-02    7.000000E-01    9.612745E-01    7.272727E+00   -1.386370E-13
    3.000000E-02    7.000000E-01    9.612745E-01    7.373737E+00   -8.421358E-14
    3.000000E-02    7.000000E-01    9.612745E-01    7.474747E+00   -2.979012E-14
    3.000000E-02    7.000000E-01    9.612745E-01    7.575758E+00   -9.786417E-21
    3.000000E-02    7.000000E-01    9.612745E-01    7.676768E+00   -8.957041E-21
    3.000000E-02    7.000000E-01    9.612745E-01    7.777778E+00   -8.127665E-21
    3.000000E-02    7.000000E-01    9.612745E-01    7.878788E+00   -7.298289E-21
    3.000000E-02    7.000000E-01    9.612745E-01    7.979798E+00   -6.468913E-21
    3.000000E-02    7.000000E-01    9.612745E-01    8.080808E+00   -5.639537E-21
    3.000000E-02    7.000000E-01    9.612745E-01    8.181818E+00   -4.810161E-21
    3.000000E-02    7.000000E-01    9.612745E-01    8.282828E+00   -3.980785E-21
    3.000000E-02    7.000000E-01    9.612745E-01    8.383838E+00   -3.151409E-21
    3.000000E-02    7.000000E-01    9.612745E-01    8.484848E+00   -2.322033E-21
    3.000000E-02    7.000000E-01    9.612745E-01    8.585859E+00   -1.492657E-21
    3.000000E-02    7.000000E-01    9.612745E-01    8.686869E+00   -6.632805E-22
    3.000000E-02    7.000000E-01    9.612745E-01    8.787879E+00   -3.808253E-33
    3.000000E-02    7.000000E-01    9.612745E-01    8.888889E+00   -4.071743E-33
    3.000000E-02    7.000000E-01    9.612745E-01    8.989899E+00   -4.335232E-33
    3.000000E-02    7.000000E-01    9.612745E-01    9.090909E+00   -4.598722E-33
    3.000000E-02    7.000000E-01    9.612745E-01    9.191919E+00   -4.862212E-33
    3.000000E-02    7.000000E-01    9.612745E-01    9.292929E+00   -5.125702E-33
    3.000000E-02    7.000000E-01    9.612745E-01    9.393939E+00   -5.389191E-33
    3.000000E-02    7.000000E-01    9.612745E-01    9.494949E+00   -5.652681E-33
    3.000000E-02    7.000000E-01    9.612745E-01    9.595960E+00   -5.916171E-33
    3.000000E-02    7.000000E-01    9.612745E-01    9.696970E+00   -6.179661E-33
    3.000000E-02    7.000000E-01    9.612745E-01    9.797980E+00   -6.443150E-33
    3.000000E-02    7.000000E-01    9.612745E-01    9.898990E+00   -6.706640E-33
    3.000000E-02    7.000000E-01    9.612745E-01    1.000000E+01   -6.970130E-33

    3.000000E-02    8.000000E-01    9.612745E-01    0.000000E+00    6.596606E-06
    3.000000E-02    8.000000E-01    9.612745E-01    1.010101E-01    6.571215E-06
    3.000000E-02    8.000000E-01    9.612745E-01    2.020202E-01    6.495464E-06
    3.000000E-02    8.000000E-01    9.612745E-01    3.030303E-01    6.369354E-06
    3.000000E-02    8.000000E-01    9.612745E-01    4.040404E-01    6.193394E-06
    3.000000E-02    8.000000E-01    9.612745E-01    5.050505E-01    5.967861E-06
    3.000000E-02    8.000000E-01    9.612745E-01    6.060606E-01    5.693789E-06
    3.000000E-02    8.000000E-01    9.612745E-01    7.070707E-01    5.372390E-06
    3.000000E-02    8.000000E-01    9.612745E-01    8.080808E-01    5.005980E-06
    3.000000E-02    8.000000E-01    9.612745E-01    9.090909E-01    4.597780E-06
    3.000000E-02    8.000000E-01    9.612745E-01    1.010101E+00    4.152179E-06
    3.000000E-02    8.000000E-01    9.612745E-01    1.111111E+00    3.674456E-06
    3.000000E-02    8.000000E-01    9.612745E-01    1.212121E+00    3.170275E-06
    3.000000E-02    8.000000E-01    9.612745E-01    1.313131E+00    2.644776E-06
    3.000000E-02    8.000000E-01    9.612745E-01    1.414141E+00    2.102367E-06
    3.000000E-02    8.000000E-01    9.612745E-01    1.515152E+00    1.546842E-06
    3.000000E-02    8.000000E-01    9.612745E-01    1.616162E+00    9.815888E-07
    3.000000E-02    8.000000E-01    9.612745E-01    1.717172E+00    4.104919E-07
    3.000000E-02    8.000000E-01    9.612745E-01    1.818182E+00   -1.613602E-07
    3.000000E-02    8.000000E-01    9.612745E-01    1.919192E+00   -7.258627E-07
    3.000000E-02    8.000000E-01    9.612745E-01    2.020202E+00   -1.270445E-06
    3.000000E-02    8.000000E-01    9.612745E-01    2.121212E+00   -1.779916E-06
    3.000000E-02    8.000000E-01    9.612745E-01    2.222222E+00   -2.235876E-06
    3.000000E-02    8.000000E-01    9.612745E-01    2.323232E+00   -2.614613E-06
    3.000000E-02    8.000000E-01    9.612745E-01    2.424242E+00   -2.901971E-06
    3.000000E-02    8.000000E-01    9.612745E-01    2.525253E+00   -3.084069E-06
    3.000000E-02    8.000000E-01    9.612745E-01    2.626263E+00   -3.168854E-06
    3.000000E-02    8.000000E-01    9.612745E-01    2.727273E+00   -3.159235E-06
    3.000000E-02    8.000000E-01    9.612745E-01    2.828283E+00   -3.074029E-06
    3.000000E-02    8.000000E-01    9.612745E-01    2.929293E+00   -2.903823E-06
    3.000000E-02    8.000000E-01    9.612745E-01    3.030303E+00   -2.658910E-06
    3.000000E-02    8.000000E-01    9.612745E-01    3.131313E+00   -2.356424E-06
    3.000000E-02    8.000000E-01    9.612745E-01    3.232323E+00   -2.008586E-06
    3.000000E-02    8.000000E-01    9.612745E-01    3.333333E+00   -1.631226E-06
    3.000000E-02    8.000000E-01    9.612745E-01    3.434343E+00   -1.275887E-06
    3.000000E-02    8.000000E-01    9.612745E-01    3.535354E+00   -9.420948E-07
    3.000000E-02    8.000000E-01    9.612745E-01    3.636364E+00   -6.826603E-07
    3.000000E-02    8.000000E-01    9.612745E-01    3.737374E+00   -4.704952E-07
    3.000000E-02    8.000000E-01    9.612745E-01    3.838384E+00   -2.996165E-07
    3.000000E-02    8.000000E-01    9.612745E-01    3.939394E+00   -1.953797E-07
    3.000000E-02    8.000000E-01    9.612745E-01    4.040404E+00   -1.177480E-07
    3.000000E-02    8.000000E-01    9.612745E-01    4.141414E+00   -6.486539E-08
    3.000000E-02    8.000000E-01    9.612745E-01    4.242424E+00   -3.571447E-08
    3.000000E-02    8.000000E-01    9.612745E-01    4.343434E+00   -1.891029E-08
    3.000000E-02    8.000000E-01    9.612745E-01    4.444444E+00   -9.198031E-09
    3.000000E-02    8.000000E-01    9.612745E-01    4.545455E+00   -4.191361E-09
    3.000000E-02    8.000000E-01    9.612745E-01    4.646465E+00   -1.788861E-09
    3.000000E-02    8.000000E-01    9.612745E-01    4.747475E+00   -7.142436E-10
    3.000000E-02    8.000000E-01    9.612745E-01    4.848485E+00   -2.934106E-10
    3.000000E-02    8.000000E-01    9.612745E-01    4.949495E+00   -1.607814E-10
    3.000000E-02    8.000000E-01    9.612745E-01    5.050505E+00   -9.619831E-11
    3.000000E-02    8.000000E-01    9.612745E-01    5.151515E+00   -3.161526E-11
    3.000000E-02    8.000000E-01    9.612745E-01    5.252525E+00   -8.264542E-12
    3.000000E-02    8.000000E-01    9.612745E-01    5.353535E+00   -6.542568E-12
    3.000000E-02    8.000000E-01    9.612745E-01    5.454545E+00   -4.820594E-12
    3.000000E-02    8.000000E-01    9.612745E-01    5.555556E+00   -3.098620E-12
    3.000000E-02    8.000000E-01    9.612745E-01    5.656566E+00   -1.376646E-12
    3.000000E-02    8.000000E-01    9.612745E-01    5.757576E+00   -4.042630E-14
    3.000000E-02    8.000000E-01    9.612745E-01    5.858586E+00   -3.505801E-14
    3.000000E-02    8.000000E-01    9.612745E-01    5.959596E+00   -2.968972E-14
    3.000000E-02    8.000000E-01    9.612745E-01    6.060606E+00   -2.432143E-14
    3.000000E-02    8.000000E-01    9.612745E-01    6.161616E+00   -1.895314E-14
    3.000000E-02    8.000000E-01    9.612745E-01    6.262626E+00   -1.358485E-14
    3.000000E-02    8.000000E-01    9.612745E-01    6.363636E+00   -8.216562E-15
    3.000000E-02    8.000000E-01    9.612745E-01    6.464646E+00   -2.848272E-15
    3.000000E-02    8.000000E-01    9.612745E-01    6.565657E+00   -3.515617E-18
    3.000000E-02    8.000000E-01    9.612745E-01    6.666667E+00   -3.147388E-18
    3.000000E-02    8.000000E-01    9.612745E-01    6.767677E+00   -2.779159E-18
    3.000000E-02    8.000000E-01    9.612745E-01    6.868687E+00   -2.410931E-18
    3.000000E-02    8.000000E-01    9.612745E-01    6.969697E+00   -2.042702E-18
    3.000000E-02    8.000000E-01    9.612745E-01    7.070707E+00   -1.674474E-18
    3.000000E-02    8.000000E-01    9.612745E-01    7.171717E+00   -1.306245E-18
    3.000000E-02    8.000000E-01    9.612745E-01    7.272727E+00   -9.380168E-19
    3.000000E-02    8.000000E-01    9.612745E-01    7.373737E+00   -5.697882E-19
    3.000000E-02    8.000000E-01    9.612745E-01    7.474747E+00   -2.015597E-19
    3.000000E-02    8.000000E-01    9.612745E-01    7.575758E+00   -6.622843E-26
    3.000000E-02    8.000000E-01    9.612745E-01    7.676768E+00   -6.061572E-26
    3.000000E-02    8.000000E-01    9.612745E-01    7.777778E+00   -5.500302E-26
    3.000000E-02    8.000000E-01    9.612745E-01    7.878788E+00   -4.939031E-26
    3.000000E-02    8.000000E-01    9.612745E-01    7.979798E+00   -4.377761E-26
    3.000000E-02    8.000000E-01    9.612745E-01    8.080808E+00   -3.816490E-26
    3.000000E-02    8.000000E-01    9.612745E-01    8.181818E+00   -3.255220E-26
    3.000000E-02    8.000000E-01    9.612745E-01    8.282828E+00   -2.693949E-26
    3.000000E-02    8.000000E-01    9.612745E-01    8.383838E+00   -2.132679E-26
    3.000000E-02    8.000000E-01    9.612745E-01    8.484848E+00   -1.571408E-26
    3.000000E-02    8.000000E-01    9.612745E-01    8.585859E+00   -1.010138E-26
    3.000000E-02    8.000000E-01    9.612745E-01    8.686869E+00   -4.488673E-27
    3.000000E-02    8.000000E-01    9.612745E-01    8.787879E+00   -2.557324E-38
    3.000000E-02    8.000000E-01    9.612745E-01    8.888889E+00   -2.734535E-38
    3.000000E-02    8.000000E-01    9.612745E-01    8.989899E+00   -2.911746E-38
    3.000000E-02    8.000000E-01    9.612745E-01    9.090909E+00   -3.088957E-38
    3.000000E-02    8.000000E-01    9.612745E-01    9.191919E+00   -3.266168E-38
    3.000000E-02    8.000000E-01    9.612745E-01    9.292929E+00   -3.443379E-38
    3.000000E-02    8.000000E-01    9.612745E-01    9.393939E+00   -3.620590E-38
    3.000000E-02    8.000000E-01    9.612745E-01    9.494949E+00   -3.797801E-38
    3.000000E-02    8.000000E-01    9.612745E-01    9.595960E+00   -3.975011E-38
    3.000000E-02    8.000000E-01    9.612745E-01    9.696970E+00   -4.152222E-38
    3.000000E-02    8.000000E-01    9.612745E-01    9.797980E+00   -4.329433E-38
    3.000000E-02    8.000000E-01    9.612745E-01    9.898990E+00   -4.506644E-38
    3.000000E-02    8.000000E-01    9.612745E-01    1.000000E+01   -4.683855E-38

    3.000000E-02    9.000000E-01    9.612745E-01    0.000000E+00    2.426860E-06
    3.000000E-02    9.000000E-01    9.612745E-01    1.010101E-01    2.417531E-06
    3.000000E-02    9.000000E-01    9.612745E-01    2.020202E-01    2.389698E-06
    3.000000E-02    9.000000E-01    9.612745E-01    3.030303E-01    2.343368E-06
    3.000000E-02    9.000000E-01    9.612745E-01    4.040404E-01    2.278737E-06
    3.000000E-02    9.000000E-01    9.612745E-01    5.050505E-01    2.195920E-06
    3.000000E-02    9.000000E-01    9.612745E-01    6.060606E-01    2.095314E-06
    3.000000E-02    9.000000E-01    9.612745E-01    7.070707E-01    1.977386E-06
    3.000000E-02    9.000000E-01    9.612745E-01    8.080808E-01    1.843002E-06
    3.000000E-02    9.000000E-01    9.612745E-01    9.090909E-01    1.693356E-06
    3.000000E-02    9.000000E-01    9.612745E-01    1.010101E+00    1.530053E-06
    3.000000E-02    9.000000E-01    9.612745E-01    1.111111E+00    1.355015E-06
    3.000000E-02    9.000000E-01    9.612745E-01    1.212121E+00    1.170293E-06
    3.000000E-02    9.000000E-01    9.612745E-01    1.313131E+00    9.777472E-07
    3.000000E-02    9.000000E-01    9.612745E-01    1.414141E+00    7.789737E-07
    3.000000E-02    9.000000E-01    9.612745E-01    1.515152E+00    5.753515E-07
    3.000000E-02    9.000000E-01    9.612745E-01    1.616162E+00    3.681166E-07
    3.000000E-02    9.000000E-01    9.612745E-01    1.717172E+00    1.586932E-07
    3.000000E-02    9.000000E-01    9.612745E-01    1.818182E+00   -5.105746E-08
    3.000000E-02    9.000000E-01    9.612745E-01    1.919192E+00   -2.581602E-07
    3.000000E-02    9.000000E-01    9.612745E-01    2.020202E+00   -4.580110E-07
    3.000000E-02    9.000000E-01    9.612745E-01    2.121212E+00   -6.450396E-07
    3.000000E-02    9.000000E-01    9.612745E-01    2.222222E+00   -8.125024E-07
    3.000000E-02    9.000000E-01    9.612745E-01    2.323232E+00   -9.517105E-07
    3.000000E-02    9.000000E-01    9.612745E-01    2.424242E+00   -1.057473E-06
    3.000000E-02    9.000000E-01    9.612745E-01    2.525253E+00   -1.124701E-06
    3.000000E-02    9.000000E-01    9.612745E-01    2.626263E+00   -1.156301E-06
    3.000000E-02    9.000000E-01    9.612745E-01    2.727273E+00   -1.153333E-06
    3.000000E-02    9.000000E-01    9.612745E-01    2.828283E+00   -1.122681E-06
    3.000000E-02    9.000000E-01    9.612745E-01    2.929293E+00   -1.060880E-06
    3.000000E-02    9.000000E-01    9.612745E-01    3.030303E+00   -9.716806E-07
    3.000000E-02    9.000000E-01    9.612745E-01    3.131313E+00   -8.613484E-07
    3.000000E-02    9.000000E-01    9.612745E-01    3.232323E+00   -7.343589E-07
    3.000000E-02    9.000000E-01    9.612745E-01    3.333333E+00   -5.964684E-07
    3.000000E-02    9.000000E-01    9.612745E-01    3.434343E+00   -4.665892E-07
    3.000000E-02    9.000000E-01    9.612745E-01    3.535354E+00   -3.445581E-07
    3.000000E-02    9.000000E-01    9.612745E-01    3.636364E+00   -2.496888E-07
    3.000000E-02    9.000000E-01    9.612745E-01    3.737374E+00   -1.720994E-07
    3.000000E-02    9.000000E-01    9.612745E-01    3.838384E+00   -1.096029E-07
    3.000000E-02    9.000000E-01    9.612745E-01    3.939394E+00   -7.147529E-08
    3.000000E-02    9.000000E-01    9.612745E-01    4.040404E+00   -4.307803E-08
    3.000000E-02    9.000000E-01    9.612745E-01    4.141414E+00   -2.373252E-08
    3.000000E-02    9.000000E-01    9.612745E-01    4.242424E+00   -1.306765E-08
    3.000000E-02    9.000000E-01    9.612745E-01    4.343434E+00   -6.919496E-09
    3.000000E-02    9.000000E-01    9.612745E-01    4.444444E+00   -3.365869E-09
    3.000000E-02    9.000000E-01    9.612745E-01    4.545455E+00   -1.533858E-09
    3.000000E-02    9.000000E-01    9.612745E-01    4.646465E+00   -6.546927E-10
    3.000000E-02    9.000000E-01    9.612745E-01    4.747475E+00   -2.614225E-10
    3.000000E-02    9.000000E-01    9.612745E-01    4.848485E+00   -1.074008E-10
    3.000000E-02    9.000000E-01    9.612745E-01    4.949495E+00   -5.885566E-11
    3.000000E-02    9.000000E-01    9.612745E-01    5.050505E+00   -3.521496E-11
    3.000000E-02    9.000000E-01    9.612745E-01    5.151515E+00   -1.157426E-11
    3.000000E-02    9.000000E-01    9.612745E-01    5.252525E+00   -3.026526E-12
    3.000000E-02    9.000000E-01    9.612745E-01    5.353535E+00   -2.395930E-12
    3.000000E-02    9.000000E-01    9.612745E-01    5.454545E+00   -1.765334E-12
    3.000000E-02    9.000000E-01    9.612745E-01    5.555556E+00   -1.134737E-12
    3.000000E-02    9.000000E-01    9.612745E-01    5.656566E+00   -5.041413E-13
    3.000000E-02    9.000000E-01    9.612745E-01    5.757576E+00   -1.481010E-14
    3.000000E-02    9.000000E-01    9.612745E-01    5.858586E+00   -1.284344E-14
    3.000000E-02    9.000000E-01    9.612745E-01    5.959596E+00   -1.087677E-14
    3.000000E-02    9.000000E-01    9.612745E-01    6.060606E+00   -8.910111E-15
    3.000000E-02    9.000000E-01    9.612745E-01    6.161616E+00   -6.943448E-15
    3.000000E-02    9.000000E-01    9.612745E-01    6.262626E+00   -4.976785E-15
    3.000000E-02    9.000000E-01    9.612745E-01    6.363636E+00   -3.010122E-15
    3.000000E-02    9.000000E-01    9.612745E-01    6.464646E+00   -1.043459E-15
    3.000000E-02    9.000000E-01    9.612745E-01    6.565657E+00   -1.287722E-18
    3.000000E-02    9.000000E-01    9.612745E-01    6.666667E+00   -1.152845E-18
    3.000000E-02    9.000000E-01    9.612745E-01    6.767677E+00   -1.017968E-18
    3.000000E-02    9.000000E-01    9.612745E-01    6.868687E+00   -8.830910E-19
    3.000000E-02    9.000000E-01    9.612745E-01    6.969697E+00   -7.482139E-19
    3.000000E-02    9.000000E-01    9.612745E-01    7.070707E+00   -6.133369E-19
    3.000000E-02    9.000000E-01    9.612745E-01    7.171717E+00   -4.784598E-19
    3.000000E-02    9.000000E-01    9.612745E-01    7.272727E+00   -3.435827E-19
    3.000000E-02    9.000000E-01    9.612745E-01    7.373737E+00   -2.087056E-19
    3.000000E-02    9.000000E-01    9.612745E-01    7.474747E+00   -7.382855E-20
    3.000000E-02    9.000000E-01    9.612745E-01    7.575758E+00   -2.426118E-26
    3.000000E-02    9.000000E-01    9.612745E-01    7.676768E+00   -2.220510E-26
    3.000000E-02    9.000000E-01    9.612745E-01    7.777778E+00   -2.014902E-26
    3.000000E-02    9.000000E-01    9.612745E-01    7.878788E+00   -1.809294E-26
    3.000000E-02    9.000000E-01    9.612745E-01    7.979798E+00   -1.603686E-26
    3.000000E-02    9.000000E-01    9.612745E-01    8.080808E+00   -1.398079E-26
    3.000000E-02    9.000000E-01    9.612745E-01    8.181818E+00   -1.192471E-26
    3.000000E-02    9.000000E-01    9.612745E-01    8.282828E+00   -9.868630E-27
    3.000000E-02    9.000000E-01    9.612745E-01    8.383838E+00   -7.812551E-27
    3.000000E-02    9.000000E-01    9.612745E-01    8.484848E+00   -5.756473E-27
    3.000000E-02    9.000000E-01    9.612745E-01    8.585859E+00   -3.700395E-27
    3.000000E-02    9.000000E-01    9.612745E-01    8.686869E+00   -1.644316E-27
    3.000000E-02    9.000000E-01    9.612745E-01    8.787879E+00   -9.245426E-39
    3.000000E-02    9.000000E-01    9.612745E-01    8.888889E+00   -9.887858E-39
    3.000000E-02    9.000000E-01    9.612745E-01    8.989899E+00   -1.053029E-38
    3.000000E-02    9.000000E-01    9.612745E-01    9.090909E+00   -1.117272E-38
    3.000000E-02    9.000000E-01    9.612745E-01    9.191919E+00   -1.181515E-38
    3.000000E-02    9.000000E-01    9.612745E-01    9.292929E+00   -1.245759E-38
    3.000000E-02    9.000000E-01    9.612745E-01    9.393939E+00   -1.310002E-38
    3.000000E-02    9.000000E-01    9.612745E-01    9.494949E+00   -1.374245E-38
    3.000000E-02    9.000000E-01    9.612745E-01    9.595960E+00   -1.438488E-38
    3.000000E-02    9.000000E-01    9.612745E-01    9.696970E+00   -1.502731E-38
    3.000000E-02    9.000000E-01    9.612745E-01    9.797980E+00   -1.566975E-38
    3.000000E-02    9.000000E-01    9.612745E-01    9.898990E+00   -1.631218E-38
    3.000000E-02    9.000000E-01    9.612745E-01    1.000000E+01   -1.695461E-38

    3.000000E-02    1.000000E+00    9.612745E-01    0.000000E+00    1.546335E-06
    3.000000E-02    1.000000E+00    9.612745E-01    1.010101E-01    1.540397E-06
    3.000000E-02    1.000000E+00    9.612745E-01    2.020202E-01    1.522683E-06
    3.000000E-02    1.000000E+00    9.612745E-01    3.030303E-01    1.493201E-06
    3.000000E-02    1.000000E+00    9.612745E-01    4.040404E-01    1.452081E-06
    3.000000E-02    1.000000E+00    9.612745E-01    5.050505E-01    1.399403E-06
    3.000000E-02    1.000000E+00    9.612745E-01    6.060606E-01    1.335432E-06
    3.000000E-02    1.000000E+00    9.612745E-01    7.070707E-01    1.260475E-06
    3.000000E-02    1.000000E+00    9.612745E-01    8.080808E-01    1.175095E-06
    3.000000E-02    1.000000E+00    9.612745E-01    9.090909E-01    1.080054E-06
    3.000000E-02    1.000000E+00    9.612745E-01    1.010101E+00    9.763735E-07
    3.000000E-02    1.000000E+00    9.612745E-01    1.111111E+00    8.652624E-07
    3.000000E-02    1.000000E+00    9.612745E-01    1.212121E+00    7.480101E-07
    3.000000E-02    1.000000E+00    9.612745E-01    1.313131E+00    6.257834E-07
    3.000000E-02    1.000000E+00    9.612745E-01    1.414141E+00    4.995839E-07
    3.000000E-02    1.000000E+00    9.612745E-01    1.515152E+00    3.702803E-07
    3.000000E-02    1.000000E+00    9.612745E-01    1.616162E+00    2.386542E-07
    3.000000E-02    1.000000E+00    9.612745E-01    1.717172E+00    1.056100E-07
    3.000000E-02    1.000000E+00    9.612745E-01    1.818182E+00   -2.767261E-08
    3.000000E-02    1.000000E+00    9.612745E-01    1.919192E+00   -1.593017E-07
    3.000000E-02    1.000000E+00    9.612745E-01    2.020202E+00   -2.863556E-07
    3.000000E-02    1.000000E+00    9.612745E-01    2.121212E+00   -4.052953E-07
    3.000000E-02    1.000000E+00    9.612745E-01    2.222222E+00   -5.118388E-07
    3.000000E-02    1.000000E+00    9.612745E-01    2.323232E+00   -6.004696E-07
    3.000000E-02    1.000000E+00    9.612745E-01    2.424242E+00   -6.678893E-07
    3.000000E-02    1.000000E+00    9.612745E-01    2.525253E+00   -7.108667E-07
    3.000000E-02    1.000000E+00    9.612745E-01    2.626263E+00   -7.312420E-07
    3.000000E-02    1.000000E+00    9.612745E-01    2.727273E+00   -7.296854E-07
    3.000000E-02    1.000000E+00    9.612745E-01    2.828283E+00   -7.105608E-07
    3.000000E-02    1.000000E+00    9.612745E-01    2.929293E+00   -6.716600E-07
    3.000000E-02    1.000000E+00    9.612745E-01    3.030303E+00   -6.153500E-07
    3.000000E-02    1.000000E+00    9.612745E-01    3.131313E+00   -5.456021E-07
    3.000000E-02    1.000000E+00    9.612745E-01    3.232323E+00   -4.652559E-07
    3.000000E-02    1.000000E+00    9.612745E-01    3.333333E+00   -3.779397E-07
    3.000000E-02    1.000000E+00    9.612745E-01    3.434343E+00   -2.956758E-07
    3.000000E-02    1.000000E+00    9.612745E-01    3.535354E+00   -2.183665E-07
    3.000000E-02    1.000000E+00    9.612745E-01    3.636364E+00   -1.582513E-07
    3.000000E-02    1.000000E+00    9.612745E-01    3.737374E+00   -1.090825E-07
    3.000000E-02    1.000000E+00    9.612745E-01    3.838384E+00   -6.947492E-08
    3.000000E-02    1.000000E+00    9.612745E-01    3.939394E+00   -4.530859E-08
    3.000000E-02    1.000000E+00    9.612745E-01    4.040404E+00   -2.730890E-08
    3.000000E-02    1.000000E+00    9.612745E-01    4.141414E+00   -1.504592E-08
    3.000000E-02    1.000000E+00    9.612745E-01    4.242424E+00   -8.285018E-09
    3.000000E-02    1.000000E+00    9.612745E-01    4.343434E+00   -4.387241E-09
    3.000000E-02    1.000000E+00    9.612745E-01    4.444444E+00   -2.134215E-09
    3.000000E-02    1.000000E+00    9.612745E-01    4.545455E+00   -9.726392E-10
    3.000000E-02    1.000000E+00    9.612745E-01    4.646465E+00   -4.151758E-10
    3.000000E-02    1.000000E+00    9.612745E-01    4.747475E+00   -1.657945E-10
    3.000000E-02    1.000000E+00    9.612745E-01    4.848485E+00   -6.811869E-11
    3.000000E-02    1.000000E+00    9.612745E-01    4.949495E+00   -3.733069E-11
    3.000000E-02    1.000000E+00    9.612745E-01    5.050505E+00   -2.233631E-11
    3.000000E-02    1.000000E+00    9.612745E-01    5.151515E+00   -7.341929E-12
    3.000000E-02    1.000000E+00    9.612745E-01    5.252525E+00   -1.920335E-12
    3.000000E-02    1.000000E+00    9.612745E-01    5.353535E+00   -1.520221E-12
    3.000000E-02    1.000000E+00    9.612745E-01    5.454545E+00   -1.120108E-12
    3.000000E-02    1.000000E+00    9.612745E-01    5.555556E+00   -7.199943E-13
    3.000000E-02    1.000000E+00    9.612745E-01    5.656566E+00   -3.198809E-13
    3.000000E-02    1.000000E+00    9.612745E-01    5.757576E+00   -9.400140E-15
    3.000000E-02    1.000000E+00    9.612745E-01    5.858586E+00   -8.151876E-15
    3.000000E-02    1.000000E+00    9.612745E-01    5.959596E+00   -6.903613E-15
    3.000000E-02    1.000000E+00    9.612745E-01    6.060606E+00   -5.655349E-15
    3.000000E-02    1.000000E+00    9.612745E-01    6.161616E+00   -4.407086E-15
    3.000000E-02    1.000000E+00    9.612745E-01    6.262626E+00   -3.158822E-15
    3.000000E-02    1.000000E+00    9.612745E-01    6.363636E+00   -1.910559E-15
    3.000000E-02    1.000000E+00    9.612745E-01    6.464646E+00   -6.622953E-16
    3.000000E-02    1.000000E+00    9.612745E-01    6.565657E+00   -8.171957E-19
    3.000000E-02    1.000000E+00    9.612745E-01    6.666667E+00   -7.316020E-19
    3.000000E-02    1.000000E+00    9.612745E-01    6.767677E+00   -6.460082E-19
    3.000000E-02    1.000000E+00    9.612745E-01    6.868687E+00   -5.604145E-19
    3.000000E-02    1.000000E+00    9.612745E-01    6.969697E+00   -4.748207E-19
    3.000000E-02    1.000000E+00    9.612745E-01    7.070707E+00   -3.892270E-19
    3.000000E-02    1.000000E+00    9.612745E-01    7.171717E+00   -3.036332E-19
    3.000000E-02    1.000000E+00    9.612745E-01    7.272727E+00   -2.180395E-19
    3.000000E-02    1.000000E+00    9.612745E-01    7.373737E+00   -1.324458E-19
    3.000000E-02    1.000000E+00    9.612745E-01    7.474747E+00   -4.685201E-20
    3.000000E-02    1.000000E+00    9.612745E-01    7.575758E+00   -1.539770E-26
    3.000000E-02    1.000000E+00    9.612745E-01    7.676768E+00   -1.409278E-26
    3.000000E-02    1.000000E+00    9.612745E-01    7.777778E+00   -1.278786E-26
    3.000000E-02    1.000000E+00    9.612745E-01    7.878788E+00   -1.148294E-26
    3.000000E-02    1.000000E+00    9.612745E-01    7.979798E+00   -1.017802E-26
    3.000000E-02    1.000000E+00    9.612745E-01    8.080808E+00   -8.873104E-27
    3.000000E-02    1.000000E+00    9.612745E-01    8.181818E+00   -7.568185E-27
    3.000000E-02    1.000000E+00    9.612745E-01    8.282828E+00   -6.263266E-27
    3.000000E-02    1.000000E+00    9.612745E-01    8.383838E+00   -4.958347E-27
    3.000000E-02    1.000000E+00    9.612745E-01    8.484848E+00   -3.653427E-27
    3.000000E-02    1.000000E+00    9.612745E-01    8.585859E+00   -2.348508E-27
    3.000000E-02    1.000000E+00    9.612745E-01    8.686869E+00   -1.043589E-27
    3.000000E-02    1.000000E+00    9.612745E-01    8.787879E+00   -5.795758E-39
    3.000000E-02    1.000000E+00    9.612745E-01    8.888889E+00   -6.199540E-39
    3.000000E-02    1.000000E+00    9.612745E-01    8.989899E+00   -6.603321E-39
    3.000000E-02    1.000000E+00    9.612745E-01    9.090909E+00   -7.007103E-39
    3.000000E-02    1.000000E+00    9.612745E-01    9.191919E+00   -7.410884E-39
    3.000000E-02    1.000000E+00    9.612745E-01    9.292929E+00   -7.814666E-39
    3.000000E-02    1.000000E+00    9.612745E-01    9.393939E+00   -8.218447E-39
    3.000000E-02    1.000000E+00    9.612745E-01    9.494949E+00   -8.622229E-39
    3.000000E-02    1.000000E+00    9.612745E-01    9.595960E+00   -9.026010E-39
    3.000000E-02    1.000000E+00    9.612745E-01    9.696970E+00   -9.429792E-39
    3.000000E-02    1.000000E+00    9.612745E-01    9.797980E+00   -9.833573E-39
    3.000000E-02    1.000000E+00    9.612745E-01    9.898990E+00   -1.023735E-38
    3.000000E-02    1.000000E+00    9.612745E-01    1.000000E+01   -1.064114E-38

