    0.969826E-01    0.416957E+02
    0.510549E+00    0.416943E+02
    0.125277E+01    0.416917E+02
    0.232069E+01    0.416881E+02
    0.370985E+01    0.416828E+02
    0.541443E+01    0.416745E+02
    0.742729E+01    0.416607E+02
    0.973999E+01    0.416381E+02
    0.123428E+02    0.416046E+02
    0.152248E+02    0.415579E+02
    0.183740E+02    0.414961E+02
    0.217771E+02    0.414166E+02
    0.254198E+02    0.413169E+02
    0.292869E+02    0.411942E+02
    0.333622E+02    0.410462E+02
    0.376285E+02    0.408706E+02
    0.420679E+02    0.406656E+02
    0.466619E+02    0.404296E+02
    0.513912E+02    0.401614E+02
    0.562359E+02    0.398599E+02
    0.611757E+02    0.395244E+02
    0.661899E+02    0.391549E+02
    0.712574E+02    0.387516E+02
    0.763571E+02    0.383154E+02
    0.814675E+02    0.378475E+02
    0.865672E+02    0.373498E+02
    0.916347E+02    0.368249E+02
    0.966489E+02    0.362755E+02
    0.101589E+03    0.357053E+02
    0.106433E+03    0.351181E+02
    0.111163E+03    0.345182E+02
    0.115757E+03    0.339100E+02
    0.120196E+03    0.332983E+02
    0.124462E+03    0.326882E+02
    0.128538E+03    0.320847E+02
    0.132405E+03    0.314935E+02
    0.136047E+03    0.309198E+02
    0.139451E+03    0.303694E+02
    0.142600E+03    0.298474E+02
    0.145482E+03    0.293591E+02
    0.148085E+03    0.289094E+02
    0.150397E+03    0.285029E+02
    0.152410E+03    0.281438E+02
    0.154115E+03    0.278358E+02
    0.155504E+03    0.275822E+02
    0.156572E+03    0.273856E+02
    0.157314E+03    0.272481E+02
    0.157728E+03    0.271712E+02
    0.157839E+03    0.271504E+02
    0.157902E+03    0.271388E+02
    0.158015E+03    0.271177E+02
    0.158177E+03    0.270874E+02
    0.158390E+03    0.270477E+02
    0.158652E+03    0.269987E+02
    0.158963E+03    0.269403E+02
    0.159323E+03    0.268726E+02
    0.159732E+03    0.267956E+02
    0.160189E+03    0.267092E+02
    0.160694E+03    0.266135E+02
    0.161246E+03    0.265085E+02
    0.161845E+03    0.263941E+02
    0.162491E+03    0.262704E+02
    0.163182E+03    0.261375E+02
    0.163917E+03    0.259952E+02
    0.164697E+03    0.258437E+02
    0.165520E+03    0.256829E+02
    0.166386E+03    0.255128E+02
    0.167294E+03    0.253336E+02
    0.168242E+03    0.251452E+02
    0.169231E+03    0.249477E+02
    0.170258E+03    0.247411E+02
    0.171323E+03    0.245255E+02
    0.172426E+03    0.243009E+02
    0.173564E+03    0.240674E+02
    0.174737E+03    0.238251E+02
    0.175943E+03    0.235740E+02
    0.177182E+03    0.233142E+02
    0.178452E+03    0.230459E+02
    0.179752E+03    0.227692E+02
    0.181081E+03    0.224841E+02
    0.182437E+03    0.221909E+02
    0.183819E+03    0.218896E+02
    0.185226E+03    0.215804E+02
    0.186657E+03    0.212634E+02
    0.188109E+03    0.209390E+02
    0.189581E+03    0.206071E+02
    0.191073E+03    0.202681E+02
    0.192583E+03    0.199222E+02
    0.194108E+03    0.195696E+02
    0.195649E+03    0.192106E+02
    0.197202E+03    0.188454E+02
    0.198767E+03    0.184743E+02
    0.200342E+03    0.180975E+02
    0.201926E+03    0.177155E+02
    0.203517E+03    0.173285E+02
    0.205113E+03    0.169368E+02
    0.206713E+03    0.165409E+02
    0.208316E+03    0.161409E+02
    0.209919E+03    0.157374E+02
    0.211522E+03    0.153307E+02
    0.213122E+03    0.149212E+02
    0.214718E+03    0.145093E+02
    0.216309E+03    0.140954E+02
    0.217893E+03    0.136799E+02
    0.219468E+03    0.132633E+02
    0.221033E+03    0.128460E+02
    0.222587E+03    0.124285E+02
    0.224127E+03    0.120113E+02
    0.225652E+03    0.115947E+02
    0.227162E+03    0.111794E+02
    0.228654E+03    0.107657E+02
    0.230126E+03    0.103544E+02
    0.231579E+03    0.994582E+01
    0.233009E+03    0.954074E+01
    0.234416E+03    0.913962E+01
    0.235798E+03    0.874337E+01
    0.237154E+03    0.835210E+01
    0.238483E+03    0.796673E+01
    0.239783E+03    0.758803E+01
    0.241053E+03    0.721686E+01
    0.242292E+03    0.685375E+01
    0.243498E+03    0.649965E+01
    0.244671E+03    0.615575E+01
    0.245809E+03    0.582290E+01
    0.246912E+03    0.550213E+01
    0.247977E+03    0.519457E+01
    0.249004E+03    0.490119E+01
    0.249993E+03    0.462289E+01
    0.250941E+03    0.436081E+01
    0.251849E+03    0.411590E+01
    0.252715E+03    0.388897E+01
    0.253538E+03    0.368050E+01
    0.254318E+03    0.349077E+01
    0.255054E+03    0.331977E+01
    0.255744E+03    0.316730E+01
    0.256390E+03    0.303286E+01
    0.256989E+03    0.291520E+01
    0.257541E+03    0.281217E+01
    0.258046E+03    0.272223E+01
    0.258503E+03    0.264758E+01
    0.258912E+03    0.259105E+01
    0.259272E+03    0.255255E+01
    0.259584E+03    0.252529E+01
    0.259846E+03    0.250015E+01
    0.260058E+03    0.247437E+01
    0.260221E+03    0.244944E+01
    0.260333E+03    0.242877E+01
    0.260396E+03    0.241594E+01
    0.260411E+03    0.241266E+01
    0.260415E+03    0.241197E+01
    0.260420E+03    0.241073E+01
    0.260429E+03    0.240894E+01
    0.260440E+03    0.240658E+01
    0.260453E+03    0.240365E+01
    0.260469E+03    0.240015E+01
    0.260487E+03    0.239607E+01
    0.260508E+03    0.239144E+01
    0.260532E+03    0.238625E+01
    0.260558E+03    0.238054E+01
    0.260586E+03    0.237436E+01
    0.260617E+03    0.236775E+01
    0.260650E+03    0.236080E+01
    0.260685E+03    0.235361E+01
    0.260723E+03    0.234633E+01
    0.260763E+03    0.233910E+01
    0.260805E+03    0.233213E+01
    0.260850E+03    0.232566E+01
    0.260896E+03    0.231996E+01
    0.260945E+03    0.231535E+01
    0.260996E+03    0.231220E+01
    0.261048E+03    0.231092E+01
    0.261103E+03    0.231197E+01
    0.261159E+03    0.231587E+01
    0.261218E+03    0.232318E+01
    0.261278E+03    0.233452E+01
    0.261340E+03    0.235056E+01
    0.261403E+03    0.237154E+01
    0.261468E+03    0.239602E+01
    0.261535E+03    0.242193E+01
    0.261603E+03    0.244688E+01
    0.261673E+03    0.246818E+01
    0.261744E+03    0.248280E+01
    0.261816E+03    0.248746E+01
    0.261889E+03    0.247857E+01
    0.261964E+03    0.245229E+01
    0.262039E+03    0.240456E+01
    0.262116E+03    0.233109E+01
    0.262193E+03    0.223183E+01
    0.262271E+03    0.212371E+01
    0.262350E+03    0.202880E+01
    0.262430E+03    0.197041E+01
    0.262510E+03    0.197287E+01
    0.262591E+03    0.206131E+01
    0.262672E+03    0.226141E+01
    0.262754E+03    0.255498E+01
    0.262836E+03    0.280461E+01
    0.262918E+03    0.285073E+01
    0.263000E+03    0.253888E+01
    0.263082E+03    0.199353E+01
    0.263164E+03    0.168471E+01
    0.263246E+03    0.172695E+01
    0.263328E+03    0.196842E+01
    0.263410E+03    0.225335E+01
    0.263491E+03    0.244914E+01
    0.263572E+03    0.254000E+01
    0.263652E+03    0.255014E+01
    0.263732E+03    0.250323E+01
    0.263811E+03    0.242220E+01
    0.263889E+03    0.232899E+01
    0.263966E+03    0.224440E+01
    0.264043E+03    0.218406E+01
    0.264118E+03    0.214767E+01
    0.264193E+03    0.213122E+01
    0.264266E+03    0.213091E+01
    0.264338E+03    0.214315E+01
    0.264409E+03    0.216461E+01
    0.264479E+03    0.219218E+01
    0.264547E+03    0.222307E+01
    0.264614E+03    0.225474E+01
    0.264679E+03    0.228496E+01
    0.264742E+03    0.231179E+01
    0.264804E+03    0.233392E+01
    0.264864E+03    0.235162E+01
    0.264923E+03    0.236551E+01
    0.264979E+03    0.237614E+01
    0.265034E+03    0.238402E+01
    0.265086E+03    0.238962E+01
    0.265137E+03    0.239334E+01
    0.265186E+03    0.239557E+01
    0.265232E+03    0.239661E+01
    0.265277E+03    0.239674E+01
    0.265319E+03    0.239622E+01
    0.265359E+03    0.239523E+01
    0.265397E+03    0.239394E+01
    0.265432E+03    0.239249E+01
    0.265465E+03    0.239097E+01
    0.265496E+03    0.238948E+01
    0.265524E+03    0.238807E+01
    0.265550E+03    0.238678E+01
    0.265574E+03    0.238562E+01
    0.265595E+03    0.238462E+01
    0.265613E+03    0.238378E+01
    0.265629E+03    0.238308E+01
    0.265642E+03    0.238253E+01
    0.265653E+03    0.238210E+01
    0.265662E+03    0.238178E+01
    0.265667E+03    0.238157E+01
    0.265671E+03    0.238146E+01
    0.265734E+03    0.237970E+01
    0.266003E+03    0.238488E+01
    0.266486E+03    0.243381E+01
    0.267180E+03    0.254218E+01
    0.268083E+03    0.268694E+01
    0.269191E+03    0.288187E+01
    0.270499E+03    0.315406E+01
    0.272002E+03    0.351995E+01
    0.273694E+03    0.397804E+01
    0.275568E+03    0.452865E+01
    0.277615E+03    0.516746E+01
    0.279827E+03    0.588712E+01
    0.282194E+03    0.667946E+01
    0.284708E+03    0.753650E+01
    0.287357E+03    0.845298E+01
    0.290130E+03    0.942290E+01
    0.293016E+03    0.104426E+02
    0.296002E+03    0.115083E+02
    0.299076E+03    0.126158E+02
    0.302225E+03    0.137614E+02
    0.305436E+03    0.149409E+02
    0.308695E+03    0.161506E+02
    0.311989E+03    0.173859E+02
    0.315304E+03    0.186418E+02
    0.318625E+03    0.199132E+02
    0.321940E+03    0.211949E+02
    0.325234E+03    0.224814E+02
    0.328493E+03    0.237670E+02
    0.331704E+03    0.250457E+02
    0.334853E+03    0.263117E+02
    0.337927E+03    0.275587E+02
    0.340913E+03    0.287808E+02
    0.343799E+03    0.299716E+02
    0.346572E+03    0.311253E+02
    0.349221E+03    0.322357E+02
    0.351735E+03    0.332970E+02
    0.354102E+03    0.343035E+02
    0.356314E+03    0.352498E+02
    0.358361E+03    0.361307E+02
    0.360235E+03    0.369411E+02
    0.361926E+03    0.376765E+02
    0.363430E+03    0.383329E+02
    0.364738E+03    0.389062E+02
    0.365846E+03    0.393933E+02
    0.366749E+03    0.397914E+02
    0.367443E+03    0.400980E+02
    0.367926E+03    0.403115E+02
    0.368194E+03    0.404306E+02
    0.368954E+03    0.407673E+02
    0.371913E+03    0.420863E+02
    0.377187E+03    0.444618E+02
    0.384690E+03    0.478964E+02
    0.394298E+03    0.523895E+02
    0.405854E+03    0.579332E+02
    0.419169E+03    0.645075E+02
    0.434022E+03    0.720770E+02
    0.450172E+03    0.805848E+02
    0.467352E+03    0.899491E+02
    0.485280E+03    0.100062E+03
    0.503663E+03    0.110788E+03
    0.522197E+03    0.121962E+03
    0.540580E+03    0.133395E+03
    0.558508E+03    0.144874E+03
    0.575688E+03    0.156174E+03
    0.591837E+03    0.167058E+03
    0.606691E+03    0.177289E+03
    0.620006E+03    0.186633E+03
    0.631562E+03    0.194873E+03
    0.641170E+03    0.201816E+03
    0.648673E+03    0.207293E+03
    0.653946E+03    0.211173E+03
    0.656906E+03    0.213361E+03
    0.659185E+03    0.215050E+03
    0.665912E+03    0.220062E+03
    0.677898E+03    0.229087E+03
    0.694949E+03    0.242127E+03
    0.716786E+03    0.259164E+03
    0.743050E+03    0.280139E+03
    0.773310E+03    0.304940E+03
    0.807068E+03    0.333403E+03
    0.843772E+03    0.365346E+03
    0.882817E+03    0.400567E+03
    0.923564E+03    0.438823E+03
    0.965342E+03    0.479810E+03
    0.100747E+04    0.523111E+03
    0.104924E+04    0.568148E+03
    0.108999E+04    0.614163E+03
    0.112904E+04    0.660222E+03
    0.116574E+04    0.705271E+03
    0.119950E+04    0.748163E+03
    0.122976E+04    0.787755E+03
    0.125602E+04    0.822968E+03
    0.127786E+04    0.852831E+03
    0.129491E+04    0.876508E+03
    0.130690E+04    0.893338E+03
    0.131362E+04    0.902849E+03
    0.132947E+04    0.925447E+03
    0.139014E+04    0.101427E+04
    0.149836E+04    0.118143E+04
    0.165286E+04    0.144025E+04
    0.185246E+04    0.181867E+04
    0.209658E+04    0.232721E+04
    0.238597E+04    0.300860E+04
    0.272332E+04    0.391951E+04
    0.311411E+04    0.512511E+04
    0.356762E+04    0.672653E+04
    0.409834E+04    0.887667E+04
    0.472826E+04    0.118151E+05
    0.549052E+04    0.159317E+05
    0.643555E+04    0.218880E+05
    0.764202E+04    0.308639E+05
    0.923701E+04    0.450918E+05
    0.114356E+05    0.691113E+05
    0.146240E+05    0.113023E+06
    0.195529E+05    0.202050E+06
    0.278400E+05    0.409613E+06
    0.435192E+05    0.100091E+07
    0.791228E+05    0.330855E+07
    0.191484E+06    0.193776E+08
    0.100000E+07    0.528488E+09
