
#   rho [fm-3]      T [MeV]      kf [fm-1]       k [fm-1]       Gap(k) [MeV]       auxgap
    1.500000E-02    0.000000E+00    7.629641E-01    0.000000E+00    2.814799E+00
    1.500000E-02    0.000000E+00    7.629641E-01    1.010101E-01    2.802463E+00
    1.500000E-02    0.000000E+00    7.629641E-01    2.020202E-01    2.765642E+00
    1.500000E-02    0.000000E+00    7.629641E-01    3.030303E-01    2.704574E+00
    1.500000E-02    0.000000E+00    7.629641E-01    4.040404E-01    2.619769E+00
    1.500000E-02    0.000000E+00    7.629641E-01    5.050505E-01    2.511911E+00
    1.500000E-02    0.000000E+00    7.629641E-01    6.060606E-01    2.382259E+00
    1.500000E-02    0.000000E+00    7.629641E-01    7.070707E-01    2.232568E+00
    1.500000E-02    0.000000E+00    7.629641E-01    8.080808E-01    2.065137E+00
    1.500000E-02    0.000000E+00    7.629641E-01    9.090909E-01    1.882736E+00
    1.500000E-02    0.000000E+00    7.629641E-01    1.010101E+00    1.688345E+00
    1.500000E-02    0.000000E+00    7.629641E-01    1.111111E+00    1.484778E+00
    1.500000E-02    0.000000E+00    7.629641E-01    1.212121E+00    1.274573E+00
    1.500000E-02    0.000000E+00    7.629641E-01    1.313131E+00    1.059712E+00
    1.500000E-02    0.000000E+00    7.629641E-01    1.414141E+00    8.417770E-01
    1.500000E-02    0.000000E+00    7.629641E-01    1.515152E+00    6.219432E-01
    1.500000E-02    0.000000E+00    7.629641E-01    1.616162E+00    4.012704E-01
    1.500000E-02    0.000000E+00    7.629641E-01    1.717172E+00    1.810722E-01
    1.500000E-02    0.000000E+00    7.629641E-01    1.818182E+00   -3.670908E-02
    1.500000E-02    0.000000E+00    7.629641E-01    1.919192E+00   -2.493562E-01
    1.500000E-02    0.000000E+00    7.629641E-01    2.020202E+00   -4.523780E-01
    1.500000E-02    0.000000E+00    7.629641E-01    2.121212E+00   -6.391655E-01
    1.500000E-02    0.000000E+00    7.629641E-01    2.222222E+00   -8.050116E-01
    1.500000E-02    0.000000E+00    7.629641E-01    2.323232E+00   -9.419205E-01
    1.500000E-02    0.000000E+00    7.629641E-01    2.424242E+00   -1.043461E+00
    1.500000E-02    0.000000E+00    7.629641E-01    2.525253E+00   -1.107153E+00
    1.500000E-02    0.000000E+00    7.629641E-01    2.626263E+00   -1.134950E+00
    1.500000E-02    0.000000E+00    7.629641E-01    2.727273E+00   -1.130926E+00
    1.500000E-02    0.000000E+00    7.629641E-01    2.828283E+00   -1.098756E+00
    1.500000E-02    0.000000E+00    7.629641E-01    2.929293E+00   -1.040877E+00
    1.500000E-02    0.000000E+00    7.629641E-01    3.030303E+00   -9.537797E-01
    1.500000E-02    0.000000E+00    7.629641E-01    3.131313E+00   -8.422030E-01
    1.500000E-02    0.000000E+00    7.629641E-01    3.232323E+00   -7.147724E-01
    1.500000E-02    0.000000E+00    7.629641E-01    3.333333E+00   -5.807843E-01
    1.500000E-02    0.000000E+00    7.629641E-01    3.434343E+00   -4.510656E-01
    1.500000E-02    0.000000E+00    7.629641E-01    3.535354E+00   -3.349371E-01
    1.500000E-02    0.000000E+00    7.629641E-01    3.636364E+00   -2.373215E-01
    1.500000E-02    0.000000E+00    7.629641E-01    3.737374E+00   -1.619116E-01
    1.500000E-02    0.000000E+00    7.629641E-01    3.838384E+00   -1.063849E-01
    1.500000E-02    0.000000E+00    7.629641E-01    3.939394E+00   -7.272581E-02
    1.500000E-02    0.000000E+00    7.629641E-01    4.040404E+00   -5.031214E-02
    1.500000E-02    0.000000E+00    7.629641E-01    4.141414E+00   -2.789846E-02
    1.500000E-02    0.000000E+00    7.629641E-01    4.242424E+00   -1.468060E-02
    1.500000E-02    0.000000E+00    7.629641E-01    4.343434E+00   -1.176786E-02
    1.500000E-02    0.000000E+00    7.629641E-01    4.444444E+00   -8.855124E-03
    1.500000E-02    0.000000E+00    7.629641E-01    4.545455E+00   -5.942387E-03
    1.500000E-02    0.000000E+00    7.629641E-01    4.646465E+00   -3.029651E-03
    1.500000E-02    0.000000E+00    7.629641E-01    4.747475E+00   -2.301693E-04
    1.500000E-02    0.000000E+00    7.629641E-01    4.848485E+00   -2.003443E-04
    1.500000E-02    0.000000E+00    7.629641E-01    4.949495E+00   -1.705193E-04
    1.500000E-02    0.000000E+00    7.629641E-01    5.050505E+00   -1.406943E-04
    1.500000E-02    0.000000E+00    7.629641E-01    5.151515E+00   -1.108693E-04
    1.500000E-02    0.000000E+00    7.629641E-01    5.252525E+00   -8.104430E-05
    1.500000E-02    0.000000E+00    7.629641E-01    5.353535E+00   -5.121931E-05
    1.500000E-02    0.000000E+00    7.629641E-01    5.454545E+00   -2.139431E-05
    1.500000E-02    0.000000E+00    7.629641E-01    5.555556E+00   -1.417023E-08
    1.500000E-02    0.000000E+00    7.629641E-01    5.656566E+00   -1.271482E-08
    1.500000E-02    0.000000E+00    7.629641E-01    5.757576E+00   -1.125942E-08
    1.500000E-02    0.000000E+00    7.629641E-01    5.858586E+00   -9.804018E-09
    1.500000E-02    0.000000E+00    7.629641E-01    5.959596E+00   -8.348615E-09
    1.500000E-02    0.000000E+00    7.629641E-01    6.060606E+00   -6.893212E-09
    1.500000E-02    0.000000E+00    7.629641E-01    6.161616E+00   -5.437810E-09
    1.500000E-02    0.000000E+00    7.629641E-01    6.262626E+00   -3.982407E-09
    1.500000E-02    0.000000E+00    7.629641E-01    6.363636E+00   -2.527004E-09
    1.500000E-02    0.000000E+00    7.629641E-01    6.464646E+00   -1.071601E-09
    1.500000E-02    0.000000E+00    7.629641E-01    6.565657E+00   -1.128580E-17
    1.500000E-02    0.000000E+00    7.629641E-01    6.666667E+00   -1.034462E-17
    1.500000E-02    0.000000E+00    7.629641E-01    6.767677E+00   -9.403430E-18
    1.500000E-02    0.000000E+00    7.629641E-01    6.868687E+00   -8.462245E-18
    1.500000E-02    0.000000E+00    7.629641E-01    6.969697E+00   -7.521059E-18
    1.500000E-02    0.000000E+00    7.629641E-01    7.070707E+00   -6.579874E-18
    1.500000E-02    0.000000E+00    7.629641E-01    7.171717E+00   -5.638688E-18
    1.500000E-02    0.000000E+00    7.629641E-01    7.272727E+00   -4.697503E-18
    1.500000E-02    0.000000E+00    7.629641E-01    7.373737E+00   -3.756317E-18
    1.500000E-02    0.000000E+00    7.629641E-01    7.474747E+00   -2.815132E-18
    1.500000E-02    0.000000E+00    7.629641E-01    7.575758E+00   -1.873946E-18
    1.500000E-02    0.000000E+00    7.629641E-01    7.676768E+00   -9.327608E-19
    1.500000E-02    0.000000E+00    7.629641E-01    7.777778E+00   -5.256673E-33
    1.500000E-02    0.000000E+00    7.629641E-01    7.878788E+00   -5.706331E-33
    1.500000E-02    0.000000E+00    7.629641E-01    7.979798E+00   -6.155989E-33
    1.500000E-02    0.000000E+00    7.629641E-01    8.080808E+00   -6.605647E-33
    1.500000E-02    0.000000E+00    7.629641E-01    8.181818E+00   -7.055305E-33
    1.500000E-02    0.000000E+00    7.629641E-01    8.282828E+00   -7.504963E-33
    1.500000E-02    0.000000E+00    7.629641E-01    8.383838E+00   -7.954621E-33
    1.500000E-02    0.000000E+00    7.629641E-01    8.484848E+00   -8.404279E-33
    1.500000E-02    0.000000E+00    7.629641E-01    8.585859E+00   -8.853938E-33
    1.500000E-02    0.000000E+00    7.629641E-01    8.686869E+00   -9.303596E-33
    1.500000E-02    0.000000E+00    7.629641E-01    8.787879E+00   -9.753254E-33
    1.500000E-02    0.000000E+00    7.629641E-01    8.888889E+00   -1.020291E-32
    1.500000E-02    0.000000E+00    7.629641E-01    8.989899E+00   -1.065257E-32
    1.500000E-02    0.000000E+00    7.629641E-01    9.090909E+00   -1.110223E-32
    1.500000E-02    0.000000E+00    7.629641E-01    9.191919E+00   -1.155189E-32
    1.500000E-02    0.000000E+00    7.629641E-01    9.292929E+00   -1.216784E-32
    1.500000E-02    0.000000E+00    7.629641E-01    9.393939E+00   -1.296230E-32
    1.500000E-02    0.000000E+00    7.629641E-01    9.494949E+00   -1.375677E-32
    1.500000E-02    0.000000E+00    7.629641E-01    9.595960E+00   -1.455123E-32
    1.500000E-02    0.000000E+00    7.629641E-01    9.696970E+00   -1.534570E-32
    1.500000E-02    0.000000E+00    7.629641E-01    9.797980E+00   -1.614017E-32
    1.500000E-02    0.000000E+00    7.629641E-01    9.898990E+00   -1.693463E-32
    1.500000E-02    0.000000E+00    7.629641E-01    1.000000E+01   -1.772910E-32

    1.500000E-02    1.000000E-01    7.629641E-01    0.000000E+00    3.142286E+00
    1.500000E-02    1.000000E-01    7.629641E-01    1.010101E-01    3.128604E+00
    1.500000E-02    1.000000E-01    7.629641E-01    2.020202E-01    3.087764E+00
    1.500000E-02    1.000000E-01    7.629641E-01    3.030303E-01    3.020021E+00
    1.500000E-02    1.000000E-01    7.629641E-01    4.040404E-01    2.925924E+00
    1.500000E-02    1.000000E-01    7.629641E-01    5.050505E-01    2.806202E+00
    1.500000E-02    1.000000E-01    7.629641E-01    6.060606E-01    2.662204E+00
    1.500000E-02    1.000000E-01    7.629641E-01    7.070707E-01    2.495820E+00
    1.500000E-02    1.000000E-01    7.629641E-01    8.080808E-01    2.309536E+00
    1.500000E-02    1.000000E-01    7.629641E-01    9.090909E-01    2.106384E+00
    1.500000E-02    1.000000E-01    7.629641E-01    1.010101E+00    1.889649E+00
    1.500000E-02    1.000000E-01    7.629641E-01    1.111111E+00    1.662463E+00
    1.500000E-02    1.000000E-01    7.629641E-01    1.212121E+00    1.427669E+00
    1.500000E-02    1.000000E-01    7.629641E-01    1.313131E+00    1.187494E+00
    1.500000E-02    1.000000E-01    7.629641E-01    1.414141E+00    9.437243E-01
    1.500000E-02    1.000000E-01    7.629641E-01    1.515152E+00    6.976815E-01
    1.500000E-02    1.000000E-01    7.629641E-01    1.616162E+00    4.505524E-01
    1.500000E-02    1.000000E-01    7.629641E-01    1.717172E+00    2.038166E-01
    1.500000E-02    1.000000E-01    7.629641E-01    1.818182E+00   -4.034855E-02
    1.500000E-02    1.000000E-01    7.629641E-01    1.919192E+00   -2.788822E-01
    1.500000E-02    1.000000E-01    7.629641E-01    2.020202E+00   -5.067376E-01
    1.500000E-02    1.000000E-01    7.629641E-01    2.121212E+00   -7.164818E-01
    1.500000E-02    1.000000E-01    7.629641E-01    2.222222E+00   -9.027991E-01
    1.500000E-02    1.000000E-01    7.629641E-01    2.323232E+00   -1.056695E+00
    1.500000E-02    1.000000E-01    7.629641E-01    2.424242E+00   -1.170923E+00
    1.500000E-02    1.000000E-01    7.629641E-01    2.525253E+00   -1.242673E+00
    1.500000E-02    1.000000E-01    7.629641E-01    2.626263E+00   -1.274114E+00
    1.500000E-02    1.000000E-01    7.629641E-01    2.727273E+00   -1.269805E+00
    1.500000E-02    1.000000E-01    7.629641E-01    2.828283E+00   -1.233862E+00
    1.500000E-02    1.000000E-01    7.629641E-01    2.929293E+00   -1.169012E+00
    1.500000E-02    1.000000E-01    7.629641E-01    3.030303E+00   -1.071299E+00
    1.500000E-02    1.000000E-01    7.629641E-01    3.131313E+00   -9.460511E-01
    1.500000E-02    1.000000E-01    7.629641E-01    3.232323E+00   -8.029629E-01
    1.500000E-02    1.000000E-01    7.629641E-01    3.333333E+00   -6.524818E-01
    1.500000E-02    1.000000E-01    7.629641E-01    3.434343E+00   -5.067756E-01
    1.500000E-02    1.000000E-01    7.629641E-01    3.535354E+00   -3.763216E-01
    1.500000E-02    1.000000E-01    7.629641E-01    3.636364E+00   -2.666555E-01
    1.500000E-02    1.000000E-01    7.629641E-01    3.737374E+00   -1.819304E-01
    1.500000E-02    1.000000E-01    7.629641E-01    3.838384E+00   -1.195414E-01
    1.500000E-02    1.000000E-01    7.629641E-01    3.939394E+00   -8.172081E-02
    1.500000E-02    1.000000E-01    7.629641E-01    4.040404E+00   -5.653520E-02
    1.500000E-02    1.000000E-01    7.629641E-01    4.141414E+00   -3.134959E-02
    1.500000E-02    1.000000E-01    7.629641E-01    4.242424E+00   -1.649697E-02
    1.500000E-02    1.000000E-01    7.629641E-01    4.343434E+00   -1.322385E-02
    1.500000E-02    1.000000E-01    7.629641E-01    4.444444E+00   -9.950733E-03
    1.500000E-02    1.000000E-01    7.629641E-01    4.545455E+00   -6.677615E-03
    1.500000E-02    1.000000E-01    7.629641E-01    4.646465E+00   -3.404496E-03
    1.500000E-02    1.000000E-01    7.629641E-01    4.747475E+00   -2.586449E-04
    1.500000E-02    1.000000E-01    7.629641E-01    4.848485E+00   -2.251300E-04
    1.500000E-02    1.000000E-01    7.629641E-01    4.949495E+00   -1.916152E-04
    1.500000E-02    1.000000E-01    7.629641E-01    5.050505E+00   -1.581004E-04
    1.500000E-02    1.000000E-01    7.629641E-01    5.151515E+00   -1.245856E-04
    1.500000E-02    1.000000E-01    7.629641E-01    5.252525E+00   -9.107077E-05
    1.500000E-02    1.000000E-01    7.629641E-01    5.353535E+00   -5.755595E-05
    1.500000E-02    1.000000E-01    7.629641E-01    5.454545E+00   -2.404113E-05
    1.500000E-02    1.000000E-01    7.629641E-01    5.555556E+00   -1.592193E-08
    1.500000E-02    1.000000E-01    7.629641E-01    5.656566E+00   -1.428661E-08
    1.500000E-02    1.000000E-01    7.629641E-01    5.757576E+00   -1.265129E-08
    1.500000E-02    1.000000E-01    7.629641E-01    5.858586E+00   -1.101598E-08
    1.500000E-02    1.000000E-01    7.629641E-01    5.959596E+00   -9.380658E-09
    1.500000E-02    1.000000E-01    7.629641E-01    6.060606E+00   -7.745341E-09
    1.500000E-02    1.000000E-01    7.629641E-01    6.161616E+00   -6.110023E-09
    1.500000E-02    1.000000E-01    7.629641E-01    6.262626E+00   -4.474705E-09
    1.500000E-02    1.000000E-01    7.629641E-01    6.363636E+00   -2.839388E-09
    1.500000E-02    1.000000E-01    7.629641E-01    6.464646E+00   -1.204070E-09
    1.500000E-02    1.000000E-01    7.629641E-01    6.565657E+00   -1.267932E-17
    1.500000E-02    1.000000E-01    7.629641E-01    6.666667E+00   -1.162192E-17
    1.500000E-02    1.000000E-01    7.629641E-01    6.767677E+00   -1.056452E-17
    1.500000E-02    1.000000E-01    7.629641E-01    6.868687E+00   -9.507120E-18
    1.500000E-02    1.000000E-01    7.629641E-01    6.969697E+00   -8.449722E-18
    1.500000E-02    1.000000E-01    7.629641E-01    7.070707E+00   -7.392324E-18
    1.500000E-02    1.000000E-01    7.629641E-01    7.171717E+00   -6.334925E-18
    1.500000E-02    1.000000E-01    7.629641E-01    7.272727E+00   -5.277527E-18
    1.500000E-02    1.000000E-01    7.629641E-01    7.373737E+00   -4.220129E-18
    1.500000E-02    1.000000E-01    7.629641E-01    7.474747E+00   -3.162730E-18
    1.500000E-02    1.000000E-01    7.629641E-01    7.575758E+00   -2.105332E-18
    1.500000E-02    1.000000E-01    7.629641E-01    7.676768E+00   -1.047933E-18
    1.500000E-02    1.000000E-01    7.629641E-01    7.777778E+00   -5.907426E-33
    1.500000E-02    1.000000E-01    7.629641E-01    7.878788E+00   -6.412579E-33
    1.500000E-02    1.000000E-01    7.629641E-01    7.979798E+00   -6.917733E-33
    1.500000E-02    1.000000E-01    7.629641E-01    8.080808E+00   -7.422886E-33
    1.500000E-02    1.000000E-01    7.629641E-01    8.181818E+00   -7.928040E-33
    1.500000E-02    1.000000E-01    7.629641E-01    8.282828E+00   -8.433193E-33
    1.500000E-02    1.000000E-01    7.629641E-01    8.383838E+00   -8.938347E-33
    1.500000E-02    1.000000E-01    7.629641E-01    8.484848E+00   -9.443501E-33
    1.500000E-02    1.000000E-01    7.629641E-01    8.585859E+00   -9.948654E-33
    1.500000E-02    1.000000E-01    7.629641E-01    8.686869E+00   -1.045381E-32
    1.500000E-02    1.000000E-01    7.629641E-01    8.787879E+00   -1.095896E-32
    1.500000E-02    1.000000E-01    7.629641E-01    8.888889E+00   -1.146411E-32
    1.500000E-02    1.000000E-01    7.629641E-01    8.989899E+00   -1.196927E-32
    1.500000E-02    1.000000E-01    7.629641E-01    9.090909E+00   -1.247442E-32
    1.500000E-02    1.000000E-01    7.629641E-01    9.191919E+00   -1.297958E-32
    1.500000E-02    1.000000E-01    7.629641E-01    9.292929E+00   -1.367151E-32
    1.500000E-02    1.000000E-01    7.629641E-01    9.393939E+00   -1.456394E-32
    1.500000E-02    1.000000E-01    7.629641E-01    9.494949E+00   -1.545638E-32
    1.500000E-02    1.000000E-01    7.629641E-01    9.595960E+00   -1.634882E-32
    1.500000E-02    1.000000E-01    7.629641E-01    9.696970E+00   -1.724126E-32
    1.500000E-02    1.000000E-01    7.629641E-01    9.797980E+00   -1.813369E-32
    1.500000E-02    1.000000E-01    7.629641E-01    9.898990E+00   -1.902613E-32
    1.500000E-02    1.000000E-01    7.629641E-01    1.000000E+01   -1.991857E-32

    1.500000E-02    2.000000E-01    7.629641E-01    0.000000E+00    3.109516E+00
    1.500000E-02    2.000000E-01    7.629641E-01    1.010101E-01    3.095974E+00
    1.500000E-02    2.000000E-01    7.629641E-01    2.020202E-01    3.055553E+00
    1.500000E-02    2.000000E-01    7.629641E-01    3.030303E-01    2.988505E+00
    1.500000E-02    2.000000E-01    7.629641E-01    4.040404E-01    2.895374E+00
    1.500000E-02    2.000000E-01    7.629641E-01    5.050505E-01    2.776883E+00
    1.500000E-02    2.000000E-01    7.629641E-01    6.060606E-01    2.634369E+00
    1.500000E-02    2.000000E-01    7.629641E-01    7.070707E-01    2.469703E+00
    1.500000E-02    2.000000E-01    7.629641E-01    8.080808E-01    2.285350E+00
    1.500000E-02    2.000000E-01    7.629641E-01    9.090909E-01    2.084309E+00
    1.500000E-02    2.000000E-01    7.629641E-01    1.010101E+00    1.869832E+00
    1.500000E-02    2.000000E-01    7.629641E-01    1.111111E+00    1.645016E+00
    1.500000E-02    2.000000E-01    7.629641E-01    1.212121E+00    1.412676E+00
    1.500000E-02    2.000000E-01    7.629641E-01    1.313131E+00    1.175014E+00
    1.500000E-02    2.000000E-01    7.629641E-01    1.414141E+00    9.337975E-01
    1.500000E-02    2.000000E-01    7.629641E-01    1.515152E+00    6.903343E-01
    1.500000E-02    2.000000E-01    7.629641E-01    1.616162E+00    4.457986E-01
    1.500000E-02    2.000000E-01    7.629641E-01    1.717172E+00    2.016545E-01
    1.500000E-02    2.000000E-01    7.629641E-01    1.818182E+00   -3.994357E-02
    1.500000E-02    2.000000E-01    7.629641E-01    1.919192E+00   -2.759673E-01
    1.500000E-02    2.000000E-01    7.629641E-01    2.020202E+00   -5.014229E-01
    1.500000E-02    2.000000E-01    7.629641E-01    2.121212E+00   -7.089562E-01
    1.500000E-02    2.000000E-01    7.629641E-01    2.222222E+00   -8.933080E-01
    1.500000E-02    2.000000E-01    7.629641E-01    2.323232E+00   -1.045579E+00
    1.500000E-02    2.000000E-01    7.629641E-01    2.424242E+00   -1.158599E+00
    1.500000E-02    2.000000E-01    7.629641E-01    2.525253E+00   -1.229588E+00
    1.500000E-02    2.000000E-01    7.629641E-01    2.626263E+00   -1.260693E+00
    1.500000E-02    2.000000E-01    7.629641E-01    2.727273E+00   -1.256427E+00
    1.500000E-02    2.000000E-01    7.629641E-01    2.828283E+00   -1.220859E+00
    1.500000E-02    2.000000E-01    7.629641E-01    2.929293E+00   -1.156689E+00
    1.500000E-02    2.000000E-01    7.629641E-01    3.030303E+00   -1.060004E+00
    1.500000E-02    2.000000E-01    7.629641E-01    3.131313E+00   -9.360754E-01
    1.500000E-02    2.000000E-01    7.629641E-01    3.232323E+00   -7.944949E-01
    1.500000E-02    2.000000E-01    7.629641E-01    3.333333E+00   -6.456001E-01
    1.500000E-02    2.000000E-01    7.629641E-01    3.434343E+00   -5.014302E-01
    1.500000E-02    2.000000E-01    7.629641E-01    3.535354E+00   -3.723519E-01
    1.500000E-02    2.000000E-01    7.629641E-01    3.636364E+00   -2.638424E-01
    1.500000E-02    2.000000E-01    7.629641E-01    3.737374E+00   -1.800110E-01
    1.500000E-02    2.000000E-01    7.629641E-01    3.838384E+00   -1.182802E-01
    1.500000E-02    2.000000E-01    7.629641E-01    3.939394E+00   -8.085858E-02
    1.500000E-02    2.000000E-01    7.629641E-01    4.040404E+00   -5.593870E-02
    1.500000E-02    2.000000E-01    7.629641E-01    4.141414E+00   -3.101881E-02
    1.500000E-02    2.000000E-01    7.629641E-01    4.242424E+00   -1.632290E-02
    1.500000E-02    2.000000E-01    7.629641E-01    4.343434E+00   -1.308432E-02
    1.500000E-02    2.000000E-01    7.629641E-01    4.444444E+00   -9.845737E-03
    1.500000E-02    2.000000E-01    7.629641E-01    4.545455E+00   -6.607155E-03
    1.500000E-02    2.000000E-01    7.629641E-01    4.646465E+00   -3.368573E-03
    1.500000E-02    2.000000E-01    7.629641E-01    4.747475E+00   -2.559157E-04
    1.500000E-02    2.000000E-01    7.629641E-01    4.848485E+00   -2.227545E-04
    1.500000E-02    2.000000E-01    7.629641E-01    4.949495E+00   -1.895934E-04
    1.500000E-02    2.000000E-01    7.629641E-01    5.050505E+00   -1.564322E-04
    1.500000E-02    2.000000E-01    7.629641E-01    5.151515E+00   -1.232710E-04
    1.500000E-02    2.000000E-01    7.629641E-01    5.252525E+00   -9.010981E-05
    1.500000E-02    2.000000E-01    7.629641E-01    5.353535E+00   -5.694863E-05
    1.500000E-02    2.000000E-01    7.629641E-01    5.454545E+00   -2.378745E-05
    1.500000E-02    2.000000E-01    7.629641E-01    5.555556E+00   -1.575395E-08
    1.500000E-02    2.000000E-01    7.629641E-01    5.656566E+00   -1.413588E-08
    1.500000E-02    2.000000E-01    7.629641E-01    5.757576E+00   -1.251782E-08
    1.500000E-02    2.000000E-01    7.629641E-01    5.858586E+00   -1.089975E-08
    1.500000E-02    2.000000E-01    7.629641E-01    5.959596E+00   -9.281688E-09
    1.500000E-02    2.000000E-01    7.629641E-01    6.060606E+00   -7.663624E-09
    1.500000E-02    2.000000E-01    7.629641E-01    6.161616E+00   -6.045559E-09
    1.500000E-02    2.000000E-01    7.629641E-01    6.262626E+00   -4.427495E-09
    1.500000E-02    2.000000E-01    7.629641E-01    6.363636E+00   -2.809431E-09
    1.500000E-02    2.000000E-01    7.629641E-01    6.464646E+00   -1.191367E-09
    1.500000E-02    2.000000E-01    7.629641E-01    6.565657E+00   -1.254557E-17
    1.500000E-02    2.000000E-01    7.629641E-01    6.666667E+00   -1.149932E-17
    1.500000E-02    2.000000E-01    7.629641E-01    6.767677E+00   -1.045308E-17
    1.500000E-02    2.000000E-01    7.629641E-01    6.868687E+00   -9.406835E-18
    1.500000E-02    2.000000E-01    7.629641E-01    6.969697E+00   -8.360590E-18
    1.500000E-02    2.000000E-01    7.629641E-01    7.070707E+00   -7.314346E-18
    1.500000E-02    2.000000E-01    7.629641E-01    7.171717E+00   -6.268101E-18
    1.500000E-02    2.000000E-01    7.629641E-01    7.272727E+00   -5.221857E-18
    1.500000E-02    2.000000E-01    7.629641E-01    7.373737E+00   -4.175613E-18
    1.500000E-02    2.000000E-01    7.629641E-01    7.474747E+00   -3.129368E-18
    1.500000E-02    2.000000E-01    7.629641E-01    7.575758E+00   -2.083124E-18
    1.500000E-02    2.000000E-01    7.629641E-01    7.676768E+00   -1.036879E-18
    1.500000E-02    2.000000E-01    7.629641E-01    7.777778E+00   -5.844807E-33
    1.500000E-02    2.000000E-01    7.629641E-01    7.878788E+00   -6.344624E-33
    1.500000E-02    2.000000E-01    7.629641E-01    7.979798E+00   -6.844442E-33
    1.500000E-02    2.000000E-01    7.629641E-01    8.080808E+00   -7.344260E-33
    1.500000E-02    2.000000E-01    7.629641E-01    8.181818E+00   -7.844078E-33
    1.500000E-02    2.000000E-01    7.629641E-01    8.282828E+00   -8.343896E-33
    1.500000E-02    2.000000E-01    7.629641E-01    8.383838E+00   -8.843713E-33
    1.500000E-02    2.000000E-01    7.629641E-01    8.484848E+00   -9.343531E-33
    1.500000E-02    2.000000E-01    7.629641E-01    8.585859E+00   -9.843349E-33
    1.500000E-02    2.000000E-01    7.629641E-01    8.686869E+00   -1.034317E-32
    1.500000E-02    2.000000E-01    7.629641E-01    8.787879E+00   -1.084298E-32
    1.500000E-02    2.000000E-01    7.629641E-01    8.888889E+00   -1.134280E-32
    1.500000E-02    2.000000E-01    7.629641E-01    8.989899E+00   -1.184262E-32
    1.500000E-02    2.000000E-01    7.629641E-01    9.090909E+00   -1.234244E-32
    1.500000E-02    2.000000E-01    7.629641E-01    9.191919E+00   -1.284226E-32
    1.500000E-02    2.000000E-01    7.629641E-01    9.292929E+00   -1.352688E-32
    1.500000E-02    2.000000E-01    7.629641E-01    9.393939E+00   -1.440990E-32
    1.500000E-02    2.000000E-01    7.629641E-01    9.494949E+00   -1.529292E-32
    1.500000E-02    2.000000E-01    7.629641E-01    9.595960E+00   -1.617593E-32
    1.500000E-02    2.000000E-01    7.629641E-01    9.696970E+00   -1.705895E-32
    1.500000E-02    2.000000E-01    7.629641E-01    9.797980E+00   -1.794197E-32
    1.500000E-02    2.000000E-01    7.629641E-01    9.898990E+00   -1.882499E-32
    1.500000E-02    2.000000E-01    7.629641E-01    1.000000E+01   -1.970800E-32

    1.500000E-02    3.000000E-01    7.629641E-01    0.000000E+00    3.043144E+00
    1.500000E-02    3.000000E-01    7.629641E-01    1.010101E-01    3.029886E+00
    1.500000E-02    3.000000E-01    7.629641E-01    2.020202E-01    2.990315E+00
    1.500000E-02    3.000000E-01    7.629641E-01    3.030303E-01    2.924677E+00
    1.500000E-02    3.000000E-01    7.629641E-01    4.040404E-01    2.833507E+00
    1.500000E-02    3.000000E-01    7.629641E-01    5.050505E-01    2.717515E+00
    1.500000E-02    3.000000E-01    7.629641E-01    6.060606E-01    2.578012E+00
    1.500000E-02    3.000000E-01    7.629641E-01    7.070707E-01    2.416834E+00
    1.500000E-02    3.000000E-01    7.629641E-01    8.080808E-01    2.236395E+00
    1.500000E-02    3.000000E-01    7.629641E-01    9.090909E-01    2.039632E+00
    1.500000E-02    3.000000E-01    7.629641E-01    1.010101E+00    1.829728E+00
    1.500000E-02    3.000000E-01    7.629641E-01    1.111111E+00    1.609715E+00
    1.500000E-02    3.000000E-01    7.629641E-01    1.212121E+00    1.382343E+00
    1.500000E-02    3.000000E-01    7.629641E-01    1.313131E+00    1.149769E+00
    1.500000E-02    3.000000E-01    7.629641E-01    1.414141E+00    9.137206E-01
    1.500000E-02    3.000000E-01    7.629641E-01    1.515152E+00    6.754780E-01
    1.500000E-02    3.000000E-01    7.629641E-01    1.616162E+00    4.361900E-01
    1.500000E-02    3.000000E-01    7.629641E-01    1.717172E+00    1.972891E-01
    1.500000E-02    3.000000E-01    7.629641E-01    1.818182E+00   -3.911649E-02
    1.500000E-02    3.000000E-01    7.629641E-01    1.919192E+00   -2.700638E-01
    1.500000E-02    3.000000E-01    7.629641E-01    2.020202E+00   -4.906669E-01
    1.500000E-02    3.000000E-01    7.629641E-01    2.121212E+00   -6.937302E-01
    1.500000E-02    3.000000E-01    7.629641E-01    2.222222E+00   -8.741086E-01
    1.500000E-02    3.000000E-01    7.629641E-01    2.323232E+00   -1.023095E+00
    1.500000E-02    3.000000E-01    7.629641E-01    2.424242E+00   -1.133674E+00
    1.500000E-02    3.000000E-01    7.629641E-01    2.525253E+00   -1.203128E+00
    1.500000E-02    3.000000E-01    7.629641E-01    2.626263E+00   -1.233556E+00
    1.500000E-02    3.000000E-01    7.629641E-01    2.727273E+00   -1.229374E+00
    1.500000E-02    3.000000E-01    7.629641E-01    2.828283E+00   -1.194566E+00
    1.500000E-02    3.000000E-01    7.629641E-01    2.929293E+00   -1.131774E+00
    1.500000E-02    3.000000E-01    7.629641E-01    3.030303E+00   -1.037169E+00
    1.500000E-02    3.000000E-01    7.629641E-01    3.131313E+00   -9.159071E-01
    1.500000E-02    3.000000E-01    7.629641E-01    3.232323E+00   -7.773753E-01
    1.500000E-02    3.000000E-01    7.629641E-01    3.333333E+00   -6.316876E-01
    1.500000E-02    3.000000E-01    7.629641E-01    3.434343E+00   -4.906237E-01
    1.500000E-02    3.000000E-01    7.629641E-01    3.535354E+00   -3.643267E-01
    1.500000E-02    3.000000E-01    7.629641E-01    3.636364E+00   -2.581555E-01
    1.500000E-02    3.000000E-01    7.629641E-01    3.737374E+00   -1.761308E-01
    1.500000E-02    3.000000E-01    7.629641E-01    3.838384E+00   -1.157305E-01
    1.500000E-02    3.000000E-01    7.629641E-01    3.939394E+00   -7.911557E-02
    1.500000E-02    3.000000E-01    7.629641E-01    4.040404E+00   -5.473286E-02
    1.500000E-02    3.000000E-01    7.629641E-01    4.141414E+00   -3.035014E-02
    1.500000E-02    3.000000E-01    7.629641E-01    4.242424E+00   -1.597102E-02
    1.500000E-02    3.000000E-01    7.629641E-01    4.343434E+00   -1.280225E-02
    1.500000E-02    3.000000E-01    7.629641E-01    4.444444E+00   -9.633486E-03
    1.500000E-02    3.000000E-01    7.629641E-01    4.545455E+00   -6.464720E-03
    1.500000E-02    3.000000E-01    7.629641E-01    4.646465E+00   -3.295955E-03
    1.500000E-02    3.000000E-01    7.629641E-01    4.747475E+00   -2.503987E-04
    1.500000E-02    3.000000E-01    7.629641E-01    4.848485E+00   -2.179524E-04
    1.500000E-02    3.000000E-01    7.629641E-01    4.949495E+00   -1.855061E-04
    1.500000E-02    3.000000E-01    7.629641E-01    5.050505E+00   -1.530598E-04
    1.500000E-02    3.000000E-01    7.629641E-01    5.151515E+00   -1.206135E-04
    1.500000E-02    3.000000E-01    7.629641E-01    5.252525E+00   -8.816725E-05
    1.500000E-02    3.000000E-01    7.629641E-01    5.353535E+00   -5.572095E-05
    1.500000E-02    3.000000E-01    7.629641E-01    5.454545E+00   -2.327465E-05
    1.500000E-02    3.000000E-01    7.629641E-01    5.555556E+00   -1.541436E-08
    1.500000E-02    3.000000E-01    7.629641E-01    5.656566E+00   -1.383117E-08
    1.500000E-02    3.000000E-01    7.629641E-01    5.757576E+00   -1.224799E-08
    1.500000E-02    3.000000E-01    7.629641E-01    5.858586E+00   -1.066480E-08
    1.500000E-02    3.000000E-01    7.629641E-01    5.959596E+00   -9.081616E-09
    1.500000E-02    3.000000E-01    7.629641E-01    6.060606E+00   -7.498430E-09
    1.500000E-02    3.000000E-01    7.629641E-01    6.161616E+00   -5.915244E-09
    1.500000E-02    3.000000E-01    7.629641E-01    6.262626E+00   -4.332058E-09
    1.500000E-02    3.000000E-01    7.629641E-01    6.363636E+00   -2.748872E-09
    1.500000E-02    3.000000E-01    7.629641E-01    6.464646E+00   -1.165686E-09
    1.500000E-02    3.000000E-01    7.629641E-01    6.565657E+00   -1.227518E-17
    1.500000E-02    3.000000E-01    7.629641E-01    6.666667E+00   -1.125149E-17
    1.500000E-02    3.000000E-01    7.629641E-01    6.767677E+00   -1.022779E-17
    1.500000E-02    3.000000E-01    7.629641E-01    6.868687E+00   -9.204097E-18
    1.500000E-02    3.000000E-01    7.629641E-01    6.969697E+00   -8.180402E-18
    1.500000E-02    3.000000E-01    7.629641E-01    7.070707E+00   -7.156706E-18
    1.500000E-02    3.000000E-01    7.629641E-01    7.171717E+00   -6.133010E-18
    1.500000E-02    3.000000E-01    7.629641E-01    7.272727E+00   -5.109315E-18
    1.500000E-02    3.000000E-01    7.629641E-01    7.373737E+00   -4.085619E-18
    1.500000E-02    3.000000E-01    7.629641E-01    7.474747E+00   -3.061924E-18
    1.500000E-02    3.000000E-01    7.629641E-01    7.575758E+00   -2.038228E-18
    1.500000E-02    3.000000E-01    7.629641E-01    7.676768E+00   -1.014532E-18
    1.500000E-02    3.000000E-01    7.629641E-01    7.777778E+00   -5.718690E-33
    1.500000E-02    3.000000E-01    7.629641E-01    7.878788E+00   -6.207735E-33
    1.500000E-02    3.000000E-01    7.629641E-01    7.979798E+00   -6.696780E-33
    1.500000E-02    3.000000E-01    7.629641E-01    8.080808E+00   -7.185825E-33
    1.500000E-02    3.000000E-01    7.629641E-01    8.181818E+00   -7.674870E-33
    1.500000E-02    3.000000E-01    7.629641E-01    8.282828E+00   -8.163915E-33
    1.500000E-02    3.000000E-01    7.629641E-01    8.383838E+00   -8.652960E-33
    1.500000E-02    3.000000E-01    7.629641E-01    8.484848E+00   -9.142004E-33
    1.500000E-02    3.000000E-01    7.629641E-01    8.585859E+00   -9.631049E-33
    1.500000E-02    3.000000E-01    7.629641E-01    8.686869E+00   -1.012009E-32
    1.500000E-02    3.000000E-01    7.629641E-01    8.787879E+00   -1.060914E-32
    1.500000E-02    3.000000E-01    7.629641E-01    8.888889E+00   -1.109818E-32
    1.500000E-02    3.000000E-01    7.629641E-01    8.989899E+00   -1.158723E-32
    1.500000E-02    3.000000E-01    7.629641E-01    9.090909E+00   -1.207627E-32
    1.500000E-02    3.000000E-01    7.629641E-01    9.191919E+00   -1.256532E-32
    1.500000E-02    3.000000E-01    7.629641E-01    9.292929E+00   -1.323519E-32
    1.500000E-02    3.000000E-01    7.629641E-01    9.393939E+00   -1.409918E-32
    1.500000E-02    3.000000E-01    7.629641E-01    9.494949E+00   -1.496317E-32
    1.500000E-02    3.000000E-01    7.629641E-01    9.595960E+00   -1.582716E-32
    1.500000E-02    3.000000E-01    7.629641E-01    9.696970E+00   -1.669115E-32
    1.500000E-02    3.000000E-01    7.629641E-01    9.797980E+00   -1.755514E-32
    1.500000E-02    3.000000E-01    7.629641E-01    9.898990E+00   -1.841913E-32
    1.500000E-02    3.000000E-01    7.629641E-01    1.000000E+01   -1.928312E-32

    1.500000E-02    4.000000E-01    7.629641E-01    0.000000E+00    2.914708E+00
    1.500000E-02    4.000000E-01    7.629641E-01    1.010101E-01    2.901983E+00
    1.500000E-02    4.000000E-01    7.629641E-01    2.020202E-01    2.864002E+00
    1.500000E-02    4.000000E-01    7.629641E-01    3.030303E-01    2.801004E+00
    1.500000E-02    4.000000E-01    7.629641E-01    4.040404E-01    2.713506E+00
    1.500000E-02    4.000000E-01    7.629641E-01    5.050505E-01    2.602200E+00
    1.500000E-02    4.000000E-01    7.629641E-01    6.060606E-01    2.468358E+00
    1.500000E-02    4.000000E-01    7.629641E-01    7.070707E-01    2.313761E+00
    1.500000E-02    4.000000E-01    7.629641E-01    8.080808E-01    2.140746E+00
    1.500000E-02    4.000000E-01    7.629641E-01    9.090909E-01    1.952145E+00
    1.500000E-02    4.000000E-01    7.629641E-01    1.010101E+00    1.751020E+00
    1.500000E-02    4.000000E-01    7.629641E-01    1.111111E+00    1.540276E+00
    1.500000E-02    4.000000E-01    7.629641E-01    1.212121E+00    1.322546E+00
    1.500000E-02    4.000000E-01    7.629641E-01    1.313131E+00    1.099891E+00
    1.500000E-02    4.000000E-01    7.629641E-01    1.414141E+00    8.739588E-01
    1.500000E-02    4.000000E-01    7.629641E-01    1.515152E+00    6.459722E-01
    1.500000E-02    4.000000E-01    7.629641E-01    1.616162E+00    4.170310E-01
    1.500000E-02    4.000000E-01    7.629641E-01    1.717172E+00    1.885027E-01
    1.500000E-02    4.000000E-01    7.629641E-01    1.818182E+00   -3.759606E-02
    1.500000E-02    4.000000E-01    7.629641E-01    1.919192E+00   -2.584362E-01
    1.500000E-02    4.000000E-01    7.629641E-01    2.020202E+00   -4.693483E-01
    1.500000E-02    4.000000E-01    7.629641E-01    2.121212E+00   -6.634578E-01
    1.500000E-02    4.000000E-01    7.629641E-01    2.222222E+00   -8.358559E-01
    1.500000E-02    4.000000E-01    7.629641E-01    2.323232E+00   -9.782243E-01
    1.500000E-02    4.000000E-01    7.629641E-01    2.424242E+00   -1.083865E+00
    1.500000E-02    4.000000E-01    7.629641E-01    2.525253E+00   -1.150189E+00
    1.500000E-02    4.000000E-01    7.629641E-01    2.626263E+00   -1.179208E+00
    1.500000E-02    4.000000E-01    7.629641E-01    2.727273E+00   -1.175150E+00
    1.500000E-02    4.000000E-01    7.629641E-01    2.828283E+00   -1.141826E+00
    1.500000E-02    4.000000E-01    7.629641E-01    2.929293E+00   -1.081764E+00
    1.500000E-02    4.000000E-01    7.629641E-01    3.030303E+00   -9.913081E-01
    1.500000E-02    4.000000E-01    7.629641E-01    3.131313E+00   -8.753862E-01
    1.500000E-02    4.000000E-01    7.629641E-01    3.232323E+00   -7.429672E-01
    1.500000E-02    4.000000E-01    7.629641E-01    3.333333E+00   -6.037166E-01
    1.500000E-02    4.000000E-01    7.629641E-01    3.434343E+00   -4.688912E-01
    1.500000E-02    4.000000E-01    7.629641E-01    3.535354E+00   -3.481835E-01
    1.500000E-02    4.000000E-01    7.629641E-01    3.636364E+00   -2.467136E-01
    1.500000E-02    4.000000E-01    7.629641E-01    3.737374E+00   -1.683227E-01
    1.500000E-02    4.000000E-01    7.629641E-01    3.838384E+00   -1.105991E-01
    1.500000E-02    4.000000E-01    7.629641E-01    3.939394E+00   -7.560732E-02
    1.500000E-02    4.000000E-01    7.629641E-01    4.040404E+00   -5.230574E-02
    1.500000E-02    4.000000E-01    7.629641E-01    4.141414E+00   -2.900417E-02
    1.500000E-02    4.000000E-01    7.629641E-01    4.242424E+00   -1.526263E-02
    1.500000E-02    4.000000E-01    7.629641E-01    4.343434E+00   -1.223442E-02
    1.500000E-02    4.000000E-01    7.629641E-01    4.444444E+00   -9.206200E-03
    1.500000E-02    4.000000E-01    7.629641E-01    4.545455E+00   -6.177983E-03
    1.500000E-02    4.000000E-01    7.629641E-01    4.646465E+00   -3.149766E-03
    1.500000E-02    4.000000E-01    7.629641E-01    4.747475E+00   -2.392937E-04
    1.500000E-02    4.000000E-01    7.629641E-01    4.848485E+00   -2.082864E-04
    1.500000E-02    4.000000E-01    7.629641E-01    4.949495E+00   -1.772791E-04
    1.500000E-02    4.000000E-01    7.629641E-01    5.050505E+00   -1.462717E-04
    1.500000E-02    4.000000E-01    7.629641E-01    5.151515E+00   -1.152644E-04
    1.500000E-02    4.000000E-01    7.629641E-01    5.252525E+00   -8.425708E-05
    1.500000E-02    4.000000E-01    7.629641E-01    5.353535E+00   -5.324976E-05
    1.500000E-02    4.000000E-01    7.629641E-01    5.454545E+00   -2.224243E-05
    1.500000E-02    4.000000E-01    7.629641E-01    5.555556E+00   -1.473120E-08
    1.500000E-02    4.000000E-01    7.629641E-01    5.656566E+00   -1.321818E-08
    1.500000E-02    4.000000E-01    7.629641E-01    5.757576E+00   -1.170516E-08
    1.500000E-02    4.000000E-01    7.629641E-01    5.858586E+00   -1.019214E-08
    1.500000E-02    4.000000E-01    7.629641E-01    5.959596E+00   -8.679122E-09
    1.500000E-02    4.000000E-01    7.629641E-01    6.060606E+00   -7.166102E-09
    1.500000E-02    4.000000E-01    7.629641E-01    6.161616E+00   -5.653083E-09
    1.500000E-02    4.000000E-01    7.629641E-01    6.262626E+00   -4.140063E-09
    1.500000E-02    4.000000E-01    7.629641E-01    6.363636E+00   -2.627043E-09
    1.500000E-02    4.000000E-01    7.629641E-01    6.464646E+00   -1.114023E-09
    1.500000E-02    4.000000E-01    7.629641E-01    6.565657E+00   -1.173168E-17
    1.500000E-02    4.000000E-01    7.629641E-01    6.666667E+00   -1.075331E-17
    1.500000E-02    4.000000E-01    7.629641E-01    6.767677E+00   -9.774937E-18
    1.500000E-02    4.000000E-01    7.629641E-01    6.868687E+00   -8.796567E-18
    1.500000E-02    4.000000E-01    7.629641E-01    6.969697E+00   -7.818198E-18
    1.500000E-02    4.000000E-01    7.629641E-01    7.070707E+00   -6.839828E-18
    1.500000E-02    4.000000E-01    7.629641E-01    7.171717E+00   -5.861459E-18
    1.500000E-02    4.000000E-01    7.629641E-01    7.272727E+00   -4.883090E-18
    1.500000E-02    4.000000E-01    7.629641E-01    7.373737E+00   -3.904720E-18
    1.500000E-02    4.000000E-01    7.629641E-01    7.474747E+00   -2.926351E-18
    1.500000E-02    4.000000E-01    7.629641E-01    7.575758E+00   -1.947981E-18
    1.500000E-02    4.000000E-01    7.629641E-01    7.676768E+00   -9.696119E-19
    1.500000E-02    4.000000E-01    7.629641E-01    7.777778E+00   -5.464582E-33
    1.500000E-02    4.000000E-01    7.629641E-01    7.878788E+00   -5.931953E-33
    1.500000E-02    4.000000E-01    7.629641E-01    7.979798E+00   -6.399324E-33
    1.500000E-02    4.000000E-01    7.629641E-01    8.080808E+00   -6.866696E-33
    1.500000E-02    4.000000E-01    7.629641E-01    8.181818E+00   -7.334067E-33
    1.500000E-02    4.000000E-01    7.629641E-01    8.282828E+00   -7.801438E-33
    1.500000E-02    4.000000E-01    7.629641E-01    8.383838E+00   -8.268809E-33
    1.500000E-02    4.000000E-01    7.629641E-01    8.484848E+00   -8.736181E-33
    1.500000E-02    4.000000E-01    7.629641E-01    8.585859E+00   -9.203552E-33
    1.500000E-02    4.000000E-01    7.629641E-01    8.686869E+00   -9.670923E-33
    1.500000E-02    4.000000E-01    7.629641E-01    8.787879E+00   -1.013829E-32
    1.500000E-02    4.000000E-01    7.629641E-01    8.888889E+00   -1.060567E-32
    1.500000E-02    4.000000E-01    7.629641E-01    8.989899E+00   -1.107304E-32
    1.500000E-02    4.000000E-01    7.629641E-01    9.090909E+00   -1.154041E-32
    1.500000E-02    4.000000E-01    7.629641E-01    9.191919E+00   -1.200778E-32
    1.500000E-02    4.000000E-01    7.629641E-01    9.292929E+00   -1.264798E-32
    1.500000E-02    4.000000E-01    7.629641E-01    9.393939E+00   -1.347370E-32
    1.500000E-02    4.000000E-01    7.629641E-01    9.494949E+00   -1.429943E-32
    1.500000E-02    4.000000E-01    7.629641E-01    9.595960E+00   -1.512515E-32
    1.500000E-02    4.000000E-01    7.629641E-01    9.696970E+00   -1.595088E-32
    1.500000E-02    4.000000E-01    7.629641E-01    9.797980E+00   -1.677661E-32
    1.500000E-02    4.000000E-01    7.629641E-01    9.898990E+00   -1.760233E-32
    1.500000E-02    4.000000E-01    7.629641E-01    1.000000E+01   -1.842806E-32

    1.500000E-02    5.000000E-01    7.629641E-01    0.000000E+00    2.783612E+00
    1.500000E-02    5.000000E-01    7.629641E-01    1.010101E-01    2.771471E+00
    1.500000E-02    5.000000E-01    7.629641E-01    2.020202E-01    2.735234E+00
    1.500000E-02    5.000000E-01    7.629641E-01    3.030303E-01    2.675130E+00
    1.500000E-02    5.000000E-01    7.629641E-01    4.040404E-01    2.591652E+00
    1.500000E-02    5.000000E-01    7.629641E-01    5.050505E-01    2.485457E+00
    1.500000E-02    5.000000E-01    7.629641E-01    6.060606E-01    2.357756E+00
    1.500000E-02    5.000000E-01    7.629641E-01    7.070707E-01    2.210240E+00
    1.500000E-02    5.000000E-01    7.629641E-01    8.080808E-01    2.045126E+00
    1.500000E-02    5.000000E-01    7.629641E-01    9.090909E-01    1.865106E+00
    1.500000E-02    5.000000E-01    7.629641E-01    1.010101E+00    1.673091E+00
    1.500000E-02    5.000000E-01    7.629641E-01    1.111111E+00    1.471851E+00
    1.500000E-02    5.000000E-01    7.629641E-01    1.212121E+00    1.263900E+00
    1.500000E-02    5.000000E-01    7.629641E-01    1.313131E+00    1.051207E+00
    1.500000E-02    5.000000E-01    7.629641E-01    1.414141E+00    8.353503E-01
    1.500000E-02    5.000000E-01    7.629641E-01    1.515152E+00    6.174996E-01
    1.500000E-02    5.000000E-01    7.629641E-01    1.616162E+00    3.987057E-01
    1.500000E-02    5.000000E-01    7.629641E-01    1.717172E+00    1.802779E-01
    1.500000E-02    5.000000E-01    7.629641E-01    1.818182E+00   -3.585636E-02
    1.500000E-02    5.000000E-01    7.629641E-01    1.919192E+00   -2.469893E-01
    1.500000E-02    5.000000E-01    7.629641E-01    2.020202E+00   -4.486549E-01
    1.500000E-02    5.000000E-01    7.629641E-01    2.121212E+00   -6.342765E-01
    1.500000E-02    5.000000E-01    7.629641E-01    2.222222E+00   -7.991536E-01
    1.500000E-02    5.000000E-01    7.629641E-01    2.323232E+00   -9.353281E-01
    1.500000E-02    5.000000E-01    7.629641E-01    2.424242E+00   -1.036390E+00
    1.500000E-02    5.000000E-01    7.629641E-01    2.525253E+00   -1.099857E+00
    1.500000E-02    5.000000E-01    7.629641E-01    2.626263E+00   -1.127649E+00
    1.500000E-02    5.000000E-01    7.629641E-01    2.727273E+00   -1.123807E+00
    1.500000E-02    5.000000E-01    7.629641E-01    2.828283E+00   -1.091971E+00
    1.500000E-02    5.000000E-01    7.629641E-01    2.929293E+00   -1.034558E+00
    1.500000E-02    5.000000E-01    7.629641E-01    3.030303E+00   -9.480684E-01
    1.500000E-02    5.000000E-01    7.629641E-01    3.131313E+00   -8.372168E-01
    1.500000E-02    5.000000E-01    7.629641E-01    3.232323E+00   -7.105817E-01
    1.500000E-02    5.000000E-01    7.629641E-01    3.333333E+00   -5.774081E-01
    1.500000E-02    5.000000E-01    7.629641E-01    3.434343E+00   -4.484630E-01
    1.500000E-02    5.000000E-01    7.629641E-01    3.535354E+00   -3.330174E-01
    1.500000E-02    5.000000E-01    7.629641E-01    3.636364E+00   -2.359693E-01
    1.500000E-02    5.000000E-01    7.629641E-01    3.737374E+00   -1.609934E-01
    1.500000E-02    5.000000E-01    7.629641E-01    3.838384E+00   -1.057838E-01
    1.500000E-02    5.000000E-01    7.629641E-01    3.939394E+00   -7.231571E-02
    1.500000E-02    5.000000E-01    7.629641E-01    4.040404E+00   -5.002862E-02
    1.500000E-02    5.000000E-01    7.629641E-01    4.141414E+00   -2.774154E-02
    1.500000E-02    5.000000E-01    7.629641E-01    4.242424E+00   -1.459827E-02
    1.500000E-02    5.000000E-01    7.629641E-01    4.343434E+00   -1.170186E-02
    1.500000E-02    5.000000E-01    7.629641E-01    4.444444E+00   -8.805462E-03
    1.500000E-02    5.000000E-01    7.629641E-01    4.545455E+00   -5.909061E-03
    1.500000E-02    5.000000E-01    7.629641E-01    4.646465E+00   -3.012659E-03
    1.500000E-02    5.000000E-01    7.629641E-01    4.747475E+00   -2.288763E-04
    1.500000E-02    5.000000E-01    7.629641E-01    4.848485E+00   -1.992188E-04
    1.500000E-02    5.000000E-01    7.629641E-01    4.949495E+00   -1.695614E-04
    1.500000E-02    5.000000E-01    7.629641E-01    5.050505E+00   -1.399039E-04
    1.500000E-02    5.000000E-01    7.629641E-01    5.151515E+00   -1.102465E-04
    1.500000E-02    5.000000E-01    7.629641E-01    5.252525E+00   -8.058902E-05
    1.500000E-02    5.000000E-01    7.629641E-01    5.353535E+00   -5.093158E-05
    1.500000E-02    5.000000E-01    7.629641E-01    5.454545E+00   -2.127413E-05
    1.500000E-02    5.000000E-01    7.629641E-01    5.555556E+00   -1.408956E-08
    1.500000E-02    5.000000E-01    7.629641E-01    5.656566E+00   -1.264244E-08
    1.500000E-02    5.000000E-01    7.629641E-01    5.757576E+00   -1.119532E-08
    1.500000E-02    5.000000E-01    7.629641E-01    5.858586E+00   -9.748204E-09
    1.500000E-02    5.000000E-01    7.629641E-01    5.959596E+00   -8.301087E-09
    1.500000E-02    5.000000E-01    7.629641E-01    6.060606E+00   -6.853969E-09
    1.500000E-02    5.000000E-01    7.629641E-01    6.161616E+00   -5.406852E-09
    1.500000E-02    5.000000E-01    7.629641E-01    6.262626E+00   -3.959735E-09
    1.500000E-02    5.000000E-01    7.629641E-01    6.363636E+00   -2.512617E-09
    1.500000E-02    5.000000E-01    7.629641E-01    6.464646E+00   -1.065500E-09
    1.500000E-02    5.000000E-01    7.629641E-01    6.565657E+00   -1.122031E-17
    1.500000E-02    5.000000E-01    7.629641E-01    6.666667E+00   -1.028459E-17
    1.500000E-02    5.000000E-01    7.629641E-01    6.767677E+00   -9.348864E-18
    1.500000E-02    5.000000E-01    7.629641E-01    6.868687E+00   -8.413140E-18
    1.500000E-02    5.000000E-01    7.629641E-01    6.969697E+00   -7.477416E-18
    1.500000E-02    5.000000E-01    7.629641E-01    7.070707E+00   -6.541692E-18
    1.500000E-02    5.000000E-01    7.629641E-01    7.171717E+00   -5.605968E-18
    1.500000E-02    5.000000E-01    7.629641E-01    7.272727E+00   -4.670244E-18
    1.500000E-02    5.000000E-01    7.629641E-01    7.373737E+00   -3.734520E-18
    1.500000E-02    5.000000E-01    7.629641E-01    7.474747E+00   -2.798796E-18
    1.500000E-02    5.000000E-01    7.629641E-01    7.575758E+00   -1.863072E-18
    1.500000E-02    5.000000E-01    7.629641E-01    7.676768E+00   -9.273481E-19
    1.500000E-02    5.000000E-01    7.629641E-01    7.777778E+00   -5.227248E-33
    1.500000E-02    5.000000E-01    7.629641E-01    7.878788E+00   -5.674278E-33
    1.500000E-02    5.000000E-01    7.629641E-01    7.979798E+00   -6.121308E-33
    1.500000E-02    5.000000E-01    7.629641E-01    8.080808E+00   -6.568337E-33
    1.500000E-02    5.000000E-01    7.629641E-01    8.181818E+00   -7.015367E-33
    1.500000E-02    5.000000E-01    7.629641E-01    8.282828E+00   -7.462397E-33
    1.500000E-02    5.000000E-01    7.629641E-01    8.383838E+00   -7.909427E-33
    1.500000E-02    5.000000E-01    7.629641E-01    8.484848E+00   -8.356456E-33
    1.500000E-02    5.000000E-01    7.629641E-01    8.585859E+00   -8.803486E-33
    1.500000E-02    5.000000E-01    7.629641E-01    8.686869E+00   -9.250516E-33
    1.500000E-02    5.000000E-01    7.629641E-01    8.787879E+00   -9.697545E-33
    1.500000E-02    5.000000E-01    7.629641E-01    8.888889E+00   -1.014458E-32
    1.500000E-02    5.000000E-01    7.629641E-01    8.989899E+00   -1.059160E-32
    1.500000E-02    5.000000E-01    7.629641E-01    9.090909E+00   -1.103863E-32
    1.500000E-02    5.000000E-01    7.629641E-01    9.191919E+00   -1.148566E-32
    1.500000E-02    5.000000E-01    7.629641E-01    9.292929E+00   -1.209799E-32
    1.500000E-02    5.000000E-01    7.629641E-01    9.393939E+00   -1.288776E-32
    1.500000E-02    5.000000E-01    7.629641E-01    9.494949E+00   -1.367752E-32
    1.500000E-02    5.000000E-01    7.629641E-01    9.595960E+00   -1.446729E-32
    1.500000E-02    5.000000E-01    7.629641E-01    9.696970E+00   -1.525706E-32
    1.500000E-02    5.000000E-01    7.629641E-01    9.797980E+00   -1.604683E-32
    1.500000E-02    5.000000E-01    7.629641E-01    9.898990E+00   -1.683660E-32
    1.500000E-02    5.000000E-01    7.629641E-01    1.000000E+01   -1.762636E-32

    1.500000E-02    6.000000E-01    7.629641E-01    0.000000E+00    2.541705E+00
    1.500000E-02    6.000000E-01    7.629641E-01    1.010101E-01    2.530592E+00
    1.500000E-02    6.000000E-01    7.629641E-01    2.020202E-01    2.497425E+00
    1.500000E-02    6.000000E-01    7.629641E-01    3.030303E-01    2.442415E+00
    1.500000E-02    6.000000E-01    7.629641E-01    4.040404E-01    2.366019E+00
    1.500000E-02    6.000000E-01    7.629641E-01    5.050505E-01    2.268849E+00
    1.500000E-02    6.000000E-01    7.629641E-01    6.060606E-01    2.152027E+00
    1.500000E-02    6.000000E-01    7.629641E-01    7.070707E-01    2.017119E+00
    1.500000E-02    6.000000E-01    7.629641E-01    8.080808E-01    1.866174E+00
    1.500000E-02    6.000000E-01    7.629641E-01    9.090909E-01    1.701667E+00
    1.500000E-02    6.000000E-01    7.629641E-01    1.010101E+00    1.526267E+00
    1.500000E-02    6.000000E-01    7.629641E-01    1.111111E+00    1.342505E+00
    1.500000E-02    6.000000E-01    7.629641E-01    1.212121E+00    1.152673E+00
    1.500000E-02    6.000000E-01    7.629641E-01    1.313131E+00    9.585643E-01
    1.500000E-02    6.000000E-01    7.629641E-01    1.414141E+00    7.616138E-01
    1.500000E-02    6.000000E-01    7.629641E-01    1.515152E+00    5.628866E-01
    1.500000E-02    6.000000E-01    7.629641E-01    1.616162E+00    3.633414E-01
    1.500000E-02    6.000000E-01    7.629641E-01    1.717172E+00    1.641696E-01
    1.500000E-02    6.000000E-01    7.629641E-01    1.818182E+00   -3.287135E-02
    1.500000E-02    6.000000E-01    7.629641E-01    1.919192E+00   -2.253170E-01
    1.500000E-02    6.000000E-01    7.629641E-01    2.020202E+00   -4.090993E-01
    1.500000E-02    6.000000E-01    7.629641E-01    2.121212E+00   -5.782294E-01
    1.500000E-02    6.000000E-01    7.629641E-01    2.222222E+00   -7.284330E-01
    1.500000E-02    6.000000E-01    7.629641E-01    2.323232E+00   -8.524639E-01
    1.500000E-02    6.000000E-01    7.629641E-01    2.424242E+00   -9.444886E-01
    1.500000E-02    6.000000E-01    7.629641E-01    2.525253E+00   -1.002253E+00
    1.500000E-02    6.000000E-01    7.629641E-01    2.626263E+00   -1.027513E+00
    1.500000E-02    6.000000E-01    7.629641E-01    2.727273E+00   -1.023955E+00
    1.500000E-02    6.000000E-01    7.629641E-01    2.828283E+00   -9.948993E-01
    1.500000E-02    6.000000E-01    7.629641E-01    2.929293E+00   -9.425502E-01
    1.500000E-02    6.000000E-01    7.629641E-01    3.030303E+00   -8.637237E-01
    1.500000E-02    6.000000E-01    7.629641E-01    3.131313E+00   -7.627132E-01
    1.500000E-02    6.000000E-01    7.629641E-01    3.232323E+00   -6.473322E-01
    1.500000E-02    6.000000E-01    7.629641E-01    3.333333E+00   -5.260018E-01
    1.500000E-02    6.000000E-01    7.629641E-01    3.434343E+00   -4.085294E-01
    1.500000E-02    6.000000E-01    7.629641E-01    3.535354E+00   -3.033589E-01
    1.500000E-02    6.000000E-01    7.629641E-01    3.636364E+00   -2.149509E-01
    1.500000E-02    6.000000E-01    7.629641E-01    3.737374E+00   -1.466517E-01
    1.500000E-02    6.000000E-01    7.629641E-01    3.838384E+00   -9.635950E-02
    1.500000E-02    6.000000E-01    7.629641E-01    3.939394E+00   -6.587276E-02
    1.500000E-02    6.000000E-01    7.629641E-01    4.040404E+00   -4.557127E-02
    1.500000E-02    6.000000E-01    7.629641E-01    4.141414E+00   -2.526977E-02
    1.500000E-02    6.000000E-01    7.629641E-01    4.242424E+00   -1.329747E-02
    1.500000E-02    6.000000E-01    7.629641E-01    4.343434E+00   -1.065916E-02
    1.500000E-02    6.000000E-01    7.629641E-01    4.444444E+00   -8.020843E-03
    1.500000E-02    6.000000E-01    7.629641E-01    4.545455E+00   -5.382528E-03
    1.500000E-02    6.000000E-01    7.629641E-01    4.646465E+00   -2.744213E-03
    1.500000E-02    6.000000E-01    7.629641E-01    4.747475E+00   -2.084830E-04
    1.500000E-02    6.000000E-01    7.629641E-01    4.848485E+00   -1.814681E-04
    1.500000E-02    6.000000E-01    7.629641E-01    4.949495E+00   -1.544532E-04
    1.500000E-02    6.000000E-01    7.629641E-01    5.050505E+00   -1.274382E-04
    1.500000E-02    6.000000E-01    7.629641E-01    5.151515E+00   -1.004233E-04
    1.500000E-02    6.000000E-01    7.629641E-01    5.252525E+00   -7.340841E-05
    1.500000E-02    6.000000E-01    7.629641E-01    5.353535E+00   -4.639349E-05
    1.500000E-02    6.000000E-01    7.629641E-01    5.454545E+00   -1.937857E-05
    1.500000E-02    6.000000E-01    7.629641E-01    5.555556E+00   -1.283457E-08
    1.500000E-02    6.000000E-01    7.629641E-01    5.656566E+00   -1.151635E-08
    1.500000E-02    6.000000E-01    7.629641E-01    5.757576E+00   -1.019813E-08
    1.500000E-02    6.000000E-01    7.629641E-01    5.858586E+00   -8.879914E-09
    1.500000E-02    6.000000E-01    7.629641E-01    5.959596E+00   -7.561694E-09
    1.500000E-02    6.000000E-01    7.629641E-01    6.060606E+00   -6.243474E-09
    1.500000E-02    6.000000E-01    7.629641E-01    6.161616E+00   -4.925254E-09
    1.500000E-02    6.000000E-01    7.629641E-01    6.262626E+00   -3.607034E-09
    1.500000E-02    6.000000E-01    7.629641E-01    6.363636E+00   -2.288814E-09
    1.500000E-02    6.000000E-01    7.629641E-01    6.464646E+00   -9.705939E-10
    1.500000E-02    6.000000E-01    7.629641E-01    6.565657E+00   -1.022138E-17
    1.500000E-02    6.000000E-01    7.629641E-01    6.666667E+00   -9.368962E-18
    1.500000E-02    6.000000E-01    7.629641E-01    6.767677E+00   -8.516545E-18
    1.500000E-02    6.000000E-01    7.629641E-01    6.868687E+00   -7.664127E-18
    1.500000E-02    6.000000E-01    7.629641E-01    6.969697E+00   -6.811710E-18
    1.500000E-02    6.000000E-01    7.629641E-01    7.070707E+00   -5.959292E-18
    1.500000E-02    6.000000E-01    7.629641E-01    7.171717E+00   -5.106875E-18
    1.500000E-02    6.000000E-01    7.629641E-01    7.272727E+00   -4.254457E-18
    1.500000E-02    6.000000E-01    7.629641E-01    7.373737E+00   -3.402040E-18
    1.500000E-02    6.000000E-01    7.629641E-01    7.474747E+00   -2.549622E-18
    1.500000E-02    6.000000E-01    7.629641E-01    7.575758E+00   -1.697205E-18
    1.500000E-02    6.000000E-01    7.629641E-01    7.676768E+00   -8.447873E-19
    1.500000E-02    6.000000E-01    7.629641E-01    7.777778E+00   -4.761126E-33
    1.500000E-02    6.000000E-01    7.629641E-01    7.878788E+00   -5.168344E-33
    1.500000E-02    6.000000E-01    7.629641E-01    7.979798E+00   -5.575561E-33
    1.500000E-02    6.000000E-01    7.629641E-01    8.080808E+00   -5.982779E-33
    1.500000E-02    6.000000E-01    7.629641E-01    8.181818E+00   -6.389997E-33
    1.500000E-02    6.000000E-01    7.629641E-01    8.282828E+00   -6.797214E-33
    1.500000E-02    6.000000E-01    7.629641E-01    8.383838E+00   -7.204432E-33
    1.500000E-02    6.000000E-01    7.629641E-01    8.484848E+00   -7.611650E-33
    1.500000E-02    6.000000E-01    7.629641E-01    8.585859E+00   -8.018867E-33
    1.500000E-02    6.000000E-01    7.629641E-01    8.686869E+00   -8.426085E-33
    1.500000E-02    6.000000E-01    7.629641E-01    8.787879E+00   -8.833303E-33
    1.500000E-02    6.000000E-01    7.629641E-01    8.888889E+00   -9.240520E-33
    1.500000E-02    6.000000E-01    7.629641E-01    8.989899E+00   -9.647738E-33
    1.500000E-02    6.000000E-01    7.629641E-01    9.090909E+00   -1.005496E-32
    1.500000E-02    6.000000E-01    7.629641E-01    9.191919E+00   -1.046217E-32
    1.500000E-02    6.000000E-01    7.629641E-01    9.292929E+00   -1.101997E-32
    1.500000E-02    6.000000E-01    7.629641E-01    9.393939E+00   -1.173943E-32
    1.500000E-02    6.000000E-01    7.629641E-01    9.494949E+00   -1.245889E-32
    1.500000E-02    6.000000E-01    7.629641E-01    9.595960E+00   -1.317834E-32
    1.500000E-02    6.000000E-01    7.629641E-01    9.696970E+00   -1.389780E-32
    1.500000E-02    6.000000E-01    7.629641E-01    9.797980E+00   -1.461725E-32
    1.500000E-02    6.000000E-01    7.629641E-01    9.898990E+00   -1.533671E-32
    1.500000E-02    6.000000E-01    7.629641E-01    1.000000E+01   -1.605617E-32

    1.500000E-02    8.000000E-01    7.629641E-01    0.000000E+00    1.848851E+00
    1.500000E-02    8.000000E-01    7.629641E-01    1.010101E-01    1.840751E+00
    1.500000E-02    8.000000E-01    7.629641E-01    2.020202E-01    1.816577E+00
    1.500000E-02    8.000000E-01    7.629641E-01    3.030303E-01    1.776487E+00
    1.500000E-02    8.000000E-01    7.629641E-01    4.040404E-01    1.720819E+00
    1.500000E-02    8.000000E-01    7.629641E-01    5.050505E-01    1.650027E+00
    1.500000E-02    8.000000E-01    7.629641E-01    6.060606E-01    1.564941E+00
    1.500000E-02    8.000000E-01    7.629641E-01    7.070707E-01    1.466712E+00
    1.500000E-02    8.000000E-01    7.629641E-01    8.080808E-01    1.356840E+00
    1.500000E-02    8.000000E-01    7.629641E-01    9.090909E-01    1.237133E+00
    1.500000E-02    8.000000E-01    7.629641E-01    1.010101E+00    1.109531E+00
    1.500000E-02    8.000000E-01    7.629641E-01    1.111111E+00    9.758738E-01
    1.500000E-02    8.000000E-01    7.629641E-01    1.212121E+00    8.378234E-01
    1.500000E-02    8.000000E-01    7.629641E-01    1.313131E+00    6.966809E-01
    1.500000E-02    8.000000E-01    7.629641E-01    1.414141E+00    5.534880E-01
    1.500000E-02    8.000000E-01    7.629641E-01    1.515152E+00    4.090179E-01
    1.500000E-02    8.000000E-01    7.629641E-01    1.616162E+00    2.639678E-01
    1.500000E-02    8.000000E-01    7.629641E-01    1.717172E+00    1.192031E-01
    1.500000E-02    8.000000E-01    7.629641E-01    1.818182E+00   -2.399868E-02
    1.500000E-02    8.000000E-01    7.629641E-01    1.919192E+00   -1.638480E-01
    1.500000E-02    8.000000E-01    7.629641E-01    2.020202E+00   -2.973894E-01
    1.500000E-02    8.000000E-01    7.629641E-01    2.121212E+00   -4.202726E-01
    1.500000E-02    8.000000E-01    7.629641E-01    2.222222E+00   -5.293953E-01
    1.500000E-02    8.000000E-01    7.629641E-01    2.323232E+00   -6.194942E-01
    1.500000E-02    8.000000E-01    7.629641E-01    2.424242E+00   -6.863334E-01
    1.500000E-02    8.000000E-01    7.629641E-01    2.525253E+00   -7.282775E-01
    1.500000E-02    8.000000E-01    7.629641E-01    2.626263E+00   -7.466056E-01
    1.500000E-02    8.000000E-01    7.629641E-01    2.727273E+00   -7.439967E-01
    1.500000E-02    8.000000E-01    7.629641E-01    2.828283E+00   -7.228656E-01
    1.500000E-02    8.000000E-01    7.629641E-01    2.929293E+00   -6.848142E-01
    1.500000E-02    8.000000E-01    7.629641E-01    3.030303E+00   -6.275306E-01
    1.500000E-02    8.000000E-01    7.629641E-01    3.131313E+00   -5.541338E-01
    1.500000E-02    8.000000E-01    7.629641E-01    3.232323E+00   -4.703000E-01
    1.500000E-02    8.000000E-01    7.629641E-01    3.333333E+00   -3.821468E-01
    1.500000E-02    8.000000E-01    7.629641E-01    3.434343E+00   -2.967987E-01
    1.500000E-02    8.000000E-01    7.629641E-01    3.535354E+00   -2.203899E-01
    1.500000E-02    8.000000E-01    7.629641E-01    3.636364E+00   -1.561604E-01
    1.500000E-02    8.000000E-01    7.629641E-01    3.737374E+00   -1.065408E-01
    1.500000E-02    8.000000E-01    7.629641E-01    3.838384E+00   -7.000377E-02
    1.500000E-02    8.000000E-01    7.629641E-01    3.939394E+00   -4.785547E-02
    1.500000E-02    8.000000E-01    7.629641E-01    4.040404E+00   -3.310674E-02
    1.500000E-02    8.000000E-01    7.629641E-01    4.141414E+00   -1.835800E-02
    1.500000E-02    8.000000E-01    7.629641E-01    4.242424E+00   -9.660316E-03
    1.500000E-02    8.000000E-01    7.629641E-01    4.343434E+00   -7.743640E-03
    1.500000E-02    8.000000E-01    7.629641E-01    4.444444E+00   -5.826963E-03
    1.500000E-02    8.000000E-01    7.629641E-01    4.545455E+00   -3.910286E-03
    1.500000E-02    8.000000E-01    7.629641E-01    4.646465E+00   -1.993610E-03
    1.500000E-02    8.000000E-01    7.629641E-01    4.747475E+00   -1.514582E-04
    1.500000E-02    8.000000E-01    7.629641E-01    4.848485E+00   -1.318325E-04
    1.500000E-02    8.000000E-01    7.629641E-01    4.949495E+00   -1.122067E-04
    1.500000E-02    8.000000E-01    7.629641E-01    5.050505E+00   -9.258100E-05
    1.500000E-02    8.000000E-01    7.629641E-01    5.151515E+00   -7.295527E-05
    1.500000E-02    8.000000E-01    7.629641E-01    5.252525E+00   -5.332954E-05
    1.500000E-02    8.000000E-01    7.629641E-01    5.353535E+00   -3.370382E-05
    1.500000E-02    8.000000E-01    7.629641E-01    5.454545E+00   -1.407809E-05
    1.500000E-02    8.000000E-01    7.629641E-01    5.555556E+00   -9.324148E-09
    1.500000E-02    8.000000E-01    7.629641E-01    5.656566E+00   -8.366479E-09
    1.500000E-02    8.000000E-01    7.629641E-01    5.757576E+00   -7.408809E-09
    1.500000E-02    8.000000E-01    7.629641E-01    5.858586E+00   -6.451140E-09
    1.500000E-02    8.000000E-01    7.629641E-01    5.959596E+00   -5.493470E-09
    1.500000E-02    8.000000E-01    7.629641E-01    6.060606E+00   -4.535801E-09
    1.500000E-02    8.000000E-01    7.629641E-01    6.161616E+00   -3.578132E-09
    1.500000E-02    8.000000E-01    7.629641E-01    6.262626E+00   -2.620462E-09
    1.500000E-02    8.000000E-01    7.629641E-01    6.363636E+00   -1.662793E-09
    1.500000E-02    8.000000E-01    7.629641E-01    6.464646E+00   -7.051236E-10
    1.500000E-02    8.000000E-01    7.629641E-01    6.565657E+00   -7.425849E-18
    1.500000E-02    8.000000E-01    7.629641E-01    6.666667E+00   -6.806567E-18
    1.500000E-02    8.000000E-01    7.629641E-01    6.767677E+00   -6.187284E-18
    1.500000E-02    8.000000E-01    7.629641E-01    6.868687E+00   -5.568001E-18
    1.500000E-02    8.000000E-01    7.629641E-01    6.969697E+00   -4.948718E-18
    1.500000E-02    8.000000E-01    7.629641E-01    7.070707E+00   -4.329436E-18
    1.500000E-02    8.000000E-01    7.629641E-01    7.171717E+00   -3.710153E-18
    1.500000E-02    8.000000E-01    7.629641E-01    7.272727E+00   -3.090870E-18
    1.500000E-02    8.000000E-01    7.629641E-01    7.373737E+00   -2.471588E-18
    1.500000E-02    8.000000E-01    7.629641E-01    7.474747E+00   -1.852305E-18
    1.500000E-02    8.000000E-01    7.629641E-01    7.575758E+00   -1.233022E-18
    1.500000E-02    8.000000E-01    7.629641E-01    7.676768E+00   -6.137394E-19
    1.500000E-02    8.000000E-01    7.629641E-01    7.777778E+00   -3.458992E-33
    1.500000E-02    8.000000E-01    7.629641E-01    7.878788E+00   -3.754850E-33
    1.500000E-02    8.000000E-01    7.629641E-01    7.979798E+00   -4.050708E-33
    1.500000E-02    8.000000E-01    7.629641E-01    8.080808E+00   -4.346566E-33
    1.500000E-02    8.000000E-01    7.629641E-01    8.181818E+00   -4.642425E-33
    1.500000E-02    8.000000E-01    7.629641E-01    8.282828E+00   -4.938283E-33
    1.500000E-02    8.000000E-01    7.629641E-01    8.383838E+00   -5.234141E-33
    1.500000E-02    8.000000E-01    7.629641E-01    8.484848E+00   -5.529999E-33
    1.500000E-02    8.000000E-01    7.629641E-01    8.585859E+00   -5.825857E-33
    1.500000E-02    8.000000E-01    7.629641E-01    8.686869E+00   -6.121716E-33
    1.500000E-02    8.000000E-01    7.629641E-01    8.787879E+00   -6.417574E-33
    1.500000E-02    8.000000E-01    7.629641E-01    8.888889E+00   -6.713432E-33
    1.500000E-02    8.000000E-01    7.629641E-01    8.989899E+00   -7.009290E-33
    1.500000E-02    8.000000E-01    7.629641E-01    9.090909E+00   -7.305148E-33
    1.500000E-02    8.000000E-01    7.629641E-01    9.191919E+00   -7.601007E-33
    1.500000E-02    8.000000E-01    7.629641E-01    9.292929E+00   -8.006272E-33
    1.500000E-02    8.000000E-01    7.629641E-01    9.393939E+00   -8.528989E-33
    1.500000E-02    8.000000E-01    7.629641E-01    9.494949E+00   -9.051705E-33
    1.500000E-02    8.000000E-01    7.629641E-01    9.595960E+00   -9.574421E-33
    1.500000E-02    8.000000E-01    7.629641E-01    9.696970E+00   -1.009714E-32
    1.500000E-02    8.000000E-01    7.629641E-01    9.797980E+00   -1.061985E-32
    1.500000E-02    8.000000E-01    7.629641E-01    9.898990E+00   -1.114257E-32
    1.500000E-02    8.000000E-01    7.629641E-01    1.000000E+01   -1.166529E-32

    1.500000E-02    9.000000E-01    7.629641E-01    0.000000E+00    1.206027E+00
    1.500000E-02    9.000000E-01    7.629641E-01    1.010101E-01    1.200737E+00
    1.500000E-02    9.000000E-01    7.629641E-01    2.020202E-01    1.184949E+00
    1.500000E-02    9.000000E-01    7.629641E-01    3.030303E-01    1.158767E+00
    1.500000E-02    9.000000E-01    7.629641E-01    4.040404E-01    1.122415E+00
    1.500000E-02    9.000000E-01    7.629641E-01    5.050505E-01    1.076192E+00
    1.500000E-02    9.000000E-01    7.629641E-01    6.060606E-01    1.020645E+00
    1.500000E-02    9.000000E-01    7.629641E-01    7.070707E-01    9.565305E-01
    1.500000E-02    9.000000E-01    7.629641E-01    8.080808E-01    8.848303E-01
    1.500000E-02    9.000000E-01    7.629641E-01    9.090909E-01    8.067261E-01
    1.500000E-02    9.000000E-01    7.629641E-01    1.010101E+00    7.234843E-01
    1.500000E-02    9.000000E-01    7.629641E-01    1.111111E+00    6.363031E-01
    1.500000E-02    9.000000E-01    7.629641E-01    1.212121E+00    5.462651E-01
    1.500000E-02    9.000000E-01    7.629641E-01    1.313131E+00    4.542177E-01
    1.500000E-02    9.000000E-01    7.629641E-01    1.414141E+00    3.608396E-01
    1.500000E-02    9.000000E-01    7.629641E-01    1.515152E+00    2.666345E-01
    1.500000E-02    9.000000E-01    7.629641E-01    1.616162E+00    1.720571E-01
    1.500000E-02    9.000000E-01    7.629641E-01    1.717172E+00    7.767144E-02
    1.500000E-02    9.000000E-01    7.629641E-01    1.818182E+00   -1.568956E-02
    1.500000E-02    9.000000E-01    7.629641E-01    1.919192E+00   -1.068597E-01
    1.500000E-02    9.000000E-01    7.629641E-01    2.020202E+00   -1.939127E-01
    1.500000E-02    9.000000E-01    7.629641E-01    2.121212E+00   -2.740132E-01
    1.500000E-02    9.000000E-01    7.629641E-01    2.222222E+00   -3.451403E-01
    1.500000E-02    9.000000E-01    7.629641E-01    2.323232E+00   -4.038637E-01
    1.500000E-02    9.000000E-01    7.629641E-01    2.424242E+00   -4.474233E-01
    1.500000E-02    9.000000E-01    7.629641E-01    2.525253E+00   -4.747542E-01
    1.500000E-02    9.000000E-01    7.629641E-01    2.626263E+00   -4.866912E-01
    1.500000E-02    9.000000E-01    7.629641E-01    2.727273E+00   -4.849811E-01
    1.500000E-02    9.000000E-01    7.629641E-01    2.828283E+00   -4.711987E-01
    1.500000E-02    9.000000E-01    7.629641E-01    2.929293E+00   -4.463885E-01
    1.500000E-02    9.000000E-01    7.629641E-01    3.030303E+00   -4.090441E-01
    1.500000E-02    9.000000E-01    7.629641E-01    3.131313E+00   -3.611984E-01
    1.500000E-02    9.000000E-01    7.629641E-01    3.232323E+00   -3.065509E-01
    1.500000E-02    9.000000E-01    7.629641E-01    3.333333E+00   -2.490892E-01
    1.500000E-02    9.000000E-01    7.629641E-01    3.434343E+00   -1.934568E-01
    1.500000E-02    9.000000E-01    7.629641E-01    3.535354E+00   -1.436519E-01
    1.500000E-02    9.000000E-01    7.629641E-01    3.636364E+00   -1.017861E-01
    1.500000E-02    9.000000E-01    7.629641E-01    3.737374E+00   -6.944357E-02
    1.500000E-02    9.000000E-01    7.629641E-01    3.838384E+00   -4.562850E-02
    1.500000E-02    9.000000E-01    7.629641E-01    3.939394E+00   -3.119217E-02
    1.500000E-02    9.000000E-01    7.629641E-01    4.040404E+00   -2.157894E-02
    1.500000E-02    9.000000E-01    7.629641E-01    4.141414E+00   -1.196571E-02
    1.500000E-02    9.000000E-01    7.629641E-01    4.242424E+00   -6.296558E-03
    1.500000E-02    9.000000E-01    7.629641E-01    4.343434E+00   -5.047276E-03
    1.500000E-02    9.000000E-01    7.629641E-01    4.444444E+00   -3.797993E-03
    1.500000E-02    9.000000E-01    7.629641E-01    4.545455E+00   -2.548710E-03
    1.500000E-02    9.000000E-01    7.629641E-01    4.646465E+00   -1.299427E-03
    1.500000E-02    9.000000E-01    7.629641E-01    4.747475E+00   -9.871985E-05
    1.500000E-02    9.000000E-01    7.629641E-01    4.848485E+00   -8.592788E-05
    1.500000E-02    9.000000E-01    7.629641E-01    4.949495E+00   -7.313591E-05
    1.500000E-02    9.000000E-01    7.629641E-01    5.050505E+00   -6.034393E-05
    1.500000E-02    9.000000E-01    7.629641E-01    5.151515E+00   -4.755196E-05
    1.500000E-02    9.000000E-01    7.629641E-01    5.252525E+00   -3.475999E-05
    1.500000E-02    9.000000E-01    7.629641E-01    5.353535E+00   -2.196802E-05
    1.500000E-02    9.000000E-01    7.629641E-01    5.454545E+00   -9.176045E-06
    1.500000E-02    9.000000E-01    7.629641E-01    5.555556E+00   -6.077492E-09
    1.500000E-02    9.000000E-01    7.629641E-01    5.656566E+00   -5.453282E-09
    1.500000E-02    9.000000E-01    7.629641E-01    5.757576E+00   -4.829072E-09
    1.500000E-02    9.000000E-01    7.629641E-01    5.858586E+00   -4.204862E-09
    1.500000E-02    9.000000E-01    7.629641E-01    5.959596E+00   -3.580652E-09
    1.500000E-02    9.000000E-01    7.629641E-01    6.060606E+00   -2.956441E-09
    1.500000E-02    9.000000E-01    7.629641E-01    6.161616E+00   -2.332231E-09
    1.500000E-02    9.000000E-01    7.629641E-01    6.262626E+00   -1.708021E-09
    1.500000E-02    9.000000E-01    7.629641E-01    6.363636E+00   -1.083811E-09
    1.500000E-02    9.000000E-01    7.629641E-01    6.464646E+00   -4.596005E-10
    1.500000E-02    9.000000E-01    7.629641E-01    6.565657E+00   -4.840240E-18
    1.500000E-02    9.000000E-01    7.629641E-01    6.666667E+00   -4.436586E-18
    1.500000E-02    9.000000E-01    7.629641E-01    6.767677E+00   -4.032931E-18
    1.500000E-02    9.000000E-01    7.629641E-01    6.868687E+00   -3.629277E-18
    1.500000E-02    9.000000E-01    7.629641E-01    6.969697E+00   -3.225622E-18
    1.500000E-02    9.000000E-01    7.629641E-01    7.070707E+00   -2.821968E-18
    1.500000E-02    9.000000E-01    7.629641E-01    7.171717E+00   -2.418314E-18
    1.500000E-02    9.000000E-01    7.629641E-01    7.272727E+00   -2.014659E-18
    1.500000E-02    9.000000E-01    7.629641E-01    7.373737E+00   -1.611005E-18
    1.500000E-02    9.000000E-01    7.629641E-01    7.474747E+00   -1.207350E-18
    1.500000E-02    9.000000E-01    7.629641E-01    7.575758E+00   -8.036957E-19
    1.500000E-02    9.000000E-01    7.629641E-01    7.676768E+00   -4.000413E-19
    1.500000E-02    9.000000E-01    7.629641E-01    7.777778E+00   -2.254611E-33
    1.500000E-02    9.000000E-01    7.629641E-01    7.878788E+00   -2.447459E-33
    1.500000E-02    9.000000E-01    7.629641E-01    7.979798E+00   -2.640308E-33
    1.500000E-02    9.000000E-01    7.629641E-01    8.080808E+00   -2.833156E-33
    1.500000E-02    9.000000E-01    7.629641E-01    8.181818E+00   -3.026005E-33
    1.500000E-02    9.000000E-01    7.629641E-01    8.282828E+00   -3.218854E-33
    1.500000E-02    9.000000E-01    7.629641E-01    8.383838E+00   -3.411702E-33
    1.500000E-02    9.000000E-01    7.629641E-01    8.484848E+00   -3.604551E-33
    1.500000E-02    9.000000E-01    7.629641E-01    8.585859E+00   -3.797399E-33
    1.500000E-02    9.000000E-01    7.629641E-01    8.686869E+00   -3.990248E-33
    1.500000E-02    9.000000E-01    7.629641E-01    8.787879E+00   -4.183097E-33
    1.500000E-02    9.000000E-01    7.629641E-01    8.888889E+00   -4.375945E-33
    1.500000E-02    9.000000E-01    7.629641E-01    8.989899E+00   -4.568794E-33
    1.500000E-02    9.000000E-01    7.629641E-01    9.090909E+00   -4.761642E-33
    1.500000E-02    9.000000E-01    7.629641E-01    9.191919E+00   -4.954491E-33
    1.500000E-02    9.000000E-01    7.629641E-01    9.292929E+00   -5.218655E-33
    1.500000E-02    9.000000E-01    7.629641E-01    9.393939E+00   -5.559379E-33
    1.500000E-02    9.000000E-01    7.629641E-01    9.494949E+00   -5.900103E-33
    1.500000E-02    9.000000E-01    7.629641E-01    9.595960E+00   -6.240826E-33
    1.500000E-02    9.000000E-01    7.629641E-01    9.696970E+00   -6.581550E-33
    1.500000E-02    9.000000E-01    7.629641E-01    9.797980E+00   -6.922273E-33
    1.500000E-02    9.000000E-01    7.629641E-01    9.898990E+00   -7.262997E-33
    1.500000E-02    9.000000E-01    7.629641E-01    1.000000E+01   -7.603720E-33

    1.500000E-02    1.000000E+00    7.629641E-01    0.000000E+00    1.513025E-05
    1.500000E-02    1.000000E+00    7.629641E-01    1.010101E-01    1.506385E-05
    1.500000E-02    1.000000E+00    7.629641E-01    2.020202E-01    1.486571E-05
    1.500000E-02    1.000000E+00    7.629641E-01    3.030303E-01    1.453715E-05
    1.500000E-02    1.000000E+00    7.629641E-01    4.040404E-01    1.408102E-05
    1.500000E-02    1.000000E+00    7.629641E-01    5.050505E-01    1.350115E-05
    1.500000E-02    1.000000E+00    7.629641E-01    6.060606E-01    1.280445E-05
    1.500000E-02    1.000000E+00    7.629641E-01    7.070707E-01    1.200045E-05
    1.500000E-02    1.000000E+00    7.629641E-01    8.080808E-01    1.110152E-05
    1.500000E-02    1.000000E+00    7.629641E-01    9.090909E-01    1.012244E-05
    1.500000E-02    1.000000E+00    7.629641E-01    1.010101E+00    9.079061E-06
    1.500000E-02    1.000000E+00    7.629641E-01    1.111111E+00    7.986345E-06
    1.500000E-02    1.000000E+00    7.629641E-01    1.212121E+00    6.857819E-06
    1.500000E-02    1.000000E+00    7.629641E-01    1.313131E+00    5.704072E-06
    1.500000E-02    1.000000E+00    7.629641E-01    1.414141E+00    4.533591E-06
    1.500000E-02    1.000000E+00    7.629641E-01    1.515152E+00    3.352683E-06
    1.500000E-02    1.000000E+00    7.629641E-01    1.616162E+00    2.167045E-06
    1.500000E-02    1.000000E+00    7.629641E-01    1.717172E+00    9.837472E-07
    1.500000E-02    1.000000E+00    7.629641E-01    1.818182E+00   -1.867699E-07
    1.500000E-02    1.000000E+00    7.629641E-01    1.919192E+00   -1.329885E-06
    1.500000E-02    1.000000E+00    7.629641E-01    2.020202E+00   -2.421452E-06
    1.500000E-02    1.000000E+00    7.629641E-01    2.121212E+00   -3.425932E-06
    1.500000E-02    1.000000E+00    7.629641E-01    2.222222E+00   -4.317982E-06
    1.500000E-02    1.000000E+00    7.629641E-01    2.323232E+00   -5.054606E-06
    1.500000E-02    1.000000E+00    7.629641E-01    2.424242E+00   -5.601203E-06
    1.500000E-02    1.000000E+00    7.629641E-01    2.525253E+00   -5.944419E-06
    1.500000E-02    1.000000E+00    7.629641E-01    2.626263E+00   -6.094708E-06
    1.500000E-02    1.000000E+00    7.629641E-01    2.727273E+00   -6.073959E-06
    1.500000E-02    1.000000E+00    7.629641E-01    2.828283E+00   -5.901899E-06
    1.500000E-02    1.000000E+00    7.629641E-01    2.929293E+00   -5.591606E-06
    1.500000E-02    1.000000E+00    7.629641E-01    3.030303E+00   -5.124169E-06
    1.500000E-02    1.000000E+00    7.629641E-01    3.131313E+00   -4.525047E-06
    1.500000E-02    1.000000E+00    7.629641E-01    3.232323E+00   -3.840602E-06
    1.500000E-02    1.000000E+00    7.629641E-01    3.333333E+00   -3.120804E-06
    1.500000E-02    1.000000E+00    7.629641E-01    3.434343E+00   -2.423858E-06
    1.500000E-02    1.000000E+00    7.629641E-01    3.535354E+00   -1.799881E-06
    1.500000E-02    1.000000E+00    7.629641E-01    3.636364E+00   -1.275348E-06
    1.500000E-02    1.000000E+00    7.629641E-01    3.737374E+00   -8.701187E-07
    1.500000E-02    1.000000E+00    7.629641E-01    3.838384E+00   -5.717267E-07
    1.500000E-02    1.000000E+00    7.629641E-01    3.939394E+00   -3.908424E-07
    1.500000E-02    1.000000E+00    7.629641E-01    4.040404E+00   -2.703884E-07
    1.500000E-02    1.000000E+00    7.629641E-01    4.141414E+00   -1.499345E-07
    1.500000E-02    1.000000E+00    7.629641E-01    4.242424E+00   -7.889960E-08
    1.500000E-02    1.000000E+00    7.629641E-01    4.343434E+00   -6.324536E-08
    1.500000E-02    1.000000E+00    7.629641E-01    4.444444E+00   -4.759113E-08
    1.500000E-02    1.000000E+00    7.629641E-01    4.545455E+00   -3.193689E-08
    1.500000E-02    1.000000E+00    7.629641E-01    4.646465E+00   -1.628265E-08
    1.500000E-02    1.000000E+00    7.629641E-01    4.747475E+00   -1.237085E-09
    1.500000E-02    1.000000E+00    7.629641E-01    4.848485E+00   -1.076785E-09
    1.500000E-02    1.000000E+00    7.629641E-01    4.949495E+00   -9.164858E-10
    1.500000E-02    1.000000E+00    7.629641E-01    5.050505E+00   -7.561861E-10
    1.500000E-02    1.000000E+00    7.629641E-01    5.151515E+00   -5.958865E-10
    1.500000E-02    1.000000E+00    7.629641E-01    5.252525E+00   -4.355868E-10
    1.500000E-02    1.000000E+00    7.629641E-01    5.353535E+00   -2.752872E-10
    1.500000E-02    1.000000E+00    7.629641E-01    5.454545E+00   -1.149875E-10
    1.500000E-02    1.000000E+00    7.629641E-01    5.555556E+00   -7.616293E-14
    1.500000E-02    1.000000E+00    7.629641E-01    5.656566E+00   -6.834035E-14
    1.500000E-02    1.000000E+00    7.629641E-01    5.757576E+00   -6.051777E-14
    1.500000E-02    1.000000E+00    7.629641E-01    5.858586E+00   -5.269519E-14
    1.500000E-02    1.000000E+00    7.629641E-01    5.959596E+00   -4.487261E-14
    1.500000E-02    1.000000E+00    7.629641E-01    6.060606E+00   -3.705003E-14
    1.500000E-02    1.000000E+00    7.629641E-01    6.161616E+00   -2.922744E-14
    1.500000E-02    1.000000E+00    7.629641E-01    6.262626E+00   -2.140486E-14
    1.500000E-02    1.000000E+00    7.629641E-01    6.363636E+00   -1.358228E-14
    1.500000E-02    1.000000E+00    7.629641E-01    6.464646E+00   -5.759699E-15
    1.500000E-02    1.000000E+00    7.629641E-01    6.565657E+00   -6.066055E-23
    1.500000E-02    1.000000E+00    7.629641E-01    6.666667E+00   -5.560173E-23
    1.500000E-02    1.000000E+00    7.629641E-01    6.767677E+00   -5.054291E-23
    1.500000E-02    1.000000E+00    7.629641E-01    6.868687E+00   -4.548409E-23
    1.500000E-02    1.000000E+00    7.629641E-01    6.969697E+00   -4.042527E-23
    1.500000E-02    1.000000E+00    7.629641E-01    7.070707E+00   -3.536645E-23
    1.500000E-02    1.000000E+00    7.629641E-01    7.171717E+00   -3.030763E-23
    1.500000E-02    1.000000E+00    7.629641E-01    7.272727E+00   -2.524881E-23
    1.500000E-02    1.000000E+00    7.629641E-01    7.373737E+00   -2.019000E-23
    1.500000E-02    1.000000E+00    7.629641E-01    7.474747E+00   -1.513118E-23
    1.500000E-02    1.000000E+00    7.629641E-01    7.575758E+00   -1.007236E-23
    1.500000E-02    1.000000E+00    7.629641E-01    7.676768E+00   -5.013537E-24
    1.500000E-02    1.000000E+00    7.629641E-01    7.777778E+00   -2.816504E-38
    1.500000E-02    1.000000E+00    7.629641E-01    7.878788E+00   -3.057620E-38
    1.500000E-02    1.000000E+00    7.629641E-01    7.979798E+00   -3.298736E-38
    1.500000E-02    1.000000E+00    7.629641E-01    8.080808E+00   -3.539851E-38
    1.500000E-02    1.000000E+00    7.629641E-01    8.181818E+00   -3.780967E-38
    1.500000E-02    1.000000E+00    7.629641E-01    8.282828E+00   -4.022083E-38
    1.500000E-02    1.000000E+00    7.629641E-01    8.383838E+00   -4.263199E-38
    1.500000E-02    1.000000E+00    7.629641E-01    8.484848E+00   -4.504315E-38
    1.500000E-02    1.000000E+00    7.629641E-01    8.585859E+00   -4.745431E-38
    1.500000E-02    1.000000E+00    7.629641E-01    8.686869E+00   -4.986547E-38
    1.500000E-02    1.000000E+00    7.629641E-01    8.787879E+00   -5.227663E-38
    1.500000E-02    1.000000E+00    7.629641E-01    8.888889E+00   -5.468779E-38
    1.500000E-02    1.000000E+00    7.629641E-01    8.989899E+00   -5.709894E-38
    1.500000E-02    1.000000E+00    7.629641E-01    9.090909E+00   -5.951010E-38
    1.500000E-02    1.000000E+00    7.629641E-01    9.191919E+00   -6.192126E-38
    1.500000E-02    1.000000E+00    7.629641E-01    9.292929E+00   -6.522446E-38
    1.500000E-02    1.000000E+00    7.629641E-01    9.393939E+00   -6.948528E-38
    1.500000E-02    1.000000E+00    7.629641E-01    9.494949E+00   -7.374610E-38
    1.500000E-02    1.000000E+00    7.629641E-01    9.595960E+00   -7.800691E-38
    1.500000E-02    1.000000E+00    7.629641E-01    9.696970E+00   -8.226773E-38
    1.500000E-02    1.000000E+00    7.629641E-01    9.797980E+00   -8.652855E-38
    1.500000E-02    1.000000E+00    7.629641E-01    9.898990E+00   -9.078937E-38
    1.500000E-02    1.000000E+00    7.629641E-01    1.000000E+01   -9.505019E-38

    1.500000E-02    1.100000E+00    7.629641E-01    0.000000E+00    2.800123E-06
    1.500000E-02    1.100000E+00    7.629641E-01    1.010101E-01    2.787864E-06
    1.500000E-02    1.100000E+00    7.629641E-01    2.020202E-01    2.751284E-06
    1.500000E-02    1.100000E+00    7.629641E-01    3.030303E-01    2.690642E-06
    1.500000E-02    1.100000E+00    7.629641E-01    4.040404E-01    2.606481E-06
    1.500000E-02    1.100000E+00    7.629641E-01    5.050505E-01    2.499531E-06
    1.500000E-02    1.100000E+00    7.629641E-01    6.060606E-01    2.371086E-06
    1.500000E-02    1.100000E+00    7.629641E-01    7.070707E-01    2.222916E-06
    1.500000E-02    1.100000E+00    7.629641E-01    8.080808E-01    2.057289E-06
    1.500000E-02    1.100000E+00    7.629641E-01    9.090909E-01    1.876909E-06
    1.500000E-02    1.100000E+00    7.629641E-01    1.010101E+00    1.684659E-06
    1.500000E-02    1.100000E+00    7.629641E-01    1.111111E+00    1.483262E-06
    1.500000E-02    1.100000E+00    7.629641E-01    1.212121E+00    1.275184E-06
    1.500000E-02    1.100000E+00    7.629641E-01    1.313131E+00    1.062360E-06
    1.500000E-02    1.100000E+00    7.629641E-01    1.414141E+00    8.463464E-07
    1.500000E-02    1.100000E+00    7.629641E-01    1.515152E+00    6.283045E-07
    1.500000E-02    1.100000E+00    7.629641E-01    1.616162E+00    4.092809E-07
    1.500000E-02    1.100000E+00    7.629641E-01    1.717172E+00    1.905860E-07
    1.500000E-02    1.100000E+00    7.629641E-01    1.818182E+00   -2.585319E-08
    1.500000E-02    1.100000E+00    7.629641E-01    1.919192E+00   -2.373273E-07
    1.500000E-02    1.100000E+00    7.629641E-01    2.020202E+00   -4.393726E-07
    1.500000E-02    1.100000E+00    7.629641E-01    2.121212E+00   -6.254150E-07
    1.500000E-02    1.100000E+00    7.629641E-01    2.222222E+00   -7.907516E-07
    1.500000E-02    1.100000E+00    7.629641E-01    2.323232E+00   -9.274284E-07
    1.500000E-02    1.100000E+00    7.629641E-01    2.424242E+00   -1.029038E-06
    1.500000E-02    1.100000E+00    7.629641E-01    2.525253E+00   -1.093096E-06
    1.500000E-02    1.100000E+00    7.629641E-01    2.626263E+00   -1.121520E-06
    1.500000E-02    1.100000E+00    7.629641E-01    2.727273E+00   -1.118343E-06
    1.500000E-02    1.100000E+00    7.629641E-01    2.828283E+00   -1.087196E-06
    1.500000E-02    1.100000E+00    7.629641E-01    2.929293E+00   -1.030480E-06
    1.500000E-02    1.100000E+00    7.629641E-01    3.030303E+00   -9.446728E-07
    1.500000E-02    1.100000E+00    7.629641E-01    3.131313E+00   -8.344604E-07
    1.500000E-02    1.100000E+00    7.629641E-01    3.232323E+00   -7.084070E-07
    1.500000E-02    1.100000E+00    7.629641E-01    3.333333E+00   -5.757446E-07
    1.500000E-02    1.100000E+00    7.629641E-01    3.434343E+00   -4.472320E-07
    1.500000E-02    1.100000E+00    7.629641E-01    3.535354E+00   -3.321386E-07
    1.500000E-02    1.100000E+00    7.629641E-01    3.636364E+00   -2.353679E-07
    1.500000E-02    1.100000E+00    7.629641E-01    3.737374E+00   -1.605952E-07
    1.500000E-02    1.100000E+00    7.629641E-01    3.838384E+00   -1.055295E-07
    1.500000E-02    1.100000E+00    7.629641E-01    3.939394E+00   -7.214508E-08
    1.500000E-02    1.100000E+00    7.629641E-01    4.040404E+00   -4.991178E-08
    1.500000E-02    1.100000E+00    7.629641E-01    4.141414E+00   -2.767848E-08
    1.500000E-02    1.100000E+00    7.629641E-01    4.242424E+00   -1.456660E-08
    1.500000E-02    1.100000E+00    7.629641E-01    4.343434E+00   -1.167650E-08
    1.500000E-02    1.100000E+00    7.629641E-01    4.444444E+00   -8.786392E-09
    1.500000E-02    1.100000E+00    7.629641E-01    4.545455E+00   -5.896286E-09
    1.500000E-02    1.100000E+00    7.629641E-01    4.646465E+00   -3.006180E-09
    1.500000E-02    1.100000E+00    7.629641E-01    4.747475E+00   -2.284490E-10
    1.500000E-02    1.100000E+00    7.629641E-01    4.848485E+00   -1.988469E-10
    1.500000E-02    1.100000E+00    7.629641E-01    4.949495E+00   -1.692448E-10
    1.500000E-02    1.100000E+00    7.629641E-01    5.050505E+00   -1.396427E-10
    1.500000E-02    1.100000E+00    7.629641E-01    5.151515E+00   -1.100407E-10
    1.500000E-02    1.100000E+00    7.629641E-01    5.252525E+00   -8.043857E-11
    1.500000E-02    1.100000E+00    7.629641E-01    5.353535E+00   -5.083649E-11
    1.500000E-02    1.100000E+00    7.629641E-01    5.454545E+00   -2.123442E-11
    1.500000E-02    1.100000E+00    7.629641E-01    5.555556E+00   -1.406787E-14
    1.500000E-02    1.100000E+00    7.629641E-01    5.656566E+00   -1.262298E-14
    1.500000E-02    1.100000E+00    7.629641E-01    5.757576E+00   -1.117809E-14
    1.500000E-02    1.100000E+00    7.629641E-01    5.858586E+00   -9.733197E-15
    1.500000E-02    1.100000E+00    7.629641E-01    5.959596E+00   -8.288308E-15
    1.500000E-02    1.100000E+00    7.629641E-01    6.060606E+00   -6.843418E-15
    1.500000E-02    1.100000E+00    7.629641E-01    6.161616E+00   -5.398529E-15
    1.500000E-02    1.100000E+00    7.629641E-01    6.262626E+00   -3.953639E-15
    1.500000E-02    1.100000E+00    7.629641E-01    6.363636E+00   -2.508749E-15
    1.500000E-02    1.100000E+00    7.629641E-01    6.464646E+00   -1.063860E-15
    1.500000E-02    1.100000E+00    7.629641E-01    6.565657E+00   -1.120624E-23
    1.500000E-02    1.100000E+00    7.629641E-01    6.666667E+00   -1.027169E-23
    1.500000E-02    1.100000E+00    7.629641E-01    6.767677E+00   -9.337143E-24
    1.500000E-02    1.100000E+00    7.629641E-01    6.868687E+00   -8.402592E-24
    1.500000E-02    1.100000E+00    7.629641E-01    6.969697E+00   -7.468041E-24
    1.500000E-02    1.100000E+00    7.629641E-01    7.070707E+00   -6.533490E-24
    1.500000E-02    1.100000E+00    7.629641E-01    7.171717E+00   -5.598940E-24
    1.500000E-02    1.100000E+00    7.629641E-01    7.272727E+00   -4.664389E-24
    1.500000E-02    1.100000E+00    7.629641E-01    7.373737E+00   -3.729838E-24
    1.500000E-02    1.100000E+00    7.629641E-01    7.474747E+00   -2.795287E-24
    1.500000E-02    1.100000E+00    7.629641E-01    7.575758E+00   -1.860736E-24
    1.500000E-02    1.100000E+00    7.629641E-01    7.676768E+00   -9.261855E-25
    1.500000E-02    1.100000E+00    7.629641E-01    7.777778E+00   -5.126847E-39
    1.500000E-02    1.100000E+00    7.629641E-01    7.878788E+00   -5.567433E-39
    1.500000E-02    1.100000E+00    7.629641E-01    7.979798E+00   -6.008019E-39
    1.500000E-02    1.100000E+00    7.629641E-01    8.080808E+00   -6.448604E-39
    1.500000E-02    1.100000E+00    7.629641E-01    8.181818E+00   -6.889190E-39
    1.500000E-02    1.100000E+00    7.629641E-01    8.282828E+00   -7.329776E-39
    1.500000E-02    1.100000E+00    7.629641E-01    8.383838E+00   -7.770361E-39
    1.500000E-02    1.100000E+00    7.629641E-01    8.484848E+00   -8.210947E-39
    1.500000E-02    1.100000E+00    7.629641E-01    8.585859E+00   -8.651533E-39
    1.500000E-02    1.100000E+00    7.629641E-01    8.686869E+00   -9.092118E-39
    1.500000E-02    1.100000E+00    7.629641E-01    8.787879E+00   -9.532704E-39
    1.500000E-02    1.100000E+00    7.629641E-01    8.888889E+00   -9.973289E-39
    1.500000E-02    1.100000E+00    7.629641E-01    8.989899E+00   -1.041388E-38
    1.500000E-02    1.100000E+00    7.629641E-01    9.090909E+00   -1.085446E-38
    1.500000E-02    1.100000E+00    7.629641E-01    9.191919E+00   -1.129505E-38
    1.500000E-02    1.100000E+00    7.629641E-01    9.292929E+00   -1.189895E-38
    1.500000E-02    1.100000E+00    7.629641E-01    9.393939E+00   -1.267816E-38
    1.500000E-02    1.100000E+00    7.629641E-01    9.494949E+00   -1.345738E-38
    1.500000E-02    1.100000E+00    7.629641E-01    9.595960E+00   -1.423660E-38
    1.500000E-02    1.100000E+00    7.629641E-01    9.696970E+00   -1.501582E-38
    1.500000E-02    1.100000E+00    7.629641E-01    9.797980E+00   -1.579504E-38
    1.500000E-02    1.100000E+00    7.629641E-01    9.898990E+00   -1.657426E-38
    1.500000E-02    1.100000E+00    7.629641E-01    1.000000E+01   -1.735348E-38

