
#   rho [fm-3]      T [MeV]      kf [fm-1]       k [MeV]       av Gap(k) [MeV]       Xi (k)       SigmaHF(k)       Momdis n(k)       Gap_L1       Gap_L2
    2.161519E-03    1.000000E-01    4.000000E-01    0.000000E+00    1.433931E+00
    2.161519E-03    1.000000E-01    4.000000E-01    1.010101E-01    1.425436E+00
    2.161519E-03    1.000000E-01    4.000000E-01    2.020202E-01    1.400257E+00
    2.161519E-03    1.000000E-01    4.000000E-01    3.030303E-01    1.359282E+00
    2.161519E-03    1.000000E-01    4.000000E-01    4.040404E-01    1.303947E+00
    2.161519E-03    1.000000E-01    4.000000E-01    5.050505E-01    1.236133E+00
    2.161519E-03    1.000000E-01    4.000000E-01    6.060606E-01    1.157945E+00
    2.161519E-03    1.000000E-01    4.000000E-01    7.070707E-01    1.071598E+00
    2.161519E-03    1.000000E-01    4.000000E-01    8.080808E-01    9.790296E-01
    2.161519E-03    1.000000E-01    4.000000E-01    9.090909E-01    8.820224E-01
    2.161519E-03    1.000000E-01    4.000000E-01    1.010101E+00    7.819485E-01
    2.161519E-03    1.000000E-01    4.000000E-01    1.111111E+00    6.799284E-01
    2.161519E-03    1.000000E-01    4.000000E-01    1.212121E+00    5.769368E-01
    2.161519E-03    1.000000E-01    4.000000E-01    1.313131E+00    4.736777E-01
    2.161519E-03    1.000000E-01    4.000000E-01    1.414141E+00    3.707055E-01
    2.161519E-03    1.000000E-01    4.000000E-01    1.515152E+00    2.685377E-01
    2.161519E-03    1.000000E-01    4.000000E-01    1.616162E+00    1.676372E-01
    2.161519E-03    1.000000E-01    4.000000E-01    1.717172E+00    6.845840E-02
    2.161519E-03    1.000000E-01    4.000000E-01    1.818182E+00   -2.798008E-02
    2.161519E-03    1.000000E-01    4.000000E-01    1.919192E+00   -1.206571E-01
    2.161519E-03    1.000000E-01    4.000000E-01    2.020202E+00   -2.074724E-01
    2.161519E-03    1.000000E-01    4.000000E-01    2.121212E+00   -2.798729E-01
    2.161519E-03    1.000000E-01    4.000000E-01    2.222222E+00   -3.414130E-01
    2.161519E-03    1.000000E-01    4.000000E-01    2.323232E+00   -4.029531E-01
    2.161519E-03    1.000000E-01    4.000000E-01    2.424242E+00   -4.377236E-01
    2.161519E-03    1.000000E-01    4.000000E-01    2.525253E+00   -4.379962E-01
    2.161519E-03    1.000000E-01    4.000000E-01    2.626263E+00   -4.382688E-01
    2.161519E-03    1.000000E-01    4.000000E-01    2.727273E+00   -4.385414E-01
    2.161519E-03    1.000000E-01    4.000000E-01    2.828283E+00   -4.388140E-01
    2.161519E-03    1.000000E-01    4.000000E-01    2.929293E+00   -4.389582E-01
    2.161519E-03    1.000000E-01    4.000000E-01    3.030303E+00   -3.918826E-01
    2.161519E-03    1.000000E-01    4.000000E-01    3.131313E+00   -3.448069E-01
    2.161519E-03    1.000000E-01    4.000000E-01    3.232323E+00   -2.977312E-01
    2.161519E-03    1.000000E-01    4.000000E-01    3.333333E+00   -2.506556E-01
    2.161519E-03    1.000000E-01    4.000000E-01    3.434343E+00   -2.035799E-01
    2.161519E-03    1.000000E-01    4.000000E-01    3.535354E+00   -1.565043E-01
    2.161519E-03    1.000000E-01    4.000000E-01    3.636364E+00   -1.094286E-01
    2.161519E-03    1.000000E-01    4.000000E-01    3.737374E+00   -7.203721E-02
    2.161519E-03    1.000000E-01    4.000000E-01    3.838384E+00   -6.468255E-02
    2.161519E-03    1.000000E-01    4.000000E-01    3.939394E+00   -5.732790E-02
    2.161519E-03    1.000000E-01    4.000000E-01    4.040404E+00   -4.997324E-02
    2.161519E-03    1.000000E-01    4.000000E-01    4.141414E+00   -4.261858E-02
    2.161519E-03    1.000000E-01    4.000000E-01    4.242424E+00   -3.526392E-02
    2.161519E-03    1.000000E-01    4.000000E-01    4.343434E+00   -2.790926E-02
    2.161519E-03    1.000000E-01    4.000000E-01    4.444444E+00   -2.055460E-02
    2.161519E-03    1.000000E-01    4.000000E-01    4.545455E+00   -1.319995E-02
    2.161519E-03    1.000000E-01    4.000000E-01    4.646465E+00   -5.845288E-03
    2.161519E-03    1.000000E-01    4.000000E-01    4.747475E+00   -1.122210E-04
    2.161519E-03    1.000000E-01    4.000000E-01    4.848485E+00   -1.028991E-04
    2.161519E-03    1.000000E-01    4.000000E-01    4.949495E+00   -9.357716E-05
    2.161519E-03    1.000000E-01    4.000000E-01    5.050505E+00   -8.425523E-05
    2.161519E-03    1.000000E-01    4.000000E-01    5.151515E+00   -7.493330E-05
    2.161519E-03    1.000000E-01    4.000000E-01    5.252525E+00   -6.561137E-05
    2.161519E-03    1.000000E-01    4.000000E-01    5.353535E+00   -5.628944E-05
    2.161519E-03    1.000000E-01    4.000000E-01    5.454545E+00   -4.696751E-05
    2.161519E-03    1.000000E-01    4.000000E-01    5.555556E+00   -3.764558E-05
    2.161519E-03    1.000000E-01    4.000000E-01    5.656566E+00   -2.832365E-05
    2.161519E-03    1.000000E-01    4.000000E-01    5.757576E+00   -1.900172E-05
    2.161519E-03    1.000000E-01    4.000000E-01    5.858586E+00   -9.679787E-06
    2.161519E-03    1.000000E-01    4.000000E-01    5.959596E+00   -3.578568E-07
    2.161519E-03    1.000000E-01    4.000000E-01    6.060606E+00   -3.508748E-11
    2.161519E-03    1.000000E-01    4.000000E-01    6.161616E+00   -3.250186E-11
    2.161519E-03    1.000000E-01    4.000000E-01    6.262626E+00   -2.991625E-11
    2.161519E-03    1.000000E-01    4.000000E-01    6.363636E+00   -2.733064E-11
    2.161519E-03    1.000000E-01    4.000000E-01    6.464646E+00   -2.474502E-11
    2.161519E-03    1.000000E-01    4.000000E-01    6.565657E+00   -2.215941E-11
    2.161519E-03    1.000000E-01    4.000000E-01    6.666667E+00   -1.957380E-11
    2.161519E-03    1.000000E-01    4.000000E-01    6.767677E+00   -1.698818E-11
    2.161519E-03    1.000000E-01    4.000000E-01    6.868687E+00   -1.440257E-11
    2.161519E-03    1.000000E-01    4.000000E-01    6.969697E+00   -1.181695E-11
    2.161519E-03    1.000000E-01    4.000000E-01    7.070707E+00   -9.231340E-12
    2.161519E-03    1.000000E-01    4.000000E-01    7.171717E+00   -6.645727E-12
    2.161519E-03    1.000000E-01    4.000000E-01    7.272727E+00   -4.060113E-12
    2.161519E-03    1.000000E-01    4.000000E-01    7.373737E+00   -1.474499E-12
    2.161519E-03    1.000000E-01    4.000000E-01    7.474747E+00   -7.144955E-21
    2.161519E-03    1.000000E-01    4.000000E-01    7.575758E+00   -6.712212E-21
    2.161519E-03    1.000000E-01    4.000000E-01    7.676768E+00   -6.279469E-21
    2.161519E-03    1.000000E-01    4.000000E-01    7.777778E+00   -5.846726E-21
    2.161519E-03    1.000000E-01    4.000000E-01    7.878788E+00   -5.413983E-21
    2.161519E-03    1.000000E-01    4.000000E-01    7.979798E+00   -4.981241E-21
    2.161519E-03    1.000000E-01    4.000000E-01    8.080808E+00   -4.548498E-21
    2.161519E-03    1.000000E-01    4.000000E-01    8.181818E+00   -4.115755E-21
    2.161519E-03    1.000000E-01    4.000000E-01    8.282828E+00   -3.683012E-21
    2.161519E-03    1.000000E-01    4.000000E-01    8.383838E+00   -3.250270E-21
    2.161519E-03    1.000000E-01    4.000000E-01    8.484848E+00   -2.817527E-21
    2.161519E-03    1.000000E-01    4.000000E-01    8.585859E+00   -2.384784E-21
    2.161519E-03    1.000000E-01    4.000000E-01    8.686869E+00   -1.952041E-21
    2.161519E-03    1.000000E-01    4.000000E-01    8.787879E+00   -1.519298E-21
    2.161519E-03    1.000000E-01    4.000000E-01    8.888889E+00   -1.086556E-21
    2.161519E-03    1.000000E-01    4.000000E-01    8.989899E+00   -6.538128E-22
    2.161519E-03    1.000000E-01    4.000000E-01    9.090909E+00   -2.210700E-22
    2.161519E-03    1.000000E-01    4.000000E-01    9.191919E+00   -4.870164E-33
    2.161519E-03    1.000000E-01    4.000000E-01    9.292929E+00   -5.209898E-33
    2.161519E-03    1.000000E-01    4.000000E-01    9.393939E+00   -5.549631E-33
    2.161519E-03    1.000000E-01    4.000000E-01    9.494949E+00   -5.889365E-33
    2.161519E-03    1.000000E-01    4.000000E-01    9.595960E+00   -6.229099E-33
    2.161519E-03    1.000000E-01    4.000000E-01    9.696970E+00   -6.568833E-33
    2.161519E-03    1.000000E-01    4.000000E-01    9.797980E+00   -6.908567E-33
    2.161519E-03    1.000000E-01    4.000000E-01    9.898990E+00   -7.248300E-33
    2.161519E-03    1.000000E-01    4.000000E-01    1.000000E+01   -7.588034E-33

    2.161519E-03    2.000000E-01    4.000000E-01    0.000000E+00    1.431499E+00
    2.161519E-03    2.000000E-01    4.000000E-01    1.010101E-01    1.423019E+00
    2.161519E-03    2.000000E-01    4.000000E-01    2.020202E-01    1.397884E+00
    2.161519E-03    2.000000E-01    4.000000E-01    3.030303E-01    1.356978E+00
    2.161519E-03    2.000000E-01    4.000000E-01    4.040404E-01    1.301738E+00
    2.161519E-03    2.000000E-01    4.000000E-01    5.050505E-01    1.234038E+00
    2.161519E-03    2.000000E-01    4.000000E-01    6.060606E-01    1.155982E+00
    2.161519E-03    2.000000E-01    4.000000E-01    7.070707E-01    1.069778E+00
    2.161519E-03    2.000000E-01    4.000000E-01    8.080808E-01    9.773627E-01
    2.161519E-03    2.000000E-01    4.000000E-01    9.090909E-01    8.805148E-01
    2.161519E-03    2.000000E-01    4.000000E-01    1.010101E+00    7.806044E-01
    2.161519E-03    2.000000E-01    4.000000E-01    1.111111E+00    6.787504E-01
    2.161519E-03    2.000000E-01    4.000000E-01    1.212121E+00    5.759260E-01
    2.161519E-03    2.000000E-01    4.000000E-01    1.313131E+00    4.728346E-01
    2.161519E-03    2.000000E-01    4.000000E-01    1.414141E+00    3.700297E-01
    2.161519E-03    2.000000E-01    4.000000E-01    1.515152E+00    2.680282E-01
    2.161519E-03    2.000000E-01    4.000000E-01    1.616162E+00    1.672924E-01
    2.161519E-03    2.000000E-01    4.000000E-01    1.717172E+00    6.827597E-02
    2.161519E-03    2.000000E-01    4.000000E-01    1.818182E+00   -2.800402E-02
    2.161519E-03    2.000000E-01    4.000000E-01    1.919192E+00   -1.205281E-01
    2.161519E-03    2.000000E-01    4.000000E-01    2.020202E+00   -2.071995E-01
    2.161519E-03    2.000000E-01    4.000000E-01    2.121212E+00   -2.794787E-01
    2.161519E-03    2.000000E-01    4.000000E-01    2.222222E+00   -3.409148E-01
    2.161519E-03    2.000000E-01    4.000000E-01    2.323232E+00   -4.023510E-01
    2.161519E-03    2.000000E-01    4.000000E-01    2.424242E+00   -4.370607E-01
    2.161519E-03    2.000000E-01    4.000000E-01    2.525253E+00   -4.373284E-01
    2.161519E-03    2.000000E-01    4.000000E-01    2.626263E+00   -4.375961E-01
    2.161519E-03    2.000000E-01    4.000000E-01    2.727273E+00   -4.378638E-01
    2.161519E-03    2.000000E-01    4.000000E-01    2.828283E+00   -4.381315E-01
    2.161519E-03    2.000000E-01    4.000000E-01    2.929293E+00   -4.382710E-01
    2.161519E-03    2.000000E-01    4.000000E-01    3.030303E+00   -3.912690E-01
    2.161519E-03    2.000000E-01    4.000000E-01    3.131313E+00   -3.442671E-01
    2.161519E-03    2.000000E-01    4.000000E-01    3.232323E+00   -2.972651E-01
    2.161519E-03    2.000000E-01    4.000000E-01    3.333333E+00   -2.502632E-01
    2.161519E-03    2.000000E-01    4.000000E-01    3.434343E+00   -2.032612E-01
    2.161519E-03    2.000000E-01    4.000000E-01    3.535354E+00   -1.562593E-01
    2.161519E-03    2.000000E-01    4.000000E-01    3.636364E+00   -1.092573E-01
    2.161519E-03    2.000000E-01    4.000000E-01    3.737374E+00   -7.192446E-02
    2.161519E-03    2.000000E-01    4.000000E-01    3.838384E+00   -6.458132E-02
    2.161519E-03    2.000000E-01    4.000000E-01    3.939394E+00   -5.723818E-02
    2.161519E-03    2.000000E-01    4.000000E-01    4.040404E+00   -4.989504E-02
    2.161519E-03    2.000000E-01    4.000000E-01    4.141414E+00   -4.255190E-02
    2.161519E-03    2.000000E-01    4.000000E-01    4.242424E+00   -3.520875E-02
    2.161519E-03    2.000000E-01    4.000000E-01    4.343434E+00   -2.786561E-02
    2.161519E-03    2.000000E-01    4.000000E-01    4.444444E+00   -2.052247E-02
    2.161519E-03    2.000000E-01    4.000000E-01    4.545455E+00   -1.317933E-02
    2.161519E-03    2.000000E-01    4.000000E-01    4.646465E+00   -5.836187E-03
    2.161519E-03    2.000000E-01    4.000000E-01    4.747475E+00   -1.120960E-04
    2.161519E-03    2.000000E-01    4.000000E-01    4.848485E+00   -1.027845E-04
    2.161519E-03    2.000000E-01    4.000000E-01    4.949495E+00   -9.347293E-05
    2.161519E-03    2.000000E-01    4.000000E-01    5.050505E+00   -8.416138E-05
    2.161519E-03    2.000000E-01    4.000000E-01    5.151515E+00   -7.484984E-05
    2.161519E-03    2.000000E-01    4.000000E-01    5.252525E+00   -6.553829E-05
    2.161519E-03    2.000000E-01    4.000000E-01    5.353535E+00   -5.622674E-05
    2.161519E-03    2.000000E-01    4.000000E-01    5.454545E+00   -4.691520E-05
    2.161519E-03    2.000000E-01    4.000000E-01    5.555556E+00   -3.760365E-05
    2.161519E-03    2.000000E-01    4.000000E-01    5.656566E+00   -2.829210E-05
    2.161519E-03    2.000000E-01    4.000000E-01    5.757576E+00   -1.898055E-05
    2.161519E-03    2.000000E-01    4.000000E-01    5.858586E+00   -9.669008E-06
    2.161519E-03    2.000000E-01    4.000000E-01    5.959596E+00   -3.574613E-07
    2.161519E-03    2.000000E-01    4.000000E-01    6.060606E+00   -3.794729E-11
    2.161519E-03    2.000000E-01    4.000000E-01    6.161616E+00   -3.515093E-11
    2.161519E-03    2.000000E-01    4.000000E-01    6.262626E+00   -3.235458E-11
    2.161519E-03    2.000000E-01    4.000000E-01    6.363636E+00   -2.955822E-11
    2.161519E-03    2.000000E-01    4.000000E-01    6.464646E+00   -2.676187E-11
    2.161519E-03    2.000000E-01    4.000000E-01    6.565657E+00   -2.396552E-11
    2.161519E-03    2.000000E-01    4.000000E-01    6.666667E+00   -2.116916E-11
    2.161519E-03    2.000000E-01    4.000000E-01    6.767677E+00   -1.837281E-11
    2.161519E-03    2.000000E-01    4.000000E-01    6.868687E+00   -1.557645E-11
    2.161519E-03    2.000000E-01    4.000000E-01    6.969697E+00   -1.278010E-11
    2.161519E-03    2.000000E-01    4.000000E-01    7.070707E+00   -9.983742E-12
    2.161519E-03    2.000000E-01    4.000000E-01    7.171717E+00   -7.187388E-12
    2.161519E-03    2.000000E-01    4.000000E-01    7.272727E+00   -4.391033E-12
    2.161519E-03    2.000000E-01    4.000000E-01    7.373737E+00   -1.594679E-12
    2.161519E-03    2.000000E-01    4.000000E-01    7.474747E+00   -7.816308E-21
    2.161519E-03    2.000000E-01    4.000000E-01    7.575758E+00   -7.342904E-21
    2.161519E-03    2.000000E-01    4.000000E-01    7.676768E+00   -6.869500E-21
    2.161519E-03    2.000000E-01    4.000000E-01    7.777778E+00   -6.396096E-21
    2.161519E-03    2.000000E-01    4.000000E-01    7.878788E+00   -5.922692E-21
    2.161519E-03    2.000000E-01    4.000000E-01    7.979798E+00   -5.449287E-21
    2.161519E-03    2.000000E-01    4.000000E-01    8.080808E+00   -4.975883E-21
    2.161519E-03    2.000000E-01    4.000000E-01    8.181818E+00   -4.502479E-21
    2.161519E-03    2.000000E-01    4.000000E-01    8.282828E+00   -4.029075E-21
    2.161519E-03    2.000000E-01    4.000000E-01    8.383838E+00   -3.555671E-21
    2.161519E-03    2.000000E-01    4.000000E-01    8.484848E+00   -3.082267E-21
    2.161519E-03    2.000000E-01    4.000000E-01    8.585859E+00   -2.608863E-21
    2.161519E-03    2.000000E-01    4.000000E-01    8.686869E+00   -2.135459E-21
    2.161519E-03    2.000000E-01    4.000000E-01    8.787879E+00   -1.662055E-21
    2.161519E-03    2.000000E-01    4.000000E-01    8.888889E+00   -1.188650E-21
    2.161519E-03    2.000000E-01    4.000000E-01    8.989899E+00   -7.152463E-22
    2.161519E-03    2.000000E-01    4.000000E-01    9.090909E+00   -2.418422E-22
    2.161519E-03    2.000000E-01    4.000000E-01    9.191919E+00   -4.862133E-33
    2.161519E-03    2.000000E-01    4.000000E-01    9.292929E+00   -5.201310E-33
    2.161519E-03    2.000000E-01    4.000000E-01    9.393939E+00   -5.540487E-33
    2.161519E-03    2.000000E-01    4.000000E-01    9.494949E+00   -5.879664E-33
    2.161519E-03    2.000000E-01    4.000000E-01    9.595960E+00   -6.218841E-33
    2.161519E-03    2.000000E-01    4.000000E-01    9.696970E+00   -6.558018E-33
    2.161519E-03    2.000000E-01    4.000000E-01    9.797980E+00   -6.897195E-33
    2.161519E-03    2.000000E-01    4.000000E-01    9.898990E+00   -7.236372E-33
    2.161519E-03    2.000000E-01    4.000000E-01    1.000000E+01   -7.575549E-33

    2.161519E-03    3.000000E-01    4.000000E-01    0.000000E+00    1.411721E+00
    2.161519E-03    3.000000E-01    4.000000E-01    1.010101E-01    1.403361E+00
    2.161519E-03    3.000000E-01    4.000000E-01    2.020202E-01    1.378579E+00
    2.161519E-03    3.000000E-01    4.000000E-01    3.030303E-01    1.338250E+00
    2.161519E-03    3.000000E-01    4.000000E-01    4.040404E-01    1.283785E+00
    2.161519E-03    3.000000E-01    4.000000E-01    5.050505E-01    1.217033E+00
    2.161519E-03    3.000000E-01    4.000000E-01    6.060606E-01    1.140067E+00
    2.161519E-03    3.000000E-01    4.000000E-01    7.070707E-01    1.055062E+00
    2.161519E-03    3.000000E-01    4.000000E-01    8.080808E-01    9.639276E-01
    2.161519E-03    3.000000E-01    4.000000E-01    9.090909E-01    8.684191E-01
    2.161519E-03    3.000000E-01    4.000000E-01    1.010101E+00    7.698878E-01
    2.161519E-03    3.000000E-01    4.000000E-01    1.111111E+00    6.694377E-01
    2.161519E-03    3.000000E-01    4.000000E-01    1.212121E+00    5.680291E-01
    2.161519E-03    3.000000E-01    4.000000E-01    1.313131E+00    4.663558E-01
    2.161519E-03    3.000000E-01    4.000000E-01    1.414141E+00    3.649639E-01
    2.161519E-03    3.000000E-01    4.000000E-01    1.515152E+00    2.643633E-01
    2.161519E-03    3.000000E-01    4.000000E-01    1.616162E+00    1.650097E-01
    2.161519E-03    3.000000E-01    4.000000E-01    1.717172E+00    6.735096E-02
    2.161519E-03    3.000000E-01    4.000000E-01    1.818182E+00   -2.761012E-02
    2.161519E-03    3.000000E-01    4.000000E-01    1.919192E+00   -1.188679E-01
    2.161519E-03    3.000000E-01    4.000000E-01    2.020202E+00   -2.043540E-01
    2.161519E-03    3.000000E-01    4.000000E-01    2.121212E+00   -2.756461E-01
    2.161519E-03    3.000000E-01    4.000000E-01    2.222222E+00   -3.362441E-01
    2.161519E-03    3.000000E-01    4.000000E-01    2.323232E+00   -3.968421E-01
    2.161519E-03    3.000000E-01    4.000000E-01    2.424242E+00   -4.310792E-01
    2.161519E-03    3.000000E-01    4.000000E-01    2.525253E+00   -4.313453E-01
    2.161519E-03    3.000000E-01    4.000000E-01    2.626263E+00   -4.316113E-01
    2.161519E-03    3.000000E-01    4.000000E-01    2.727273E+00   -4.318774E-01
    2.161519E-03    3.000000E-01    4.000000E-01    2.828283E+00   -4.321435E-01
    2.161519E-03    3.000000E-01    4.000000E-01    2.929293E+00   -4.322832E-01
    2.161519E-03    3.000000E-01    4.000000E-01    3.030303E+00   -3.859235E-01
    2.161519E-03    3.000000E-01    4.000000E-01    3.131313E+00   -3.395638E-01
    2.161519E-03    3.000000E-01    4.000000E-01    3.232323E+00   -2.932041E-01
    2.161519E-03    3.000000E-01    4.000000E-01    3.333333E+00   -2.468445E-01
    2.161519E-03    3.000000E-01    4.000000E-01    3.434343E+00   -2.004848E-01
    2.161519E-03    3.000000E-01    4.000000E-01    3.535354E+00   -1.541251E-01
    2.161519E-03    3.000000E-01    4.000000E-01    3.636364E+00   -1.077654E-01
    2.161519E-03    3.000000E-01    4.000000E-01    3.737374E+00   -7.094273E-02
    2.161519E-03    3.000000E-01    4.000000E-01    3.838384E+00   -6.369982E-02
    2.161519E-03    3.000000E-01    4.000000E-01    3.939394E+00   -5.645691E-02
    2.161519E-03    3.000000E-01    4.000000E-01    4.040404E+00   -4.921400E-02
    2.161519E-03    3.000000E-01    4.000000E-01    4.141414E+00   -4.197108E-02
    2.161519E-03    3.000000E-01    4.000000E-01    4.242424E+00   -3.472817E-02
    2.161519E-03    3.000000E-01    4.000000E-01    4.343434E+00   -2.748526E-02
    2.161519E-03    3.000000E-01    4.000000E-01    4.444444E+00   -2.024235E-02
    2.161519E-03    3.000000E-01    4.000000E-01    4.545455E+00   -1.299944E-02
    2.161519E-03    3.000000E-01    4.000000E-01    4.646465E+00   -5.756526E-03
    2.161519E-03    3.000000E-01    4.000000E-01    4.747475E+00   -1.105662E-04
    2.161519E-03    3.000000E-01    4.000000E-01    4.848485E+00   -1.013817E-04
    2.161519E-03    3.000000E-01    4.000000E-01    4.949495E+00   -9.219726E-05
    2.161519E-03    3.000000E-01    4.000000E-01    5.050505E+00   -8.301279E-05
    2.161519E-03    3.000000E-01    4.000000E-01    5.151515E+00   -7.382832E-05
    2.161519E-03    3.000000E-01    4.000000E-01    5.252525E+00   -6.464386E-05
    2.161519E-03    3.000000E-01    4.000000E-01    5.353535E+00   -5.545939E-05
    2.161519E-03    3.000000E-01    4.000000E-01    5.454545E+00   -4.627492E-05
    2.161519E-03    3.000000E-01    4.000000E-01    5.555556E+00   -3.709045E-05
    2.161519E-03    3.000000E-01    4.000000E-01    5.656566E+00   -2.790599E-05
    2.161519E-03    3.000000E-01    4.000000E-01    5.757576E+00   -1.872152E-05
    2.161519E-03    3.000000E-01    4.000000E-01    5.858586E+00   -9.537050E-06
    2.161519E-03    3.000000E-01    4.000000E-01    5.959596E+00   -3.525828E-07
    2.161519E-03    3.000000E-01    4.000000E-01    6.060606E+00   -3.741827E-11
    2.161519E-03    3.000000E-01    4.000000E-01    6.161616E+00   -3.466090E-11
    2.161519E-03    3.000000E-01    4.000000E-01    6.262626E+00   -3.190353E-11
    2.161519E-03    3.000000E-01    4.000000E-01    6.363636E+00   -2.914615E-11
    2.161519E-03    3.000000E-01    4.000000E-01    6.464646E+00   -2.638878E-11
    2.161519E-03    3.000000E-01    4.000000E-01    6.565657E+00   -2.363141E-11
    2.161519E-03    3.000000E-01    4.000000E-01    6.666667E+00   -2.087404E-11
    2.161519E-03    3.000000E-01    4.000000E-01    6.767677E+00   -1.811667E-11
    2.161519E-03    3.000000E-01    4.000000E-01    6.868687E+00   -1.535930E-11
    2.161519E-03    3.000000E-01    4.000000E-01    6.969697E+00   -1.260193E-11
    2.161519E-03    3.000000E-01    4.000000E-01    7.070707E+00   -9.844559E-12
    2.161519E-03    3.000000E-01    4.000000E-01    7.171717E+00   -7.087189E-12
    2.161519E-03    3.000000E-01    4.000000E-01    7.272727E+00   -4.329818E-12
    2.161519E-03    3.000000E-01    4.000000E-01    7.373737E+00   -1.572447E-12
    2.161519E-03    3.000000E-01    4.000000E-01    7.474747E+00   -7.704805E-21
    2.161519E-03    3.000000E-01    4.000000E-01    7.575758E+00   -7.238154E-21
    2.161519E-03    3.000000E-01    4.000000E-01    7.676768E+00   -6.771503E-21
    2.161519E-03    3.000000E-01    4.000000E-01    7.777778E+00   -6.304852E-21
    2.161519E-03    3.000000E-01    4.000000E-01    7.878788E+00   -5.838202E-21
    2.161519E-03    3.000000E-01    4.000000E-01    7.979798E+00   -5.371551E-21
    2.161519E-03    3.000000E-01    4.000000E-01    8.080808E+00   -4.904900E-21
    2.161519E-03    3.000000E-01    4.000000E-01    8.181818E+00   -4.438249E-21
    2.161519E-03    3.000000E-01    4.000000E-01    8.282828E+00   -3.971598E-21
    2.161519E-03    3.000000E-01    4.000000E-01    8.383838E+00   -3.504948E-21
    2.161519E-03    3.000000E-01    4.000000E-01    8.484848E+00   -3.038297E-21
    2.161519E-03    3.000000E-01    4.000000E-01    8.585859E+00   -2.571646E-21
    2.161519E-03    3.000000E-01    4.000000E-01    8.686869E+00   -2.104995E-21
    2.161519E-03    3.000000E-01    4.000000E-01    8.787879E+00   -1.638344E-21
    2.161519E-03    3.000000E-01    4.000000E-01    8.888889E+00   -1.171694E-21
    2.161519E-03    3.000000E-01    4.000000E-01    8.989899E+00   -7.050429E-22
    2.161519E-03    3.000000E-01    4.000000E-01    9.090909E+00   -2.383922E-22
    2.161519E-03    3.000000E-01    4.000000E-01    9.191919E+00   -4.795727E-33
    2.161519E-03    3.000000E-01    4.000000E-01    9.292929E+00   -5.130270E-33
    2.161519E-03    3.000000E-01    4.000000E-01    9.393939E+00   -5.464814E-33
    2.161519E-03    3.000000E-01    4.000000E-01    9.494949E+00   -5.799357E-33
    2.161519E-03    3.000000E-01    4.000000E-01    9.595960E+00   -6.133900E-33
    2.161519E-03    3.000000E-01    4.000000E-01    9.696970E+00   -6.468444E-33
    2.161519E-03    3.000000E-01    4.000000E-01    9.797980E+00   -6.802987E-33
    2.161519E-03    3.000000E-01    4.000000E-01    9.898990E+00   -7.137530E-33
    2.161519E-03    3.000000E-01    4.000000E-01    1.000000E+01   -7.472074E-33

    2.161519E-03    4.000000E-01    4.000000E-01    0.000000E+00    1.351011E+00
    2.161519E-03    4.000000E-01    4.000000E-01    1.010101E-01    1.343017E+00
    2.161519E-03    4.000000E-01    4.000000E-01    2.020202E-01    1.319320E+00
    2.161519E-03    4.000000E-01    4.000000E-01    3.030303E-01    1.280753E+00
    2.161519E-03    4.000000E-01    4.000000E-01    4.040404E-01    1.228664E+00
    2.161519E-03    4.000000E-01    4.000000E-01    5.050505E-01    1.164816E+00
    2.161519E-03    4.000000E-01    4.000000E-01    6.060606E-01    1.091187E+00
    2.161519E-03    4.000000E-01    4.000000E-01    7.070707E-01    1.009858E+00
    2.161519E-03    4.000000E-01    4.000000E-01    8.080808E-01    9.226534E-01
    2.161519E-03    4.000000E-01    4.000000E-01    9.090909E-01    8.312555E-01
    2.161519E-03    4.000000E-01    4.000000E-01    1.010101E+00    7.369580E-01
    2.161519E-03    4.000000E-01    4.000000E-01    1.111111E+00    6.408190E-01
    2.161519E-03    4.000000E-01    4.000000E-01    1.212121E+00    5.437586E-01
    2.161519E-03    4.000000E-01    4.000000E-01    1.313131E+00    4.464415E-01
    2.161519E-03    4.000000E-01    4.000000E-01    1.414141E+00    3.493908E-01
    2.161519E-03    4.000000E-01    4.000000E-01    1.515152E+00    2.530943E-01
    2.161519E-03    4.000000E-01    4.000000E-01    1.616162E+00    1.579888E-01
    2.161519E-03    4.000000E-01    4.000000E-01    1.717172E+00    6.450265E-02
    2.161519E-03    4.000000E-01    4.000000E-01    1.818182E+00   -2.640415E-02
    2.161519E-03    4.000000E-01    4.000000E-01    1.919192E+00   -1.137685E-01
    2.161519E-03    4.000000E-01    4.000000E-01    2.020202E+00   -1.956104E-01
    2.161519E-03    4.000000E-01    4.000000E-01    2.121212E+00   -2.638665E-01
    2.161519E-03    4.000000E-01    4.000000E-01    2.222222E+00   -3.218862E-01
    2.161519E-03    4.000000E-01    4.000000E-01    2.323232E+00   -3.799059E-01
    2.161519E-03    4.000000E-01    4.000000E-01    2.424242E+00   -4.126886E-01
    2.161519E-03    4.000000E-01    4.000000E-01    2.525253E+00   -4.129487E-01
    2.161519E-03    4.000000E-01    4.000000E-01    2.626263E+00   -4.132088E-01
    2.161519E-03    4.000000E-01    4.000000E-01    2.727273E+00   -4.134689E-01
    2.161519E-03    4.000000E-01    4.000000E-01    2.828283E+00   -4.137290E-01
    2.161519E-03    4.000000E-01    4.000000E-01    2.929293E+00   -4.138680E-01
    2.161519E-03    4.000000E-01    4.000000E-01    3.030303E+00   -3.694836E-01
    2.161519E-03    4.000000E-01    4.000000E-01    3.131313E+00   -3.250991E-01
    2.161519E-03    4.000000E-01    4.000000E-01    3.232323E+00   -2.807147E-01
    2.161519E-03    4.000000E-01    4.000000E-01    3.333333E+00   -2.363302E-01
    2.161519E-03    4.000000E-01    4.000000E-01    3.434343E+00   -1.919458E-01
    2.161519E-03    4.000000E-01    4.000000E-01    3.535354E+00   -1.475613E-01
    2.161519E-03    4.000000E-01    4.000000E-01    3.636364E+00   -1.031769E-01
    2.161519E-03    4.000000E-01    4.000000E-01    3.737374E+00   -6.792300E-02
    2.161519E-03    4.000000E-01    4.000000E-01    3.838384E+00   -6.098839E-02
    2.161519E-03    4.000000E-01    4.000000E-01    3.939394E+00   -5.405378E-02
    2.161519E-03    4.000000E-01    4.000000E-01    4.040404E+00   -4.711917E-02
    2.161519E-03    4.000000E-01    4.000000E-01    4.141414E+00   -4.018455E-02
    2.161519E-03    4.000000E-01    4.000000E-01    4.242424E+00   -3.324994E-02
    2.161519E-03    4.000000E-01    4.000000E-01    4.343434E+00   -2.631533E-02
    2.161519E-03    4.000000E-01    4.000000E-01    4.444444E+00   -1.938072E-02
    2.161519E-03    4.000000E-01    4.000000E-01    4.545455E+00   -1.244611E-02
    2.161519E-03    4.000000E-01    4.000000E-01    4.646465E+00   -5.511495E-03
    2.161519E-03    4.000000E-01    4.000000E-01    4.747475E+00   -1.058603E-04
    2.161519E-03    4.000000E-01    4.000000E-01    4.848485E+00   -9.706674E-05
    2.161519E-03    4.000000E-01    4.000000E-01    4.949495E+00   -8.827318E-05
    2.161519E-03    4.000000E-01    4.000000E-01    5.050505E+00   -7.947962E-05
    2.161519E-03    4.000000E-01    4.000000E-01    5.151515E+00   -7.068606E-05
    2.161519E-03    4.000000E-01    4.000000E-01    5.252525E+00   -6.189250E-05
    2.161519E-03    4.000000E-01    4.000000E-01    5.353535E+00   -5.309894E-05
    2.161519E-03    4.000000E-01    4.000000E-01    5.454545E+00   -4.430538E-05
    2.161519E-03    4.000000E-01    4.000000E-01    5.555556E+00   -3.551182E-05
    2.161519E-03    4.000000E-01    4.000000E-01    5.656566E+00   -2.671826E-05
    2.161519E-03    4.000000E-01    4.000000E-01    5.757576E+00   -1.792470E-05
    2.161519E-03    4.000000E-01    4.000000E-01    5.858586E+00   -9.131136E-06
    2.161519E-03    4.000000E-01    4.000000E-01    5.959596E+00   -3.375762E-07
    2.161519E-03    4.000000E-01    4.000000E-01    6.060606E+00   -3.579777E-11
    2.161519E-03    4.000000E-01    4.000000E-01    6.161616E+00   -3.315981E-11
    2.161519E-03    4.000000E-01    4.000000E-01    6.262626E+00   -3.052186E-11
    2.161519E-03    4.000000E-01    4.000000E-01    6.363636E+00   -2.788390E-11
    2.161519E-03    4.000000E-01    4.000000E-01    6.464646E+00   -2.524595E-11
    2.161519E-03    4.000000E-01    4.000000E-01    6.565657E+00   -2.260799E-11
    2.161519E-03    4.000000E-01    4.000000E-01    6.666667E+00   -1.997003E-11
    2.161519E-03    4.000000E-01    4.000000E-01    6.767677E+00   -1.733208E-11
    2.161519E-03    4.000000E-01    4.000000E-01    6.868687E+00   -1.469412E-11
    2.161519E-03    4.000000E-01    4.000000E-01    6.969697E+00   -1.205617E-11
    2.161519E-03    4.000000E-01    4.000000E-01    7.070707E+00   -9.418214E-12
    2.161519E-03    4.000000E-01    4.000000E-01    7.171717E+00   -6.780259E-12
    2.161519E-03    4.000000E-01    4.000000E-01    7.272727E+00   -4.142303E-12
    2.161519E-03    4.000000E-01    4.000000E-01    7.373737E+00   -1.504348E-12
    2.161519E-03    4.000000E-01    4.000000E-01    7.474747E+00   -7.368216E-21
    2.161519E-03    4.000000E-01    4.000000E-01    7.575758E+00   -6.921951E-21
    2.161519E-03    4.000000E-01    4.000000E-01    7.676768E+00   -6.475686E-21
    2.161519E-03    4.000000E-01    4.000000E-01    7.777778E+00   -6.029421E-21
    2.161519E-03    4.000000E-01    4.000000E-01    7.878788E+00   -5.583156E-21
    2.161519E-03    4.000000E-01    4.000000E-01    7.979798E+00   -5.136891E-21
    2.161519E-03    4.000000E-01    4.000000E-01    8.080808E+00   -4.690626E-21
    2.161519E-03    4.000000E-01    4.000000E-01    8.181818E+00   -4.244362E-21
    2.161519E-03    4.000000E-01    4.000000E-01    8.282828E+00   -3.798097E-21
    2.161519E-03    4.000000E-01    4.000000E-01    8.383838E+00   -3.351832E-21
    2.161519E-03    4.000000E-01    4.000000E-01    8.484848E+00   -2.905567E-21
    2.161519E-03    4.000000E-01    4.000000E-01    8.585859E+00   -2.459302E-21
    2.161519E-03    4.000000E-01    4.000000E-01    8.686869E+00   -2.013037E-21
    2.161519E-03    4.000000E-01    4.000000E-01    8.787879E+00   -1.566772E-21
    2.161519E-03    4.000000E-01    4.000000E-01    8.888889E+00   -1.120508E-21
    2.161519E-03    4.000000E-01    4.000000E-01    8.989899E+00   -6.742427E-22
    2.161519E-03    4.000000E-01    4.000000E-01    9.090909E+00   -2.279779E-22
    2.161519E-03    4.000000E-01    4.000000E-01    9.191919E+00   -4.591492E-33
    2.161519E-03    4.000000E-01    4.000000E-01    9.292929E+00   -4.911785E-33
    2.161519E-03    4.000000E-01    4.000000E-01    9.393939E+00   -5.232078E-33
    2.161519E-03    4.000000E-01    4.000000E-01    9.494949E+00   -5.552370E-33
    2.161519E-03    4.000000E-01    4.000000E-01    9.595960E+00   -5.872663E-33
    2.161519E-03    4.000000E-01    4.000000E-01    9.696970E+00   -6.192956E-33
    2.161519E-03    4.000000E-01    4.000000E-01    9.797980E+00   -6.513249E-33
    2.161519E-03    4.000000E-01    4.000000E-01    9.898990E+00   -6.833542E-33
    2.161519E-03    4.000000E-01    4.000000E-01    1.000000E+01   -7.153835E-33

    2.161519E-03    5.000000E-01    4.000000E-01    0.000000E+00    1.229041E+00
    2.161519E-03    5.000000E-01    4.000000E-01    1.010101E-01    1.221778E+00
    2.161519E-03    5.000000E-01    4.000000E-01    2.020202E-01    1.200249E+00
    2.161519E-03    5.000000E-01    4.000000E-01    3.030303E-01    1.165207E+00
    2.161519E-03    5.000000E-01    4.000000E-01    4.040404E-01    1.117871E+00
    2.161519E-03    5.000000E-01    4.000000E-01    5.050505E-01    1.059837E+00
    2.161519E-03    5.000000E-01    4.000000E-01    6.060606E-01    9.928977E-01
    2.161519E-03    5.000000E-01    4.000000E-01    7.070707E-01    9.189414E-01
    2.161519E-03    5.000000E-01    4.000000E-01    8.080808E-01    8.396273E-01
    2.161519E-03    5.000000E-01    4.000000E-01    9.090909E-01    7.564859E-01
    2.161519E-03    5.000000E-01    4.000000E-01    1.010101E+00    6.706968E-01
    2.161519E-03    5.000000E-01    4.000000E-01    1.111111E+00    5.832243E-01
    2.161519E-03    5.000000E-01    4.000000E-01    1.212121E+00    4.949073E-01
    2.161519E-03    5.000000E-01    4.000000E-01    1.313131E+00    4.063516E-01
    2.161519E-03    5.000000E-01    4.000000E-01    1.414141E+00    3.180338E-01
    2.161519E-03    5.000000E-01    4.000000E-01    1.515152E+00    2.303977E-01
    2.161519E-03    5.000000E-01    4.000000E-01    1.616162E+00    1.438409E-01
    2.161519E-03    5.000000E-01    4.000000E-01    1.717172E+00    5.875364E-02
    2.161519E-03    5.000000E-01    4.000000E-01    1.818182E+00   -2.399082E-02
    2.161519E-03    5.000000E-01    4.000000E-01    1.919192E+00   -1.035153E-01
    2.161519E-03    5.000000E-01    4.000000E-01    2.020202E+00   -1.780171E-01
    2.161519E-03    5.000000E-01    4.000000E-01    2.121212E+00   -2.401565E-01
    2.161519E-03    5.000000E-01    4.000000E-01    2.222222E+00   -2.929804E-01
    2.161519E-03    5.000000E-01    4.000000E-01    2.323232E+00   -3.458042E-01
    2.161519E-03    5.000000E-01    4.000000E-01    2.424242E+00   -3.756547E-01
    2.161519E-03    5.000000E-01    4.000000E-01    2.525253E+00   -3.758997E-01
    2.161519E-03    5.000000E-01    4.000000E-01    2.626263E+00   -3.761447E-01
    2.161519E-03    5.000000E-01    4.000000E-01    2.727273E+00   -3.763898E-01
    2.161519E-03    5.000000E-01    4.000000E-01    2.828283E+00   -3.766348E-01
    2.161519E-03    5.000000E-01    4.000000E-01    2.929293E+00   -3.767696E-01
    2.161519E-03    5.000000E-01    4.000000E-01    3.030303E+00   -3.363642E-01
    2.161519E-03    5.000000E-01    4.000000E-01    3.131313E+00   -2.959587E-01
    2.161519E-03    5.000000E-01    4.000000E-01    3.232323E+00   -2.555533E-01
    2.161519E-03    5.000000E-01    4.000000E-01    3.333333E+00   -2.151479E-01
    2.161519E-03    5.000000E-01    4.000000E-01    3.434343E+00   -1.747425E-01
    2.161519E-03    5.000000E-01    4.000000E-01    3.535354E+00   -1.343371E-01
    2.161519E-03    5.000000E-01    4.000000E-01    3.636364E+00   -9.393170E-02
    2.161519E-03    5.000000E-01    4.000000E-01    3.737374E+00   -6.183818E-02
    2.161519E-03    5.000000E-01    4.000000E-01    3.838384E+00   -5.552480E-02
    2.161519E-03    5.000000E-01    4.000000E-01    3.939394E+00   -4.921142E-02
    2.161519E-03    5.000000E-01    4.000000E-01    4.040404E+00   -4.289804E-02
    2.161519E-03    5.000000E-01    4.000000E-01    4.141414E+00   -3.658466E-02
    2.161519E-03    5.000000E-01    4.000000E-01    4.242424E+00   -3.027128E-02
    2.161519E-03    5.000000E-01    4.000000E-01    4.343434E+00   -2.395790E-02
    2.161519E-03    5.000000E-01    4.000000E-01    4.444444E+00   -1.764452E-02
    2.161519E-03    5.000000E-01    4.000000E-01    4.545455E+00   -1.133113E-02
    2.161519E-03    5.000000E-01    4.000000E-01    4.646465E+00   -5.017754E-03
    2.161519E-03    5.000000E-01    4.000000E-01    4.747475E+00   -9.637723E-05
    2.161519E-03    5.000000E-01    4.000000E-01    4.848485E+00   -8.837141E-05
    2.161519E-03    5.000000E-01    4.000000E-01    4.949495E+00   -8.036558E-05
    2.161519E-03    5.000000E-01    4.000000E-01    5.050505E+00   -7.235976E-05
    2.161519E-03    5.000000E-01    4.000000E-01    5.151515E+00   -6.435393E-05
    2.161519E-03    5.000000E-01    4.000000E-01    5.252525E+00   -5.634811E-05
    2.161519E-03    5.000000E-01    4.000000E-01    5.353535E+00   -4.834229E-05
    2.161519E-03    5.000000E-01    4.000000E-01    5.454545E+00   -4.033646E-05
    2.161519E-03    5.000000E-01    4.000000E-01    5.555556E+00   -3.233064E-05
    2.161519E-03    5.000000E-01    4.000000E-01    5.656566E+00   -2.432481E-05
    2.161519E-03    5.000000E-01    4.000000E-01    5.757576E+00   -1.631899E-05
    2.161519E-03    5.000000E-01    4.000000E-01    5.858586E+00   -8.313161E-06
    2.161519E-03    5.000000E-01    4.000000E-01    5.959596E+00   -3.073358E-07
    2.161519E-03    5.000000E-01    4.000000E-01    6.060606E+00   -3.254465E-11
    2.161519E-03    5.000000E-01    4.000000E-01    6.161616E+00   -3.014642E-11
    2.161519E-03    5.000000E-01    4.000000E-01    6.262626E+00   -2.774819E-11
    2.161519E-03    5.000000E-01    4.000000E-01    6.363636E+00   -2.534996E-11
    2.161519E-03    5.000000E-01    4.000000E-01    6.464646E+00   -2.295173E-11
    2.161519E-03    5.000000E-01    4.000000E-01    6.565657E+00   -2.055349E-11
    2.161519E-03    5.000000E-01    4.000000E-01    6.666667E+00   -1.815526E-11
    2.161519E-03    5.000000E-01    4.000000E-01    6.767677E+00   -1.575703E-11
    2.161519E-03    5.000000E-01    4.000000E-01    6.868687E+00   -1.335880E-11
    2.161519E-03    5.000000E-01    4.000000E-01    6.969697E+00   -1.096057E-11
    2.161519E-03    5.000000E-01    4.000000E-01    7.070707E+00   -8.562336E-12
    2.161519E-03    5.000000E-01    4.000000E-01    7.171717E+00   -6.164104E-12
    2.161519E-03    5.000000E-01    4.000000E-01    7.272727E+00   -3.765873E-12
    2.161519E-03    5.000000E-01    4.000000E-01    7.373737E+00   -1.367641E-12
    2.161519E-03    5.000000E-01    4.000000E-01    7.474747E+00   -6.699865E-21
    2.161519E-03    5.000000E-01    4.000000E-01    7.575758E+00   -6.294080E-21
    2.161519E-03    5.000000E-01    4.000000E-01    7.676768E+00   -5.888295E-21
    2.161519E-03    5.000000E-01    4.000000E-01    7.777778E+00   -5.482509E-21
    2.161519E-03    5.000000E-01    4.000000E-01    7.878788E+00   -5.076724E-21
    2.161519E-03    5.000000E-01    4.000000E-01    7.979798E+00   -4.670938E-21
    2.161519E-03    5.000000E-01    4.000000E-01    8.080808E+00   -4.265153E-21
    2.161519E-03    5.000000E-01    4.000000E-01    8.181818E+00   -3.859367E-21
    2.161519E-03    5.000000E-01    4.000000E-01    8.282828E+00   -3.453582E-21
    2.161519E-03    5.000000E-01    4.000000E-01    8.383838E+00   -3.047797E-21
    2.161519E-03    5.000000E-01    4.000000E-01    8.484848E+00   -2.642011E-21
    2.161519E-03    5.000000E-01    4.000000E-01    8.585859E+00   -2.236226E-21
    2.161519E-03    5.000000E-01    4.000000E-01    8.686869E+00   -1.830440E-21
    2.161519E-03    5.000000E-01    4.000000E-01    8.787879E+00   -1.424655E-21
    2.161519E-03    5.000000E-01    4.000000E-01    8.888889E+00   -1.018869E-21
    2.161519E-03    5.000000E-01    4.000000E-01    8.989899E+00   -6.130840E-22
    2.161519E-03    5.000000E-01    4.000000E-01    9.090909E+00   -2.072986E-22
    2.161519E-03    5.000000E-01    4.000000E-01    9.191919E+00   -4.180016E-33
    2.161519E-03    5.000000E-01    4.000000E-01    9.292929E+00   -4.471601E-33
    2.161519E-03    5.000000E-01    4.000000E-01    9.393939E+00   -4.763185E-33
    2.161519E-03    5.000000E-01    4.000000E-01    9.494949E+00   -5.054769E-33
    2.161519E-03    5.000000E-01    4.000000E-01    9.595960E+00   -5.346353E-33
    2.161519E-03    5.000000E-01    4.000000E-01    9.696970E+00   -5.637938E-33
    2.161519E-03    5.000000E-01    4.000000E-01    9.797980E+00   -5.929522E-33
    2.161519E-03    5.000000E-01    4.000000E-01    9.898990E+00   -6.221106E-33
    2.161519E-03    5.000000E-01    4.000000E-01    1.000000E+01   -6.512690E-33

    2.161519E-03    6.000000E-01    4.000000E-01    0.000000E+00    1.014946E+00
    2.161519E-03    6.000000E-01    4.000000E-01    1.010101E-01    1.008959E+00
    2.161519E-03    6.000000E-01    4.000000E-01    2.020202E-01    9.912124E-01
    2.161519E-03    6.000000E-01    4.000000E-01    3.030303E-01    9.623223E-01
    2.161519E-03    6.000000E-01    4.000000E-01    4.040404E-01    9.232881E-01
    2.161519E-03    6.000000E-01    4.000000E-01    5.050505E-01    8.754190E-01
    2.161519E-03    6.000000E-01    4.000000E-01    6.060606E-01    8.201877E-01
    2.161519E-03    6.000000E-01    4.000000E-01    7.070707E-01    7.591483E-01
    2.161519E-03    6.000000E-01    4.000000E-01    8.080808E-01    6.936698E-01
    2.161519E-03    6.000000E-01    4.000000E-01    9.090909E-01    6.250174E-01
    2.161519E-03    6.000000E-01    4.000000E-01    1.010101E+00    5.541673E-01
    2.161519E-03    6.000000E-01    4.000000E-01    1.111111E+00    4.819179E-01
    2.161519E-03    6.000000E-01    4.000000E-01    1.212121E+00    4.089642E-01
    2.161519E-03    6.000000E-01    4.000000E-01    1.313131E+00    3.358075E-01
    2.161519E-03    6.000000E-01    4.000000E-01    1.414141E+00    2.628422E-01
    2.161519E-03    6.000000E-01    4.000000E-01    1.515152E+00    1.904349E-01
    2.161519E-03    6.000000E-01    4.000000E-01    1.616162E+00    1.189143E-01
    2.161519E-03    6.000000E-01    4.000000E-01    1.717172E+00    4.860309E-02
    2.161519E-03    6.000000E-01    4.000000E-01    1.818182E+00   -1.977754E-02
    2.161519E-03    6.000000E-01    4.000000E-01    1.919192E+00   -8.550198E-02
    2.161519E-03    6.000000E-01    4.000000E-01    2.020202E+00   -1.470802E-01
    2.161519E-03    6.000000E-01    4.000000E-01    2.121212E+00   -1.984461E-01
    2.161519E-03    6.000000E-01    4.000000E-01    2.222222E+00   -2.421155E-01
    2.161519E-03    6.000000E-01    4.000000E-01    2.323232E+00   -2.857848E-01
    2.161519E-03    6.000000E-01    4.000000E-01    2.424242E+00   -3.104662E-01
    2.161519E-03    6.000000E-01    4.000000E-01    2.525253E+00   -3.106780E-01
    2.161519E-03    6.000000E-01    4.000000E-01    2.626263E+00   -3.108898E-01
    2.161519E-03    6.000000E-01    4.000000E-01    2.727273E+00   -3.111017E-01
    2.161519E-03    6.000000E-01    4.000000E-01    2.828283E+00   -3.113135E-01
    2.161519E-03    6.000000E-01    4.000000E-01    2.929293E+00   -3.114342E-01
    2.161519E-03    6.000000E-01    4.000000E-01    3.030303E+00   -2.780360E-01
    2.161519E-03    6.000000E-01    4.000000E-01    3.131313E+00   -2.446378E-01
    2.161519E-03    6.000000E-01    4.000000E-01    3.232323E+00   -2.112396E-01
    2.161519E-03    6.000000E-01    4.000000E-01    3.333333E+00   -1.778414E-01
    2.161519E-03    6.000000E-01    4.000000E-01    3.434343E+00   -1.444433E-01
    2.161519E-03    6.000000E-01    4.000000E-01    3.535354E+00   -1.110451E-01
    2.161519E-03    6.000000E-01    4.000000E-01    3.636364E+00   -7.764689E-02
    2.161519E-03    6.000000E-01    4.000000E-01    3.737374E+00   -5.111899E-02
    2.161519E-03    6.000000E-01    4.000000E-01    3.838384E+00   -4.589999E-02
    2.161519E-03    6.000000E-01    4.000000E-01    3.939394E+00   -4.068099E-02
    2.161519E-03    6.000000E-01    4.000000E-01    4.040404E+00   -3.546198E-02
    2.161519E-03    6.000000E-01    4.000000E-01    4.141414E+00   -3.024298E-02
    2.161519E-03    6.000000E-01    4.000000E-01    4.242424E+00   -2.502398E-02
    2.161519E-03    6.000000E-01    4.000000E-01    4.343434E+00   -1.980497E-02
    2.161519E-03    6.000000E-01    4.000000E-01    4.444444E+00   -1.458597E-02
    2.161519E-03    6.000000E-01    4.000000E-01    4.545455E+00   -9.366967E-03
    2.161519E-03    6.000000E-01    4.000000E-01    4.646465E+00   -4.147963E-03
    2.161519E-03    6.000000E-01    4.000000E-01    4.747475E+00   -7.967074E-05
    2.161519E-03    6.000000E-01    4.000000E-01    4.848485E+00   -7.305268E-05
    2.161519E-03    6.000000E-01    4.000000E-01    4.949495E+00   -6.643463E-05
    2.161519E-03    6.000000E-01    4.000000E-01    5.050505E+00   -5.981657E-05
    2.161519E-03    6.000000E-01    4.000000E-01    5.151515E+00   -5.319851E-05
    2.161519E-03    6.000000E-01    4.000000E-01    5.252525E+00   -4.658046E-05
    2.161519E-03    6.000000E-01    4.000000E-01    5.353535E+00   -3.996240E-05
    2.161519E-03    6.000000E-01    4.000000E-01    5.454545E+00   -3.334434E-05
    2.161519E-03    6.000000E-01    4.000000E-01    5.555556E+00   -2.672629E-05
    2.161519E-03    6.000000E-01    4.000000E-01    5.656566E+00   -2.010823E-05
    2.161519E-03    6.000000E-01    4.000000E-01    5.757576E+00   -1.349017E-05
    2.161519E-03    6.000000E-01    4.000000E-01    5.858586E+00   -6.872117E-06
    2.161519E-03    6.000000E-01    4.000000E-01    5.959596E+00   -2.540606E-07
    2.161519E-03    6.000000E-01    4.000000E-01    6.060606E+00   -2.682288E-11
    2.161519E-03    6.000000E-01    4.000000E-01    6.161616E+00   -2.484628E-11
    2.161519E-03    6.000000E-01    4.000000E-01    6.262626E+00   -2.286969E-11
    2.161519E-03    6.000000E-01    4.000000E-01    6.363636E+00   -2.089310E-11
    2.161519E-03    6.000000E-01    4.000000E-01    6.464646E+00   -1.891651E-11
    2.161519E-03    6.000000E-01    4.000000E-01    6.565657E+00   -1.693992E-11
    2.161519E-03    6.000000E-01    4.000000E-01    6.666667E+00   -1.496333E-11
    2.161519E-03    6.000000E-01    4.000000E-01    6.767677E+00   -1.298674E-11
    2.161519E-03    6.000000E-01    4.000000E-01    6.868687E+00   -1.101015E-11
    2.161519E-03    6.000000E-01    4.000000E-01    6.969697E+00   -9.033556E-12
    2.161519E-03    6.000000E-01    4.000000E-01    7.070707E+00   -7.056965E-12
    2.161519E-03    6.000000E-01    4.000000E-01    7.171717E+00   -5.080374E-12
    2.161519E-03    6.000000E-01    4.000000E-01    7.272727E+00   -3.103783E-12
    2.161519E-03    6.000000E-01    4.000000E-01    7.373737E+00   -1.127192E-12
    2.161519E-03    6.000000E-01    4.000000E-01    7.474747E+00   -5.524635E-21
    2.161519E-03    6.000000E-01    4.000000E-01    7.575758E+00   -5.190029E-21
    2.161519E-03    6.000000E-01    4.000000E-01    7.676768E+00   -4.855422E-21
    2.161519E-03    6.000000E-01    4.000000E-01    7.777778E+00   -4.520816E-21
    2.161519E-03    6.000000E-01    4.000000E-01    7.878788E+00   -4.186210E-21
    2.161519E-03    6.000000E-01    4.000000E-01    7.979798E+00   -3.851604E-21
    2.161519E-03    6.000000E-01    4.000000E-01    8.080808E+00   -3.516998E-21
    2.161519E-03    6.000000E-01    4.000000E-01    8.181818E+00   -3.182392E-21
    2.161519E-03    6.000000E-01    4.000000E-01    8.282828E+00   -2.847785E-21
    2.161519E-03    6.000000E-01    4.000000E-01    8.383838E+00   -2.513179E-21
    2.161519E-03    6.000000E-01    4.000000E-01    8.484848E+00   -2.178573E-21
    2.161519E-03    6.000000E-01    4.000000E-01    8.585859E+00   -1.843967E-21
    2.161519E-03    6.000000E-01    4.000000E-01    8.686869E+00   -1.509361E-21
    2.161519E-03    6.000000E-01    4.000000E-01    8.787879E+00   -1.174755E-21
    2.161519E-03    6.000000E-01    4.000000E-01    8.888889E+00   -8.401485E-22
    2.161519E-03    6.000000E-01    4.000000E-01    8.989899E+00   -5.055423E-22
    2.161519E-03    6.000000E-01    4.000000E-01    9.090909E+00   -1.709361E-22
    2.161519E-03    6.000000E-01    4.000000E-01    9.191919E+00   -3.455278E-33
    2.161519E-03    6.000000E-01    4.000000E-01    9.292929E+00   -3.696301E-33
    2.161519E-03    6.000000E-01    4.000000E-01    9.393939E+00   -3.937324E-33
    2.161519E-03    6.000000E-01    4.000000E-01    9.494949E+00   -4.178347E-33
    2.161519E-03    6.000000E-01    4.000000E-01    9.595960E+00   -4.419370E-33
    2.161519E-03    6.000000E-01    4.000000E-01    9.696970E+00   -4.660394E-33
    2.161519E-03    6.000000E-01    4.000000E-01    9.797980E+00   -4.901417E-33
    2.161519E-03    6.000000E-01    4.000000E-01    9.898990E+00   -5.142440E-33
    2.161519E-03    6.000000E-01    4.000000E-01    1.000000E+01   -5.383463E-33

    2.161519E-03    7.000000E-01    4.000000E-01    0.000000E+00    6.103161E-01
    2.161519E-03    7.000000E-01    4.000000E-01    1.010101E-01    6.067244E-01
    2.161519E-03    7.000000E-01    4.000000E-01    2.020202E-01    5.960755E-01
    2.161519E-03    7.000000E-01    4.000000E-01    3.030303E-01    5.787373E-01
    2.161519E-03    7.000000E-01    4.000000E-01    4.040404E-01    5.553053E-01
    2.161519E-03    7.000000E-01    4.000000E-01    5.050505E-01    5.265603E-01
    2.161519E-03    7.000000E-01    4.000000E-01    6.060606E-01    4.933822E-01
    2.161519E-03    7.000000E-01    4.000000E-01    7.070707E-01    4.567022E-01
    2.161519E-03    7.000000E-01    4.000000E-01    8.080808E-01    4.173423E-01
    2.161519E-03    7.000000E-01    4.000000E-01    9.090909E-01    3.760643E-01
    2.161519E-03    7.000000E-01    4.000000E-01    1.010101E+00    3.334566E-01
    2.161519E-03    7.000000E-01    4.000000E-01    1.111111E+00    2.900009E-01
    2.161519E-03    7.000000E-01    4.000000E-01    1.212121E+00    2.461166E-01
    2.161519E-03    7.000000E-01    4.000000E-01    1.313131E+00    2.021058E-01
    2.161519E-03    7.000000E-01    4.000000E-01    1.414141E+00    1.582065E-01
    2.161519E-03    7.000000E-01    4.000000E-01    1.515152E+00    1.146392E-01
    2.161519E-03    7.000000E-01    4.000000E-01    1.616162E+00    7.160164E-02
    2.161519E-03    7.000000E-01    4.000000E-01    1.717172E+00    2.928827E-02
    2.161519E-03    7.000000E-01    4.000000E-01    1.818182E+00   -1.186718E-02
    2.161519E-03    7.000000E-01    4.000000E-01    1.919192E+00   -5.142753E-02
    2.161519E-03    7.000000E-01    4.000000E-01    2.020202E+00   -8.849576E-02
    2.161519E-03    7.000000E-01    4.000000E-01    2.121212E+00   -1.194206E-01
    2.161519E-03    7.000000E-01    4.000000E-01    2.222222E+00   -1.457145E-01
    2.161519E-03    7.000000E-01    4.000000E-01    2.323232E+00   -1.720085E-01
    2.161519E-03    7.000000E-01    4.000000E-01    2.424242E+00   -1.868725E-01
    2.161519E-03    7.000000E-01    4.000000E-01    2.525253E+00   -1.870068E-01
    2.161519E-03    7.000000E-01    4.000000E-01    2.626263E+00   -1.871411E-01
    2.161519E-03    7.000000E-01    4.000000E-01    2.727273E+00   -1.872755E-01
    2.161519E-03    7.000000E-01    4.000000E-01    2.828283E+00   -1.874098E-01
    2.161519E-03    7.000000E-01    4.000000E-01    2.929293E+00   -1.874893E-01
    2.161519E-03    7.000000E-01    4.000000E-01    3.030303E+00   -1.673833E-01
    2.161519E-03    7.000000E-01    4.000000E-01    3.131313E+00   -1.472774E-01
    2.161519E-03    7.000000E-01    4.000000E-01    3.232323E+00   -1.271714E-01
    2.161519E-03    7.000000E-01    4.000000E-01    3.333333E+00   -1.070655E-01
    2.161519E-03    7.000000E-01    4.000000E-01    3.434343E+00   -8.695956E-02
    2.161519E-03    7.000000E-01    4.000000E-01    3.535354E+00   -6.685362E-02
    2.161519E-03    7.000000E-01    4.000000E-01    3.636364E+00   -4.674768E-02
    2.161519E-03    7.000000E-01    4.000000E-01    3.737374E+00   -3.077761E-02
    2.161519E-03    7.000000E-01    4.000000E-01    3.838384E+00   -2.763537E-02
    2.161519E-03    7.000000E-01    4.000000E-01    3.939394E+00   -2.449312E-02
    2.161519E-03    7.000000E-01    4.000000E-01    4.040404E+00   -2.135087E-02
    2.161519E-03    7.000000E-01    4.000000E-01    4.141414E+00   -1.820863E-02
    2.161519E-03    7.000000E-01    4.000000E-01    4.242424E+00   -1.506638E-02
    2.161519E-03    7.000000E-01    4.000000E-01    4.343434E+00   -1.192413E-02
    2.161519E-03    7.000000E-01    4.000000E-01    4.444444E+00   -8.781888E-03
    2.161519E-03    7.000000E-01    4.000000E-01    4.545455E+00   -5.639642E-03
    2.161519E-03    7.000000E-01    4.000000E-01    4.646465E+00   -2.497396E-03
    2.161519E-03    7.000000E-01    4.000000E-01    4.747475E+00   -4.796716E-05
    2.161519E-03    7.000000E-01    4.000000E-01    4.848485E+00   -4.398264E-05
    2.161519E-03    7.000000E-01    4.000000E-01    4.949495E+00   -3.999813E-05
    2.161519E-03    7.000000E-01    4.000000E-01    5.050505E+00   -3.601361E-05
    2.161519E-03    7.000000E-01    4.000000E-01    5.151515E+00   -3.202909E-05
    2.161519E-03    7.000000E-01    4.000000E-01    5.252525E+00   -2.804458E-05
    2.161519E-03    7.000000E-01    4.000000E-01    5.353535E+00   -2.406006E-05
    2.161519E-03    7.000000E-01    4.000000E-01    5.454545E+00   -2.007554E-05
    2.161519E-03    7.000000E-01    4.000000E-01    5.555556E+00   -1.609103E-05
    2.161519E-03    7.000000E-01    4.000000E-01    5.656566E+00   -1.210651E-05
    2.161519E-03    7.000000E-01    4.000000E-01    5.757576E+00   -8.121994E-06
    2.161519E-03    7.000000E-01    4.000000E-01    5.858586E+00   -4.137478E-06
    2.161519E-03    7.000000E-01    4.000000E-01    5.959596E+00   -1.529615E-07
    2.161519E-03    7.000000E-01    4.000000E-01    6.060606E+00   -1.604821E-11
    2.161519E-03    7.000000E-01    4.000000E-01    6.161616E+00   -1.486561E-11
    2.161519E-03    7.000000E-01    4.000000E-01    6.262626E+00   -1.368301E-11
    2.161519E-03    7.000000E-01    4.000000E-01    6.363636E+00   -1.250041E-11
    2.161519E-03    7.000000E-01    4.000000E-01    6.464646E+00   -1.131781E-11
    2.161519E-03    7.000000E-01    4.000000E-01    6.565657E+00   -1.013521E-11
    2.161519E-03    7.000000E-01    4.000000E-01    6.666667E+00   -8.952608E-12
    2.161519E-03    7.000000E-01    4.000000E-01    6.767677E+00   -7.770007E-12
    2.161519E-03    7.000000E-01    4.000000E-01    6.868687E+00   -6.587407E-12
    2.161519E-03    7.000000E-01    4.000000E-01    6.969697E+00   -5.404806E-12
    2.161519E-03    7.000000E-01    4.000000E-01    7.070707E+00   -4.222205E-12
    2.161519E-03    7.000000E-01    4.000000E-01    7.171717E+00   -3.039604E-12
    2.161519E-03    7.000000E-01    4.000000E-01    7.272727E+00   -1.857003E-12
    2.161519E-03    7.000000E-01    4.000000E-01    7.373737E+00   -6.744024E-13
    2.161519E-03    7.000000E-01    4.000000E-01    7.474747E+00   -3.304529E-21
    2.161519E-03    7.000000E-01    4.000000E-01    7.575758E+00   -3.104386E-21
    2.161519E-03    7.000000E-01    4.000000E-01    7.676768E+00   -2.904244E-21
    2.161519E-03    7.000000E-01    4.000000E-01    7.777778E+00   -2.704101E-21
    2.161519E-03    7.000000E-01    4.000000E-01    7.878788E+00   -2.503958E-21
    2.161519E-03    7.000000E-01    4.000000E-01    7.979798E+00   -2.303815E-21
    2.161519E-03    7.000000E-01    4.000000E-01    8.080808E+00   -2.103672E-21
    2.161519E-03    7.000000E-01    4.000000E-01    8.181818E+00   -1.903530E-21
    2.161519E-03    7.000000E-01    4.000000E-01    8.282828E+00   -1.703387E-21
    2.161519E-03    7.000000E-01    4.000000E-01    8.383838E+00   -1.503244E-21
    2.161519E-03    7.000000E-01    4.000000E-01    8.484848E+00   -1.303101E-21
    2.161519E-03    7.000000E-01    4.000000E-01    8.585859E+00   -1.102958E-21
    2.161519E-03    7.000000E-01    4.000000E-01    8.686869E+00   -9.028157E-22
    2.161519E-03    7.000000E-01    4.000000E-01    8.787879E+00   -7.026729E-22
    2.161519E-03    7.000000E-01    4.000000E-01    8.888889E+00   -5.025301E-22
    2.161519E-03    7.000000E-01    4.000000E-01    8.989899E+00   -3.023873E-22
    2.161519E-03    7.000000E-01    4.000000E-01    9.090909E+00   -1.022445E-22
    2.161519E-03    7.000000E-01    4.000000E-01    9.191919E+00   -2.080231E-33
    2.161519E-03    7.000000E-01    4.000000E-01    9.292929E+00   -2.225333E-33
    2.161519E-03    7.000000E-01    4.000000E-01    9.393939E+00   -2.370436E-33
    2.161519E-03    7.000000E-01    4.000000E-01    9.494949E+00   -2.515538E-33
    2.161519E-03    7.000000E-01    4.000000E-01    9.595960E+00   -2.660641E-33
    2.161519E-03    7.000000E-01    4.000000E-01    9.696970E+00   -2.805743E-33
    2.161519E-03    7.000000E-01    4.000000E-01    9.797980E+00   -2.950846E-33
    2.161519E-03    7.000000E-01    4.000000E-01    9.898990E+00   -3.095948E-33
    2.161519E-03    7.000000E-01    4.000000E-01    1.000000E+01   -3.241051E-33

    2.161519E-03    8.000000E-01    4.000000E-01    0.000000E+00    4.340518E-06
    2.161519E-03    8.000000E-01    4.000000E-01    1.010101E-01    4.315192E-06
    2.161519E-03    8.000000E-01    4.000000E-01    2.020202E-01    4.240093E-06
    2.161519E-03    8.000000E-01    4.000000E-01    3.030303E-01    4.117783E-06
    2.161519E-03    8.000000E-01    4.000000E-01    4.040404E-01    3.952404E-06
    2.161519E-03    8.000000E-01    4.000000E-01    5.050505E-01    3.749384E-06
    2.161519E-03    8.000000E-01    4.000000E-01    6.060606E-01    3.514848E-06
    2.161519E-03    8.000000E-01    4.000000E-01    7.070707E-01    3.255308E-06
    2.161519E-03    8.000000E-01    4.000000E-01    8.080808E-01    2.976535E-06
    2.161519E-03    8.000000E-01    4.000000E-01    9.090909E-01    2.683915E-06
    2.161519E-03    8.000000E-01    4.000000E-01    1.010101E+00    2.381622E-06
    2.161519E-03    8.000000E-01    4.000000E-01    1.111111E+00    2.073085E-06
    2.161519E-03    8.000000E-01    4.000000E-01    1.212121E+00    1.761305E-06
    2.161519E-03    8.000000E-01    4.000000E-01    1.313131E+00    1.448437E-06
    2.161519E-03    8.000000E-01    4.000000E-01    1.414141E+00    1.136187E-06
    2.161519E-03    8.000000E-01    4.000000E-01    1.515152E+00    8.261127E-07
    2.161519E-03    8.000000E-01    4.000000E-01    1.616162E+00    5.196327E-07
    2.161519E-03    8.000000E-01    4.000000E-01    1.717172E+00    2.181364E-07
    2.161519E-03    8.000000E-01    4.000000E-01    1.818182E+00   -7.530065E-08
    2.161519E-03    8.000000E-01    4.000000E-01    1.919192E+00   -3.575431E-07
    2.161519E-03    8.000000E-01    4.000000E-01    2.020202E+00   -6.221939E-07
    2.161519E-03    8.000000E-01    4.000000E-01    2.121212E+00   -8.432431E-07
    2.161519E-03    8.000000E-01    4.000000E-01    2.222222E+00   -1.031388E-06
    2.161519E-03    8.000000E-01    4.000000E-01    2.323232E+00   -1.219534E-06
    2.161519E-03    8.000000E-01    4.000000E-01    2.424242E+00   -1.326231E-06
    2.161519E-03    8.000000E-01    4.000000E-01    2.525253E+00   -1.327968E-06
    2.161519E-03    8.000000E-01    4.000000E-01    2.626263E+00   -1.329705E-06
    2.161519E-03    8.000000E-01    4.000000E-01    2.727273E+00   -1.331442E-06
    2.161519E-03    8.000000E-01    4.000000E-01    2.828283E+00   -1.333178E-06
    2.161519E-03    8.000000E-01    4.000000E-01    2.929293E+00   -1.334522E-06
    2.161519E-03    8.000000E-01    4.000000E-01    3.030303E+00   -1.191452E-06
    2.161519E-03    8.000000E-01    4.000000E-01    3.131313E+00   -1.048382E-06
    2.161519E-03    8.000000E-01    4.000000E-01    3.232323E+00   -9.053114E-07
    2.161519E-03    8.000000E-01    4.000000E-01    3.333333E+00   -7.622411E-07
    2.161519E-03    8.000000E-01    4.000000E-01    3.434343E+00   -6.191708E-07
    2.161519E-03    8.000000E-01    4.000000E-01    3.535354E+00   -4.761004E-07
    2.161519E-03    8.000000E-01    4.000000E-01    3.636364E+00   -3.330301E-07
    2.161519E-03    8.000000E-01    4.000000E-01    3.737374E+00   -2.193807E-07
    2.161519E-03    8.000000E-01    4.000000E-01    3.838384E+00   -1.969830E-07
    2.161519E-03    8.000000E-01    4.000000E-01    3.939394E+00   -1.745853E-07
    2.161519E-03    8.000000E-01    4.000000E-01    4.040404E+00   -1.521876E-07
    2.161519E-03    8.000000E-01    4.000000E-01    4.141414E+00   -1.297899E-07
    2.161519E-03    8.000000E-01    4.000000E-01    4.242424E+00   -1.073922E-07
    2.161519E-03    8.000000E-01    4.000000E-01    4.343434E+00   -8.499449E-08
    2.161519E-03    8.000000E-01    4.000000E-01    4.444444E+00   -6.259680E-08
    2.161519E-03    8.000000E-01    4.000000E-01    4.545455E+00   -4.019910E-08
    2.161519E-03    8.000000E-01    4.000000E-01    4.646465E+00   -1.780141E-08
    2.161519E-03    8.000000E-01    4.000000E-01    4.747475E+00   -3.420632E-10
    2.161519E-03    8.000000E-01    4.000000E-01    4.848485E+00   -3.136488E-10
    2.161519E-03    8.000000E-01    4.000000E-01    4.949495E+00   -2.852345E-10
    2.161519E-03    8.000000E-01    4.000000E-01    5.050505E+00   -2.568201E-10
    2.161519E-03    8.000000E-01    4.000000E-01    5.151515E+00   -2.284057E-10
    2.161519E-03    8.000000E-01    4.000000E-01    5.252525E+00   -1.999914E-10
    2.161519E-03    8.000000E-01    4.000000E-01    5.353535E+00   -1.715770E-10
    2.161519E-03    8.000000E-01    4.000000E-01    5.454545E+00   -1.431626E-10
    2.161519E-03    8.000000E-01    4.000000E-01    5.555556E+00   -1.147483E-10
    2.161519E-03    8.000000E-01    4.000000E-01    5.656566E+00   -8.633389E-11
    2.161519E-03    8.000000E-01    4.000000E-01    5.757576E+00   -5.791953E-11
    2.161519E-03    8.000000E-01    4.000000E-01    5.858586E+00   -2.950516E-11
    2.161519E-03    8.000000E-01    4.000000E-01    5.959596E+00   -1.090797E-12
    2.161519E-03    8.000000E-01    4.000000E-01    6.060606E+00   -1.133424E-16
    2.161519E-03    8.000000E-01    4.000000E-01    6.161616E+00   -1.049902E-16
    2.161519E-03    8.000000E-01    4.000000E-01    6.262626E+00   -9.663790E-17
    2.161519E-03    8.000000E-01    4.000000E-01    6.363636E+00   -8.828564E-17
    2.161519E-03    8.000000E-01    4.000000E-01    6.464646E+00   -7.993338E-17
    2.161519E-03    8.000000E-01    4.000000E-01    6.565657E+00   -7.158112E-17
    2.161519E-03    8.000000E-01    4.000000E-01    6.666667E+00   -6.322886E-17
    2.161519E-03    8.000000E-01    4.000000E-01    6.767677E+00   -5.487660E-17
    2.161519E-03    8.000000E-01    4.000000E-01    6.868687E+00   -4.652434E-17
    2.161519E-03    8.000000E-01    4.000000E-01    6.969697E+00   -3.817208E-17
    2.161519E-03    8.000000E-01    4.000000E-01    7.070707E+00   -2.981983E-17
    2.161519E-03    8.000000E-01    4.000000E-01    7.171717E+00   -2.146757E-17
    2.161519E-03    8.000000E-01    4.000000E-01    7.272727E+00   -1.311531E-17
    2.161519E-03    8.000000E-01    4.000000E-01    7.373737E+00   -4.763047E-18
    2.161519E-03    8.000000E-01    4.000000E-01    7.474747E+00   -2.320558E-26
    2.161519E-03    8.000000E-01    4.000000E-01    7.575758E+00   -2.180010E-26
    2.161519E-03    8.000000E-01    4.000000E-01    7.676768E+00   -2.039463E-26
    2.161519E-03    8.000000E-01    4.000000E-01    7.777778E+00   -1.898916E-26
    2.161519E-03    8.000000E-01    4.000000E-01    7.878788E+00   -1.758368E-26
    2.161519E-03    8.000000E-01    4.000000E-01    7.979798E+00   -1.617821E-26
    2.161519E-03    8.000000E-01    4.000000E-01    8.080808E+00   -1.477274E-26
    2.161519E-03    8.000000E-01    4.000000E-01    8.181818E+00   -1.336726E-26
    2.161519E-03    8.000000E-01    4.000000E-01    8.282828E+00   -1.196179E-26
    2.161519E-03    8.000000E-01    4.000000E-01    8.383838E+00   -1.055631E-26
    2.161519E-03    8.000000E-01    4.000000E-01    8.484848E+00   -9.150840E-27
    2.161519E-03    8.000000E-01    4.000000E-01    8.585859E+00   -7.745366E-27
    2.161519E-03    8.000000E-01    4.000000E-01    8.686869E+00   -6.339893E-27
    2.161519E-03    8.000000E-01    4.000000E-01    8.787879E+00   -4.934419E-27
    2.161519E-03    8.000000E-01    4.000000E-01    8.888889E+00   -3.528945E-27
    2.161519E-03    8.000000E-01    4.000000E-01    8.989899E+00   -2.123471E-27
    2.161519E-03    8.000000E-01    4.000000E-01    9.090909E+00   -7.179972E-28
    2.161519E-03    8.000000E-01    4.000000E-01    9.191919E+00   -1.469915E-38
    2.161519E-03    8.000000E-01    4.000000E-01    9.292929E+00   -1.572633E-38
    2.161519E-03    8.000000E-01    4.000000E-01    9.393939E+00   -1.675350E-38
    2.161519E-03    8.000000E-01    4.000000E-01    9.494949E+00   -1.778068E-38
    2.161519E-03    8.000000E-01    4.000000E-01    9.595960E+00   -1.880786E-38
    2.161519E-03    8.000000E-01    4.000000E-01    9.696970E+00   -1.983504E-38
    2.161519E-03    8.000000E-01    4.000000E-01    9.797980E+00   -2.086222E-38
    2.161519E-03    8.000000E-01    4.000000E-01    9.898990E+00   -2.188940E-38
    2.161519E-03    8.000000E-01    4.000000E-01    1.000000E+01   -2.291658E-38

