#     k [MeV]       Xi [MeV]       1/2/Xi [MeV-1]     e(k) [MeV]     Xi_qp [MeV]


# rho=   0.01000 temp=   0.60000
    0.538008E+00    0.102886E+02    0.485976E-01   -0.464230E+01    0.884256E+01
    0.281337E+01    0.102842E+02    0.486183E-01   -0.463796E+01    0.883822E+01
    0.682055E+01    0.102623E+02    0.487220E-01   -0.461463E+01    0.881489E+01
    0.124157E+02    0.102008E+02    0.490155E-01   -0.454864E+01    0.874890E+01
    0.193966E+02    0.100728E+02    0.496386E-01   -0.441089E+01    0.861115E+01
    0.275110E+02    0.985304E+01    0.507458E-01   -0.417354E+01    0.837380E+01
    0.364658E+02    0.952285E+01    0.525053E-01   -0.382132E+01    0.802160E+01
    0.459371E+02    0.907215E+01    0.551137E-01   -0.335285E+01    0.755315E+01
    0.555828E+02    0.850752E+01    0.587715E-01   -0.278400E+01    0.698437E+01
    0.650541E+02    0.784966E+01    0.636970E-01   -0.214472E+01    0.634530E+01
    0.740088E+02    0.713348E+01    0.700920E-01   -0.147267E+01    0.567381E+01
    0.821233E+02    0.640449E+01    0.780702E-01   -0.809446E+00    0.501207E+01
    0.891042E+02    0.571746E+01    0.874514E-01   -0.198778E+00    0.440479E+01
    0.946993E+02    0.512872E+01    0.974903E-01    0.315891E+00    0.389637E+01
    0.987065E+02    0.468850E+01    0.106644E+00    0.697769E+00    0.352297E+01
    0.100982E+03    0.443277E+01    0.112796E+00    0.919399E+00    0.330866E+01
    0.101592E+03    0.436391E+01    0.114576E+00    0.979416E+00    0.325101E+01
    0.101899E+03    0.432910E+01    0.115497E+00    0.100969E+01    0.322201E+01
    0.102446E+03    0.426687E+01    0.117182E+00    0.106380E+01    0.317030E+01
    0.103224E+03    0.417802E+01    0.119674E+00    0.114111E+01    0.309673E+01
    0.104220E+03    0.406430E+01    0.123022E+00    0.124072E+01    0.300251E+01
    0.105418E+03    0.392678E+01    0.127331E+00    0.136141E+01    0.288933E+01
    0.106798E+03    0.376835E+01    0.132684E+00    0.150171E+01    0.275932E+01
    0.108339E+03    0.359141E+01    0.139221E+00    0.165981E+01    0.261516E+01
    0.110013E+03    0.340035E+01    0.147044E+00    0.183362E+01    0.246009E+01
    0.111794E+03    0.319883E+01    0.156307E+00    0.202072E+01    0.229795E+01
    0.113653E+03    0.299251E+01    0.167084E+00    0.221838E+01    0.213318E+01
    0.115559E+03    0.278827E+01    0.179323E+00    0.242362E+01    0.197060E+01
    0.117481E+03    0.259207E+01    0.192896E+00    0.263326E+01    0.181530E+01
    0.119387E+03    0.240763E+01    0.207673E+00    0.284396E+01    0.167216E+01
    0.121245E+03    0.223949E+01    0.223265E+00    0.305226E+01    0.154552E+01
    0.123027E+03    0.210009E+01    0.238085E+00    0.325458E+01    0.143870E+01
    0.124701E+03    0.200617E+01    0.249232E+00    0.344727E+01    0.135351E+01
    0.126241E+03    0.192031E+01    0.260374E+00    0.362668E+01    0.129002E+01
    0.127622E+03    0.182650E+01    0.273747E+00    0.378929E+01    0.124655E+01
    0.128820E+03    0.189628E+01    0.263675E+00    0.393181E+01    0.121995E+01
    0.129816E+03    0.172979E+01    0.289053E+00    0.405131E+01    0.120616E+01
    0.130594E+03    0.210100E+01    0.237982E+00    0.414525E+01    0.120084E+01
    0.131141E+03    0.808043E+00    0.618779E+00    0.421163E+01    0.120004E+01
    0.131448E+03    0.156492E+01    0.319505E+00    0.424901E+01    0.120066E+01
    0.131592E+03    0.171902E+01    0.290863E+00    0.426663E+01    0.120122E+01
    0.131899E+03    0.185529E+01    0.269499E+00    0.430414E+01    0.120300E+01
    0.132446E+03    0.176039E+01    0.284027E+00    0.437121E+01    0.120811E+01
    0.133224E+03    0.170495E+01    0.293263E+00    0.446712E+01    0.121972E+01
    0.134220E+03    0.183593E+01    0.272342E+00    0.459085E+01    0.124208E+01
    0.135418E+03    0.182969E+01    0.273270E+00    0.474102E+01    0.128015E+01
    0.136798E+03    0.191662E+01    0.260876E+00    0.491593E+01    0.133901E+01
    0.138339E+03    0.204089E+01    0.244992E+00    0.511353E+01    0.142321E+01
    0.140013E+03    0.217819E+01    0.229549E+00    0.533141E+01    0.153601E+01
    0.141794E+03    0.234982E+01    0.212782E+00    0.556680E+01    0.167879E+01
    0.143653E+03    0.255863E+01    0.195417E+00    0.581656E+01    0.185075E+01
    0.145559E+03    0.279866E+01    0.178657E+00    0.607720E+01    0.204888E+01
    0.147481E+03    0.306238E+01    0.163272E+00    0.634486E+01    0.226832E+01
    0.149387E+03    0.334167E+01    0.149626E+00    0.661529E+01    0.250289E+01
    0.151245E+03    0.362804E+01    0.137815E+00    0.688394E+01    0.274566E+01
    0.153027E+03    0.391307E+01    0.127777E+00    0.714602E+01    0.298955E+01
    0.154701E+03    0.418879E+01    0.119366E+00    0.739667E+01    0.322762E+01
    0.156241E+03    0.444801E+01    0.112410E+00    0.763102E+01    0.345339E+01
    0.157622E+03    0.468441E+01    0.106737E+00    0.784429E+01    0.366086E+01
    0.158820E+03    0.489252E+01    0.102197E+00    0.803195E+01    0.384463E+01
    0.159816E+03    0.506707E+01    0.986764E-01    0.818982E+01    0.399992E+01
    0.160594E+03    0.520461E+01    0.960687E-01    0.831428E+01    0.412270E+01
    0.161141E+03    0.530162E+01    0.943108E-01    0.840239E+01    0.420979E+01
    0.161448E+03    0.535641E+01    0.933461E-01    0.845207E+01    0.425894E+01
    0.161777E+03    0.541531E+01    0.923307E-01    0.850554E+01    0.431188E+01
    0.162872E+03    0.561196E+01    0.890954E-01    0.868475E+01    0.448959E+01
    0.164833E+03    0.596830E+01    0.837759E-01    0.901099E+01    0.481391E+01
    0.167648E+03    0.648717E+01    0.770752E-01    0.949084E+01    0.529215E+01
    0.171298E+03    0.717210E+01    0.697146E-01    0.101338E+02    0.593410E+01
    0.175760E+03    0.802812E+01    0.622811E-01    0.109528E+02    0.675272E+01
    0.181008E+03    0.906152E+01    0.551784E-01    0.119639E+02    0.776369E+01
    0.187017E+03    0.102788E+02    0.486437E-01    0.131840E+02    0.898371E+01
    0.193760E+03    0.116881E+02    0.427786E-01    0.146281E+02    0.104278E+02
    0.201213E+03    0.133013E+02    0.375904E-01    0.163049E+02    0.121047E+02
    0.209355E+03    0.151310E+02    0.330447E-01    0.182126E+02    0.140124E+02
    0.218167E+03    0.171920E+02    0.290833E-01    0.203554E+02    0.161552E+02
    0.227639E+03    0.195010E+02    0.256397E-01    0.227560E+02    0.185558E+02
    0.237763E+03    0.220760E+02    0.226490E-01    0.254449E+02    0.212446E+02
    0.248543E+03    0.249400E+02    0.200481E-01    0.284351E+02    0.242349E+02
    0.259986E+03    0.281181E+02    0.177821E-01    0.317212E+02    0.275210E+02
    0.272113E+03    0.316405E+02    0.158026E-01    0.353361E+02    0.311358E+02
    0.284953E+03    0.355434E+02    0.140673E-01    0.393399E+02    0.351396E+02
    0.298547E+03    0.398706E+02    0.125406E-01    0.437451E+02    0.395449E+02
    0.312953E+03    0.446743E+02    0.111921E-01    0.485823E+02    0.443821E+02
    0.328244E+03    0.500179E+02    0.999642E-02    0.539474E+02    0.497472E+02
    0.344512E+03    0.559790E+02    0.893192E-02    0.598944E+02    0.556941E+02
    0.361878E+03    0.626544E+02    0.798028E-02    0.665430E+02    0.623427E+02
    0.380493E+03    0.701665E+02    0.712591E-02    0.740091E+02    0.698088E+02
    0.400551E+03    0.786722E+02    0.635549E-02    0.824599E+02    0.782596E+02
    0.422302E+03    0.883770E+02    0.565758E-02    0.921008E+02    0.879006E+02
    0.446073E+03    0.995552E+02    0.502234E-02    0.103203E+03    0.990028E+02
    0.472304E+03    0.112583E+03    0.444115E-02    0.116145E+03    0.111945E+03
    0.501595E+03    0.127992E+03    0.390650E-02    0.131453E+03    0.127252E+03
    0.534803E+03    0.146559E+03    0.341159E-02    0.149902E+03    0.145702E+03
    0.573199E+03    0.169493E+03    0.294998E-02    0.172695E+03    0.168494E+03
    0.618790E+03    0.198763E+03    0.251556E-02    0.201815E+03    0.197615E+03
    0.675015E+03    0.237896E+03    0.210176E-02    0.240807E+03    0.236606E+03
    0.748546E+03    0.294053E+03    0.170038E-02    0.296802E+03    0.292601E+03
    0.855221E+03    0.385243E+03    0.129788E-02    0.387851E+03    0.383651E+03
    0.105216E+04    0.584070E+03    0.856061E-03    0.587539E+03    0.583339E+03
