    0.699366E-01    0.210191E+02
    0.368170E+00    0.210184E+02
    0.903400E+00    0.210172E+02
    0.167350E+01    0.210154E+02
    0.267526E+01    0.210128E+02
    0.390448E+01    0.210087E+02
    0.535601E+01    0.210015E+02
    0.702375E+01    0.209898E+02
    0.890071E+01    0.209725E+02
    0.109790E+02    0.209485E+02
    0.132500E+02    0.209168E+02
    0.157040E+02    0.208760E+02
    0.183309E+02    0.208248E+02
    0.211195E+02    0.207620E+02
    0.240583E+02    0.206863E+02
    0.271348E+02    0.205966E+02
    0.303362E+02    0.204919E+02
    0.336491E+02    0.203715E+02
    0.370594E+02    0.202345E+02
    0.405531E+02    0.200807E+02
    0.441153E+02    0.199097E+02
    0.477312E+02    0.197214E+02
    0.513855E+02    0.195161E+02
    0.550630E+02    0.192944E+02
    0.587482E+02    0.190570E+02
    0.624257E+02    0.188048E+02
    0.660801E+02    0.185392E+02
    0.696959E+02    0.182615E+02
    0.732582E+02    0.179734E+02
    0.767518E+02    0.176769E+02
    0.801622E+02    0.173742E+02
    0.834750E+02    0.170674E+02
    0.866764E+02    0.167592E+02
    0.897529E+02    0.164520E+02
    0.926917E+02    0.161485E+02
    0.954804E+02    0.158514E+02
    0.981072E+02    0.155635E+02
    0.100561E+03    0.152874E+02
    0.102832E+03    0.150258E+02
    0.104911E+03    0.147812E+02
    0.106787E+03    0.145561E+02
    0.108455E+03    0.143527E+02
    0.109907E+03    0.141730E+02
    0.111136E+03    0.140191E+02
    0.112138E+03    0.138923E+02
    0.112908E+03    0.137941E+02
    0.113443E+03    0.137254E+02
    0.113741E+03    0.136870E+02
    0.113822E+03    0.136766E+02
    0.113867E+03    0.136708E+02
    0.113948E+03    0.136603E+02
    0.114066E+03    0.136452E+02
    0.114219E+03    0.136254E+02
    0.114408E+03    0.136009E+02
    0.114632E+03    0.135717E+02
    0.114892E+03    0.135380E+02
    0.115187E+03    0.134995E+02
    0.115516E+03    0.134564E+02
    0.115881E+03    0.134086E+02
    0.116279E+03    0.133562E+02
    0.116711E+03    0.132992E+02
    0.117176E+03    0.132375E+02
    0.117674E+03    0.131712E+02
    0.118205E+03    0.131003E+02
    0.118767E+03    0.130247E+02
    0.119361E+03    0.129446E+02
    0.119985E+03    0.128599E+02
    0.120640E+03    0.127707E+02
    0.121324E+03    0.126769E+02
    0.122036E+03    0.125785E+02
    0.122777E+03    0.124757E+02
    0.123546E+03    0.123685E+02
    0.124340E+03    0.122568E+02
    0.125161E+03    0.121407E+02
    0.126007E+03    0.120203E+02
    0.126877E+03    0.118956E+02
    0.127770E+03    0.117666E+02
    0.128686E+03    0.116334E+02
    0.129624E+03    0.114961E+02
    0.130582E+03    0.113548E+02
    0.131560E+03    0.112094E+02
    0.132557E+03    0.110602E+02
    0.133571E+03    0.109071E+02
    0.134603E+03    0.107504E+02
    0.135650E+03    0.105899E+02
    0.136712E+03    0.104260E+02
    0.137788E+03    0.102587E+02
    0.138876E+03    0.100881E+02
    0.139976E+03    0.991442E+01
    0.141087E+03    0.973769E+01
    0.142207E+03    0.955812E+01
    0.143336E+03    0.937586E+01
    0.144472E+03    0.919110E+01
    0.145614E+03    0.900403E+01
    0.146761E+03    0.881482E+01
    0.147912E+03    0.862368E+01
    0.149066E+03    0.843081E+01
    0.150222E+03    0.823644E+01
    0.151378E+03    0.804084E+01
    0.152534E+03    0.784429E+01
    0.153688E+03    0.764710E+01
    0.154839E+03    0.744954E+01
    0.155986E+03    0.725193E+01
    0.157128E+03    0.705456E+01
    0.158264E+03    0.685777E+01
    0.159392E+03    0.666188E+01
    0.160513E+03    0.646739E+01
    0.161623E+03    0.627453E+01
    0.162724E+03    0.608402E+01
    0.163812E+03    0.589605E+01
    0.164888E+03    0.571086E+01
    0.165950E+03    0.552915E+01
    0.166997E+03    0.535141E+01
    0.168029E+03    0.517799E+01
    0.169043E+03    0.500921E+01
    0.170040E+03    0.484552E+01
    0.171018E+03    0.468737E+01
    0.171976E+03    0.453514E+01
    0.172913E+03    0.438916E+01
    0.173829E+03    0.424972E+01
    0.174723E+03    0.411712E+01
    0.175593E+03    0.399164E+01
    0.176439E+03    0.387352E+01
    0.177259E+03    0.376283E+01
    0.178054E+03    0.365961E+01
    0.178822E+03    0.356391E+01
    0.179563E+03    0.347578E+01
    0.180276E+03    0.339510E+01
    0.180960E+03    0.332152E+01
    0.181615E+03    0.325468E+01
    0.182239E+03    0.319465E+01
    0.182833E+03    0.314162E+01
    0.183395E+03    0.309532E+01
    0.183925E+03    0.305405E+01
    0.184424E+03    0.301618E+01
    0.184889E+03    0.298158E+01
    0.185321E+03    0.295346E+01
    0.185719E+03    0.293425E+01
    0.186083E+03    0.292374E+01
    0.186413E+03    0.291450E+01
    0.186708E+03    0.290006E+01
    0.186968E+03    0.287806E+01
    0.187192E+03    0.285089E+01
    0.187381E+03    0.282829E+01
    0.187534E+03    0.281509E+01
    0.187651E+03    0.281052E+01
    0.187733E+03    0.281111E+01
    0.187778E+03    0.281300E+01
    0.187789E+03    0.281365E+01
    0.187791E+03    0.281380E+01
    0.187796E+03    0.281407E+01
    0.187802E+03    0.281448E+01
    0.187809E+03    0.281505E+01
    0.187819E+03    0.281580E+01
    0.187831E+03    0.281677E+01
    0.187844E+03    0.281801E+01
    0.187859E+03    0.281956E+01
    0.187876E+03    0.282148E+01
    0.187895E+03    0.282383E+01
    0.187915E+03    0.282669E+01
    0.187937E+03    0.283014E+01
    0.187961E+03    0.283427E+01
    0.187987E+03    0.283920E+01
    0.188014E+03    0.284500E+01
    0.188043E+03    0.285166E+01
    0.188073E+03    0.285913E+01
    0.188105E+03    0.286734E+01
    0.188139E+03    0.287614E+01
    0.188174E+03    0.288534E+01
    0.188210E+03    0.289472E+01
    0.188248E+03    0.290397E+01
    0.188288E+03    0.291274E+01
    0.188328E+03    0.292060E+01
    0.188371E+03    0.292707E+01
    0.188414E+03    0.293159E+01
    0.188459E+03    0.293354E+01
    0.188504E+03    0.293223E+01
    0.188551E+03    0.292689E+01
    0.188599E+03    0.291670E+01
    0.188649E+03    0.290077E+01
    0.188699E+03    0.287815E+01
    0.188750E+03    0.284782E+01
    0.188802E+03    0.280918E+01
    0.188855E+03    0.276492E+01
    0.188908E+03    0.271948E+01
    0.188963E+03    0.267769E+01
    0.189018E+03    0.264481E+01
    0.189074E+03    0.262644E+01
    0.189130E+03    0.262849E+01
    0.189187E+03    0.265716E+01
    0.189245E+03    0.271885E+01
    0.189303E+03    0.282015E+01
    0.189361E+03    0.295989E+01
    0.189419E+03    0.310075E+01
    0.189478E+03    0.319401E+01
    0.189537E+03    0.318981E+01
    0.189596E+03    0.303768E+01
    0.189656E+03    0.270302E+01
    0.189715E+03    0.229713E+01
    0.189774E+03    0.200811E+01
    0.189833E+03    0.193763E+01
    0.189893E+03    0.203694E+01
    0.189951E+03    0.224263E+01
    0.190010E+03    0.249212E+01
    0.190068E+03    0.272431E+01
    0.190126E+03    0.289396E+01
    0.190183E+03    0.300206E+01
    0.190240E+03    0.305862E+01
    0.190297E+03    0.307343E+01
    0.190353E+03    0.305589E+01
    0.190408E+03    0.301505E+01
    0.190462E+03    0.295944E+01
    0.190516E+03    0.289707E+01
    0.190569E+03    0.283537E+01
    0.190621E+03    0.278108E+01
    0.190672E+03    0.273822E+01
    0.190722E+03    0.270598E+01
    0.190771E+03    0.268299E+01
    0.190819E+03    0.266797E+01
    0.190866E+03    0.265970E+01
    0.190912E+03    0.265709E+01
    0.190957E+03    0.265908E+01
    0.191000E+03    0.266475E+01
    0.191042E+03    0.267324E+01
    0.191083E+03    0.268380E+01
    0.191122E+03    0.269575E+01
    0.191160E+03    0.270852E+01
    0.191197E+03    0.272161E+01
    0.191232E+03    0.273461E+01
    0.191266E+03    0.274717E+01
    0.191298E+03    0.275903E+01
    0.191328E+03    0.277000E+01
    0.191357E+03    0.277993E+01
    0.191384E+03    0.278875E+01
    0.191410E+03    0.279643E+01
    0.191434E+03    0.280306E+01
    0.191456E+03    0.280877E+01
    0.191476E+03    0.281366E+01
    0.191495E+03    0.281783E+01
    0.191512E+03    0.282136E+01
    0.191527E+03    0.282432E+01
    0.191540E+03    0.282678E+01
    0.191552E+03    0.282880E+01
    0.191561E+03    0.283043E+01
    0.191569E+03    0.283169E+01
    0.191575E+03    0.283263E+01
    0.191579E+03    0.283327E+01
    0.191582E+03    0.283361E+01
    0.191628E+03    0.283975E+01
    0.191822E+03    0.285169E+01
    0.192169E+03    0.283843E+01
    0.192670E+03    0.282242E+01
    0.193321E+03    0.285663E+01
    0.194120E+03    0.290845E+01
    0.195064E+03    0.295884E+01
    0.196148E+03    0.303725E+01
    0.197368E+03    0.314490E+01
    0.198719E+03    0.328537E+01
    0.200195E+03    0.346552E+01
    0.201790E+03    0.368440E+01
    0.203497E+03    0.394745E+01
    0.205310E+03    0.425523E+01
    0.207220E+03    0.460686E+01
    0.209220E+03    0.500086E+01
    0.211301E+03    0.543451E+01
    0.213454E+03    0.590404E+01
    0.215671E+03    0.640597E+01
    0.217942E+03    0.693557E+01
    0.220257E+03    0.748920E+01
    0.222607E+03    0.806310E+01
    0.224983E+03    0.865276E+01
    0.227373E+03    0.925554E+01
    0.229769E+03    0.986803E+01
    0.232159E+03    0.104869E+02
    0.234534E+03    0.111092E+02
    0.236885E+03    0.117318E+02
    0.239200E+03    0.123517E+02
    0.241471E+03    0.129659E+02
    0.243688E+03    0.135711E+02
    0.245841E+03    0.141644E+02
    0.247922E+03    0.147428E+02
    0.249922E+03    0.153032E+02
    0.251832E+03    0.158426E+02
    0.253644E+03    0.163583E+02
    0.255352E+03    0.168475E+02
    0.256947E+03    0.173075E+02
    0.258423E+03    0.177358E+02
    0.259774E+03    0.181299E+02
    0.260994E+03    0.184876E+02
    0.262078E+03    0.188068E+02
    0.263022E+03    0.190858E+02
    0.263821E+03    0.193228E+02
    0.264472E+03    0.195165E+02
    0.264972E+03    0.196658E+02
    0.265320E+03    0.197697E+02
    0.265514E+03    0.198276E+02
    0.266062E+03    0.199916E+02
    0.268196E+03    0.206339E+02
    0.271999E+03    0.217913E+02
    0.277409E+03    0.234663E+02
    0.284338E+03    0.256600E+02
    0.292672E+03    0.283706E+02
    0.302273E+03    0.315911E+02
    0.312984E+03    0.353065E+02
    0.324630E+03    0.394921E+02
    0.337019E+03    0.441107E+02
    0.349948E+03    0.491117E+02
    0.363204E+03    0.544300E+02
    0.376569E+03    0.599868E+02
    0.389825E+03    0.656899E+02
    0.402754E+03    0.714349E+02
    0.415143E+03    0.771084E+02
    0.426789E+03    0.825917E+02
    0.437500E+03    0.877628E+02
    0.447101E+03    0.925014E+02
    0.455435E+03    0.966934E+02
    0.462364E+03    0.100235E+03
    0.467774E+03    0.103036E+03
    0.471577E+03    0.105023E+03
    0.473711E+03    0.106145E+03
    0.475355E+03    0.107012E+03
    0.480205E+03    0.109588E+03
    0.488849E+03    0.114240E+03
    0.501145E+03    0.120994E+03
    0.516892E+03    0.129876E+03
    0.535832E+03    0.140904E+03
    0.557653E+03    0.154077E+03
    0.581997E+03    0.169366E+03
    0.608465E+03    0.186694E+03
    0.636621E+03    0.205926E+03
    0.666005E+03    0.226859E+03
    0.696132E+03    0.249217E+03
    0.726509E+03    0.272655E+03
    0.756636E+03    0.296762E+03
    0.786019E+03    0.321071E+03
    0.814176E+03    0.345096E+03
    0.840643E+03    0.368330E+03
    0.864988E+03    0.390263E+03
    0.886809E+03    0.410386E+03
    0.905748E+03    0.428215E+03
    0.921495E+03    0.443305E+03
    0.933791E+03    0.455264E+03
    0.942435E+03    0.463766E+03
    0.947286E+03    0.468572E+03
    0.962702E+03    0.484016E+03
    0.102339E+04    0.547421E+03
    0.113165E+04    0.670872E+03
    0.128621E+04    0.872440E+03
    0.148588E+04    0.116885E+04
    0.173009E+04    0.157808E+04
    0.201958E+04    0.215037E+04
    0.235706E+04    0.292907E+04
    0.274799E+04    0.398126E+04
    0.320166E+04    0.540432E+04
    0.373258E+04    0.734527E+04
    0.436274E+04    0.100348E+05
    0.512527E+04    0.138492E+05
    0.607065E+04    0.194294E+05
    0.727757E+04    0.279230E+05
    0.887315E+04    0.415092E+05
    0.110725E+05    0.646369E+05
    0.142621E+05    0.107240E+06
    0.191928E+05    0.194209E+06
    0.274830E+05    0.398214E+06
    0.431679E+05    0.982452E+06
    0.787846E+05    0.327244E+07
    0.191187E+06    0.192711E+08
    0.100000E+07    0.527217E+09
