#     k [MeV]       Xi [MeV]       1/2/Xi [MeV-1]     e(k) [MeV]     Xi_qp [MeV]


# rho=   0.03000 temp=   1.00000
    0.846253E+00    0.210173E+02    0.237899E-01   -0.111369E+02    0.191086E+02
    0.442525E+01    0.210064E+02    0.238023E-01   -0.111254E+02    0.190970E+02
    0.107283E+02    0.209517E+02    0.238644E-01   -0.110656E+02    0.190373E+02
    0.195291E+02    0.207989E+02    0.240397E-01   -0.108957E+02    0.188674E+02
    0.305096E+02    0.204859E+02    0.244070E-01   -0.105356E+02    0.185073E+02
    0.432731E+02    0.199514E+02    0.250609E-01   -0.992129E+01    0.178930E+02
    0.573584E+02    0.191483E+02    0.261119E-01   -0.902414E+01    0.169958E+02
    0.722562E+02    0.180559E+02    0.276918E-01   -0.785356E+01    0.158252E+02
    0.874282E+02    0.166851E+02    0.299669E-01   -0.643528E+01    0.144070E+02
    0.102326E+03    0.150846E+02    0.331464E-01   -0.483132E+01    0.128031E+02
    0.116411E+03    0.133388E+02    0.374848E-01   -0.314220E+01    0.111142E+02
    0.129175E+03    0.115620E+02    0.432451E-01   -0.148723E+01    0.946037E+01
    0.140155E+03    0.988609E+01    0.505761E-01    0.228739E-01    0.795440E+01
    0.148956E+03    0.844928E+01    0.591767E-01    0.129100E+01    0.669745E+01
    0.155259E+03    0.737721E+01    0.677763E-01    0.223322E+01    0.577551E+01
    0.158838E+03    0.675814E+01    0.739848E-01    0.278130E+01    0.524851E+01
    0.159757E+03    0.659860E+01    0.757736E-01    0.292353E+01    0.511339E+01
    0.160064E+03    0.654533E+01    0.763903E-01    0.297120E+01    0.506828E+01
    0.160610E+03    0.645048E+01    0.775136E-01    0.305632E+01    0.498797E+01
    0.161388E+03    0.631537E+01    0.791719E-01    0.317782E+01    0.487390E+01
    0.162384E+03    0.614276E+01    0.813966E-01    0.333413E+01    0.472821E+01
    0.163583E+03    0.593557E+01    0.842378E-01    0.352319E+01    0.455376E+01
    0.164963E+03    0.569796E+01    0.877507E-01    0.374249E+01    0.435419E+01
    0.166503E+03    0.543508E+01    0.919949E-01    0.398901E+01    0.413391E+01
    0.168178E+03    0.515300E+01    0.970309E-01    0.425930E+01    0.389821E+01
    0.169959E+03    0.485870E+01    0.102908E+00    0.454947E+01    0.365314E+01
    0.171818E+03    0.456003E+01    0.109648E+00    0.485524E+01    0.340545E+01
    0.173724E+03    0.426559E+01    0.117217E+00    0.517195E+01    0.316237E+01
    0.175645E+03    0.398423E+01    0.125495E+00    0.549465E+01    0.293127E+01
    0.177551E+03    0.372448E+01    0.134247E+00    0.581814E+01    0.271911E+01
    0.179410E+03    0.349366E+01    0.143116E+00    0.613705E+01    0.253183E+01
    0.181191E+03    0.329752E+01    0.151629E+00    0.644586E+01    0.237374E+01
    0.182866E+03    0.313877E+01    0.159298E+00    0.673910E+01    0.224702E+01
    0.184406E+03    0.301752E+01    0.165699E+00    0.701135E+01    0.215139E+01
    0.185786E+03    0.293187E+01    0.170540E+00    0.725747E+01    0.208430E+01
    0.186984E+03    0.287630E+01    0.173834E+00    0.747269E+01    0.204132E+01
    0.187981E+03    0.283807E+01    0.176176E+00    0.765278E+01    0.201692E+01
    0.188759E+03    0.284155E+01    0.175960E+00    0.779413E+01    0.200525E+01
    0.189305E+03    0.282525E+01    0.176976E+00    0.789388E+01    0.200101E+01
    0.189612E+03    0.296703E+01    0.168519E+00    0.795000E+01    0.200008E+01
    0.189757E+03    0.206988E+01    0.241560E+00    0.797643E+01    0.200000E+01
    0.190064E+03    0.270956E+01    0.184532E+00    0.803270E+01    0.200062E+01
    0.190610E+03    0.279164E+01    0.179106E+00    0.813321E+01    0.200435E+01
    0.191388E+03    0.278995E+01    0.179214E+00    0.827675E+01    0.201549E+01
    0.192384E+03    0.282592E+01    0.176933E+00    0.846155E+01    0.203984E+01
    0.193583E+03    0.287586E+01    0.173861E+00    0.868528E+01    0.208416E+01
    0.194963E+03    0.295287E+01    0.169327E+00    0.894505E+01    0.215548E+01
    0.196503E+03    0.306705E+01    0.163023E+00    0.923745E+01    0.226017E+01
    0.198178E+03    0.322604E+01    0.154989E+00    0.955847E+01    0.240304E+01
    0.199959E+03    0.343526E+01    0.145549E+00    0.990354E+01    0.258648E+01
    0.201818E+03    0.368850E+01    0.135556E+00    0.102675E+02    0.280989E+01
    0.203724E+03    0.398444E+01    0.125488E+00    0.106449E+02    0.306962E+01
    0.205645E+03    0.431499E+01    0.115875E+00    0.110295E+02    0.335936E+01
    0.207551E+03    0.467033E+01    0.107059E+00    0.114151E+02    0.367081E+01
    0.209410E+03    0.503955E+01    0.992152E-01    0.117954E+02    0.399452E+01
    0.211191E+03    0.541111E+01    0.924026E-01    0.121636E+02    0.432063E+01
    0.212866E+03    0.577389E+01    0.865967E-01    0.125133E+02    0.463943E+01
    0.214406E+03    0.611749E+01    0.817328E-01    0.128379E+02    0.494178E+01
    0.215786E+03    0.643248E+01    0.777305E-01    0.131314E+02    0.521937E+01
    0.216984E+03    0.671060E+01    0.745090E-01    0.133882E+02    0.546485E+01
    0.217981E+03    0.694484E+01    0.719959E-01    0.136031E+02    0.567190E+01
    0.218759E+03    0.712945E+01    0.701316E-01    0.137717E+02    0.583531E+01
    0.219305E+03    0.726021E+01    0.688685E-01    0.138908E+02    0.595104E+01
    0.219612E+03    0.733382E+01    0.681773E-01    0.139578E+02    0.601630E+01
    0.220059E+03    0.744135E+01    0.671921E-01    0.140555E+02    0.611165E+01
    0.221654E+03    0.782905E+01    0.638647E-01    0.144068E+02    0.645583E+01
    0.224513E+03    0.853537E+01    0.585797E-01    0.150449E+02    0.708528E+01
    0.228615E+03    0.957208E+01    0.522352E-01    0.159814E+02    0.801504E+01
    0.233933E+03    0.109510E+02    0.456579E-01    0.172342E+02    0.926427E+01
    0.240434E+03    0.126847E+02    0.394175E-01    0.188282E+02    0.108569E+02
    0.248081E+03    0.147872E+02    0.338130E-01    0.207954E+02    0.128238E+02
    0.256837E+03    0.172757E+02    0.289423E-01    0.231755E+02    0.152038E+02
    0.266663E+03    0.201720E+02    0.247868E-01    0.260085E+02    0.180368E+02
    0.277523E+03    0.235018E+02    0.212750E-01    0.293147E+02    0.213430E+02
    0.289387E+03    0.272928E+02    0.183198E-01    0.331190E+02    0.251473E+02
    0.302228E+03    0.315758E+02    0.158349E-01    0.374777E+02    0.295061E+02
    0.316029E+03    0.363861E+02    0.137415E-01    0.423774E+02    0.344057E+02
    0.330782E+03    0.417642E+02    0.119720E-01    0.478322E+02    0.398606E+02
    0.346489E+03    0.477558E+02    0.104699E-01    0.538940E+02    0.459223E+02
    0.363164E+03    0.544138E+02    0.918884E-02    0.605866E+02    0.526149E+02
    0.380835E+03    0.618012E+02    0.809045E-02    0.679739E+02    0.600023E+02
    0.399544E+03    0.699918E+02    0.714369E-02    0.761198E+02    0.681482E+02
    0.419354E+03    0.790744E+02    0.632316E-02    0.851061E+02    0.771344E+02
    0.440345E+03    0.891567E+02    0.560811E-02    0.950493E+02    0.870777E+02
    0.462626E+03    0.100370E+03    0.498157E-02    0.106090E+03    0.981179E+02
    0.486331E+03    0.112877E+03    0.442959E-02    0.118395E+03    0.110423E+03
    0.511636E+03    0.126882E+03    0.394066E-02    0.132166E+03    0.124194E+03
    0.538761E+03    0.142643E+03    0.350525E-02    0.147667E+03    0.139696E+03
    0.567988E+03    0.160492E+03    0.311541E-02    0.165246E+03    0.157275E+03
    0.599682E+03    0.180863E+03    0.276452E-02    0.185351E+03    0.177379E+03
    0.634321E+03    0.204324E+03    0.244710E-02    0.208583E+03    0.200612E+03
    0.672542E+03    0.231634E+03    0.215858E-02    0.235598E+03    0.227626E+03
    0.715224E+03    0.263845E+03    0.189505E-02    0.267557E+03    0.259586E+03
    0.763612E+03    0.302463E+03    0.165310E-02    0.305836E+03    0.297864E+03
    0.819561E+03    0.349772E+03    0.142950E-02    0.353165E+03    0.345194E+03
    0.885993E+03    0.409626E+03    0.122063E-02    0.413646E+03    0.405674E+03
    0.967922E+03    0.489306E+03    0.102186E-02    0.494838E+03    0.486867E+03
    0.107507E+04    0.604688E+03    0.826872E-03    0.613680E+03    0.605708E+03
    0.123051E+04    0.796130E+03    0.628038E-03    0.807897E+03    0.799925E+03
    0.151748E+04    0.121733E+04    0.410735E-03    0.122597E+04    0.121800E+04
