
#   rho [fm-3]      T [MeV]      kf [fm-1]       k [MeV]       av Gap(k) [MeV]       Xi (k)       SigmaHF(k)       Momdis n(k)       Gap_L1       Gap_L2
    5.836100E-02    1.000000E-01    1.200000E+00    0.000000E+00    1.128884E+00
    5.836100E-02    1.000000E-01    1.200000E+00    1.010101E-01    1.125316E+00
    5.836100E-02    1.000000E-01    1.200000E+00    2.020202E-01    1.114605E+00
    5.836100E-02    1.000000E-01    1.200000E+00    3.030303E-01    1.096810E+00
    5.836100E-02    1.000000E-01    1.200000E+00    4.040404E-01    1.071761E+00
    5.836100E-02    1.000000E-01    1.200000E+00    5.050505E-01    1.039517E+00
    5.836100E-02    1.000000E-01    1.200000E+00    6.060606E-01    9.998604E-01
    5.836100E-02    1.000000E-01    1.200000E+00    7.070707E-01    9.526508E-01
    5.836100E-02    1.000000E-01    1.200000E+00    8.080808E-01    8.976613E-01
    5.836100E-02    1.000000E-01    1.200000E+00    9.090909E-01    8.346543E-01
    5.836100E-02    1.000000E-01    1.200000E+00    1.010101E+00    7.634490E-01
    5.836100E-02    1.000000E-01    1.200000E+00    1.111111E+00    6.839742E-01
    5.836100E-02    1.000000E-01    1.200000E+00    1.212121E+00    5.963543E-01
    5.836100E-02    1.000000E-01    1.200000E+00    1.313131E+00    5.009416E-01
    5.836100E-02    1.000000E-01    1.200000E+00    1.414141E+00    3.982960E-01
    5.836100E-02    1.000000E-01    1.200000E+00    1.515152E+00    2.891216E-01
    5.836100E-02    1.000000E-01    1.200000E+00    1.616162E+00    1.741907E-01
    5.836100E-02    1.000000E-01    1.200000E+00    1.717172E+00    5.449502E-02
    5.836100E-02    1.000000E-01    1.200000E+00    1.818182E+00   -6.854493E-02
    5.836100E-02    1.000000E-01    1.200000E+00    1.919192E+00   -1.926869E-01
    5.836100E-02    1.000000E-01    1.200000E+00    2.020202E+00   -3.147226E-01
    5.836100E-02    1.000000E-01    1.200000E+00    2.121212E+00   -4.311209E-01
    5.836100E-02    1.000000E-01    1.200000E+00    2.222222E+00   -5.363165E-01
    5.836100E-02    1.000000E-01    1.200000E+00    2.323232E+00   -6.244125E-01
    5.836100E-02    1.000000E-01    1.200000E+00    2.424242E+00   -6.923372E-01
    5.836100E-02    1.000000E-01    1.200000E+00    2.525253E+00   -7.377937E-01
    5.836100E-02    1.000000E-01    1.200000E+00    2.626263E+00   -7.607649E-01
    5.836100E-02    1.000000E-01    1.200000E+00    2.727273E+00   -7.593618E-01
    5.836100E-02    1.000000E-01    1.200000E+00    2.828283E+00   -7.405555E-01
    5.836100E-02    1.000000E-01    1.200000E+00    2.929293E+00   -7.023601E-01
    5.836100E-02    1.000000E-01    1.200000E+00    3.030303E+00   -6.461423E-01
    5.836100E-02    1.000000E-01    1.200000E+00    3.131313E+00   -5.721606E-01
    5.836100E-02    1.000000E-01    1.200000E+00    3.232323E+00   -4.865346E-01
    5.836100E-02    1.000000E-01    1.200000E+00    3.333333E+00   -3.965526E-01
    5.836100E-02    1.000000E-01    1.200000E+00    3.434343E+00   -3.099826E-01
    5.836100E-02    1.000000E-01    1.200000E+00    3.535354E+00   -2.299247E-01
    5.836100E-02    1.000000E-01    1.200000E+00    3.636364E+00   -1.669900E-01
    5.836100E-02    1.000000E-01    1.200000E+00    3.737374E+00   -1.158966E-01
    5.836100E-02    1.000000E-01    1.200000E+00    3.838384E+00   -7.451068E-02
    5.836100E-02    1.000000E-01    1.200000E+00    3.939394E+00   -4.961163E-02
    5.836100E-02    1.000000E-01    1.200000E+00    4.040404E+00   -2.830549E-02
    5.836100E-02    1.000000E-01    1.200000E+00    4.141414E+00   -1.781643E-02
    5.836100E-02    1.000000E-01    1.200000E+00    4.242424E+00   -9.220841E-03
    5.836100E-02    1.000000E-01    1.200000E+00    4.343434E+00   -5.303717E-03
    5.836100E-02    1.000000E-01    1.200000E+00    4.444444E+00   -2.482306E-03
    5.836100E-02    1.000000E-01    1.200000E+00    4.545455E+00   -1.295968E-03
    5.836100E-02    1.000000E-01    1.200000E+00    4.646465E+00   -5.540225E-04
    5.836100E-02    1.000000E-01    1.200000E+00    4.747475E+00   -2.586878E-04
    5.836100E-02    1.000000E-01    1.200000E+00    4.848485E+00   -1.054323E-04
    5.836100E-02    1.000000E-01    1.200000E+00    4.949495E+00   -4.229676E-05
    5.836100E-02    1.000000E-01    1.200000E+00    5.050505E+00   -1.814501E-05
    5.836100E-02    1.000000E-01    1.200000E+00    5.151515E+00   -5.613216E-06
    5.836100E-02    1.000000E-01    1.200000E+00    5.252525E+00   -2.979974E-06
    5.836100E-02    1.000000E-01    1.200000E+00    5.353535E+00   -1.051480E-06
    5.836100E-02    1.000000E-01    1.200000E+00    5.454545E+00   -4.289817E-07
    5.836100E-02    1.000000E-01    1.200000E+00    5.555556E+00   -1.811759E-07
    5.836100E-02    1.000000E-01    1.200000E+00    5.656566E+00   -6.607772E-08
    5.836100E-02    1.000000E-01    1.200000E+00    5.757576E+00   -2.338794E-08
    5.836100E-02    1.000000E-01    1.200000E+00    5.858586E+00   -8.233610E-09
    5.836100E-02    1.000000E-01    1.200000E+00    5.959596E+00   -2.638443E-09
    5.836100E-02    1.000000E-01    1.200000E+00    6.060606E+00   -8.963017E-10
    5.836100E-02    1.000000E-01    1.200000E+00    6.161616E+00   -5.282604E-10
    5.836100E-02    1.000000E-01    1.200000E+00    6.262626E+00   -2.913044E-10
    5.836100E-02    1.000000E-01    1.200000E+00    6.363636E+00   -5.434829E-11
    5.836100E-02    1.000000E-01    1.200000E+00    6.464646E+00   -1.387412E-11
    5.836100E-02    1.000000E-01    1.200000E+00    6.565657E+00   -1.085242E-11
    5.836100E-02    1.000000E-01    1.200000E+00    6.666667E+00   -7.830712E-12
    5.836100E-02    1.000000E-01    1.200000E+00    6.767677E+00   -4.809008E-12
    5.836100E-02    1.000000E-01    1.200000E+00    6.868687E+00   -1.787304E-12
    5.836100E-02    1.000000E-01    1.200000E+00    6.969697E+00   -4.184817E-15
    5.836100E-02    1.000000E-01    1.200000E+00    7.070707E+00   -3.614896E-15
    5.836100E-02    1.000000E-01    1.200000E+00    7.171717E+00   -3.044975E-15
    5.836100E-02    1.000000E-01    1.200000E+00    7.272727E+00   -2.475055E-15
    5.836100E-02    1.000000E-01    1.200000E+00    7.373737E+00   -1.905134E-15
    5.836100E-02    1.000000E-01    1.200000E+00    7.474747E+00   -1.335213E-15
    5.836100E-02    1.000000E-01    1.200000E+00    7.575758E+00   -7.652925E-16
    5.836100E-02    1.000000E-01    1.200000E+00    7.676768E+00   -1.953718E-16
    5.836100E-02    1.000000E-01    1.200000E+00    7.777778E+00   -7.833960E-22
    5.836100E-02    1.000000E-01    1.200000E+00    7.878788E+00   -6.996814E-22
    5.836100E-02    1.000000E-01    1.200000E+00    7.979798E+00   -6.159667E-22
    5.836100E-02    1.000000E-01    1.200000E+00    8.080808E+00   -5.322521E-22
    5.836100E-02    1.000000E-01    1.200000E+00    8.181818E+00   -4.485374E-22
    5.836100E-02    1.000000E-01    1.200000E+00    8.282828E+00   -3.648228E-22
    5.836100E-02    1.000000E-01    1.200000E+00    8.383838E+00   -2.811081E-22
    5.836100E-02    1.000000E-01    1.200000E+00    8.484848E+00   -1.973935E-22
    5.836100E-02    1.000000E-01    1.200000E+00    8.585859E+00   -1.136788E-22
    5.836100E-02    1.000000E-01    1.200000E+00    8.686869E+00   -2.996415E-23
    5.836100E-02    1.000000E-01    1.200000E+00    8.787879E+00   -6.097343E-33
    5.836100E-02    1.000000E-01    1.200000E+00    8.888889E+00   -6.491683E-33
    5.836100E-02    1.000000E-01    1.200000E+00    8.989899E+00   -6.886023E-33
    5.836100E-02    1.000000E-01    1.200000E+00    9.090909E+00   -7.280363E-33
    5.836100E-02    1.000000E-01    1.200000E+00    9.191919E+00   -7.674704E-33
    5.836100E-02    1.000000E-01    1.200000E+00    9.292929E+00   -8.069044E-33
    5.836100E-02    1.000000E-01    1.200000E+00    9.393939E+00   -8.463384E-33
    5.836100E-02    1.000000E-01    1.200000E+00    9.494949E+00   -8.857724E-33
    5.836100E-02    1.000000E-01    1.200000E+00    9.595960E+00   -9.252064E-33
    5.836100E-02    1.000000E-01    1.200000E+00    9.696970E+00   -9.646405E-33
    5.836100E-02    1.000000E-01    1.200000E+00    9.797980E+00   -1.004074E-32
    5.836100E-02    1.000000E-01    1.200000E+00    9.898990E+00   -1.043509E-32
    5.836100E-02    1.000000E-01    1.200000E+00    1.000000E+01   -1.091508E-32

    5.836100E-02    2.000000E-01    1.200000E+00    0.000000E+00    1.039747E+00
    5.836100E-02    2.000000E-01    1.200000E+00    1.010101E-01    1.036461E+00
    5.836100E-02    2.000000E-01    1.200000E+00    2.020202E-01    1.026594E+00
    5.836100E-02    2.000000E-01    1.200000E+00    3.030303E-01    1.010201E+00
    5.836100E-02    2.000000E-01    1.200000E+00    4.040404E-01    9.871260E-01
    5.836100E-02    2.000000E-01    1.200000E+00    5.050505E-01    9.574226E-01
    5.836100E-02    2.000000E-01    1.200000E+00    6.060606E-01    9.208920E-01
    5.836100E-02    2.000000E-01    1.200000E+00    7.070707E-01    8.774037E-01
    5.836100E-02    2.000000E-01    1.200000E+00    8.080808E-01    8.267493E-01
    5.836100E-02    2.000000E-01    1.200000E+00    9.090909E-01    7.687102E-01
    5.836100E-02    2.000000E-01    1.200000E+00    1.010101E+00    7.031204E-01
    5.836100E-02    2.000000E-01    1.200000E+00    1.111111E+00    6.299146E-01
    5.836100E-02    2.000000E-01    1.200000E+00    1.212121E+00    5.492080E-01
    5.836100E-02    2.000000E-01    1.200000E+00    1.313131E+00    4.613255E-01
    5.836100E-02    2.000000E-01    1.200000E+00    1.414141E+00    3.667831E-01
    5.836100E-02    2.000000E-01    1.200000E+00    1.515152E+00    2.662294E-01
    5.836100E-02    2.000000E-01    1.200000E+00    1.616162E+00    1.603755E-01
    5.836100E-02    2.000000E-01    1.200000E+00    1.717172E+00    5.013504E-02
    5.836100E-02    2.000000E-01    1.200000E+00    1.818182E+00   -6.318402E-02
    5.836100E-02    2.000000E-01    1.200000E+00    1.919192E+00   -1.775167E-01
    5.836100E-02    2.000000E-01    1.200000E+00    2.020202E+00   -2.899083E-01
    5.836100E-02    2.000000E-01    1.200000E+00    2.121212E+00   -3.971068E-01
    5.836100E-02    2.000000E-01    1.200000E+00    2.222222E+00   -4.939868E-01
    5.836100E-02    2.000000E-01    1.200000E+00    2.323232E+00   -5.751177E-01
    5.836100E-02    2.000000E-01    1.200000E+00    2.424242E+00   -6.376708E-01
    5.836100E-02    2.000000E-01    1.200000E+00    2.525253E+00   -6.795308E-01
    5.836100E-02    2.000000E-01    1.200000E+00    2.626263E+00   -7.006820E-01
    5.836100E-02    2.000000E-01    1.200000E+00    2.727273E+00   -6.993852E-01
    5.836100E-02    2.000000E-01    1.200000E+00    2.828283E+00   -6.820606E-01
    5.836100E-02    2.000000E-01    1.200000E+00    2.929293E+00   -6.468794E-01
    5.836100E-02    2.000000E-01    1.200000E+00    3.030303E+00   -5.951003E-01
    5.836100E-02    2.000000E-01    1.200000E+00    3.131313E+00   -5.269616E-01
    5.836100E-02    2.000000E-01    1.200000E+00    3.232323E+00   -4.480991E-01
    5.836100E-02    2.000000E-01    1.200000E+00    3.333333E+00   -3.652254E-01
    5.836100E-02    2.000000E-01    1.200000E+00    3.434343E+00   -2.854942E-01
    5.836100E-02    2.000000E-01    1.200000E+00    3.535354E+00   -2.117610E-01
    5.836100E-02    2.000000E-01    1.200000E+00    3.636364E+00   -1.537983E-01
    5.836100E-02    2.000000E-01    1.200000E+00    3.737374E+00   -1.067413E-01
    5.836100E-02    2.000000E-01    1.200000E+00    3.838384E+00   -6.862497E-02
    5.836100E-02    2.000000E-01    1.200000E+00    3.939394E+00   -4.569291E-02
    5.836100E-02    2.000000E-01    1.200000E+00    4.040404E+00   -2.606990E-02
    5.836100E-02    2.000000E-01    1.200000E+00    4.141414E+00   -1.640938E-02
    5.836100E-02    2.000000E-01    1.200000E+00    4.242424E+00   -8.492745E-03
    5.836100E-02    2.000000E-01    1.200000E+00    4.343434E+00   -4.884982E-03
    5.836100E-02    2.000000E-01    1.200000E+00    4.444444E+00   -2.286384E-03
    5.836100E-02    2.000000E-01    1.200000E+00    4.545455E+00   -1.193707E-03
    5.836100E-02    2.000000E-01    1.200000E+00    4.646465E+00   -5.103305E-04
    5.836100E-02    2.000000E-01    1.200000E+00    4.747475E+00   -2.382973E-04
    5.836100E-02    2.000000E-01    1.200000E+00    4.848485E+00   -9.712974E-05
    5.836100E-02    2.000000E-01    1.200000E+00    4.949495E+00   -3.896952E-05
    5.836100E-02    2.000000E-01    1.200000E+00    5.050505E+00   -1.671945E-05
    5.836100E-02    2.000000E-01    1.200000E+00    5.151515E+00   -5.173201E-06
    5.836100E-02    2.000000E-01    1.200000E+00    5.252525E+00   -2.746507E-06
    5.836100E-02    2.000000E-01    1.200000E+00    5.353535E+00   -9.692414E-07
    5.836100E-02    2.000000E-01    1.200000E+00    5.454545E+00   -3.954566E-07
    5.836100E-02    2.000000E-01    1.200000E+00    5.555556E+00   -1.670263E-07
    5.836100E-02    2.000000E-01    1.200000E+00    5.656566E+00   -6.091994E-08
    5.836100E-02    2.000000E-01    1.200000E+00    5.757576E+00   -2.156297E-08
    5.836100E-02    2.000000E-01    1.200000E+00    5.858586E+00   -7.591278E-09
    5.836100E-02    2.000000E-01    1.200000E+00    5.959596E+00   -2.432648E-09
    5.836100E-02    2.000000E-01    1.200000E+00    6.060606E+00   -8.264009E-10
    5.836100E-02    2.000000E-01    1.200000E+00    6.161616E+00   -4.870640E-10
    5.836100E-02    2.000000E-01    1.200000E+00    6.262626E+00   -2.685872E-10
    5.836100E-02    2.000000E-01    1.200000E+00    6.363636E+00   -5.011044E-11
    5.836100E-02    2.000000E-01    1.200000E+00    6.464646E+00   -1.279261E-11
    5.836100E-02    2.000000E-01    1.200000E+00    6.565657E+00   -1.000645E-11
    5.836100E-02    2.000000E-01    1.200000E+00    6.666667E+00   -7.220293E-12
    5.836100E-02    2.000000E-01    1.200000E+00    6.767677E+00   -4.434136E-12
    5.836100E-02    2.000000E-01    1.200000E+00    6.868687E+00   -1.647980E-12
    5.836100E-02    2.000000E-01    1.200000E+00    6.969697E+00   -3.858854E-15
    5.836100E-02    2.000000E-01    1.200000E+00    7.070707E+00   -3.333326E-15
    5.836100E-02    2.000000E-01    1.200000E+00    7.171717E+00   -2.807797E-15
    5.836100E-02    2.000000E-01    1.200000E+00    7.272727E+00   -2.282269E-15
    5.836100E-02    2.000000E-01    1.200000E+00    7.373737E+00   -1.756740E-15
    5.836100E-02    2.000000E-01    1.200000E+00    7.474747E+00   -1.231211E-15
    5.836100E-02    2.000000E-01    1.200000E+00    7.575758E+00   -7.056826E-16
    5.836100E-02    2.000000E-01    1.200000E+00    7.676768E+00   -1.801539E-16
    5.836100E-02    2.000000E-01    1.200000E+00    7.777778E+00   -7.224472E-22
    5.836100E-02    2.000000E-01    1.200000E+00    7.878788E+00   -6.452456E-22
    5.836100E-02    2.000000E-01    1.200000E+00    7.979798E+00   -5.680440E-22
    5.836100E-02    2.000000E-01    1.200000E+00    8.080808E+00   -4.908424E-22
    5.836100E-02    2.000000E-01    1.200000E+00    8.181818E+00   -4.136408E-22
    5.836100E-02    2.000000E-01    1.200000E+00    8.282828E+00   -3.364393E-22
    5.836100E-02    2.000000E-01    1.200000E+00    8.383838E+00   -2.592377E-22
    5.836100E-02    2.000000E-01    1.200000E+00    8.484848E+00   -1.820361E-22
    5.836100E-02    2.000000E-01    1.200000E+00    8.585859E+00   -1.048345E-22
    5.836100E-02    2.000000E-01    1.200000E+00    8.686869E+00   -2.763291E-23
    5.836100E-02    2.000000E-01    1.200000E+00    8.787879E+00   -5.615396E-33
    5.836100E-02    2.000000E-01    1.200000E+00    8.888889E+00   -5.978569E-33
    5.836100E-02    2.000000E-01    1.200000E+00    8.989899E+00   -6.341743E-33
    5.836100E-02    2.000000E-01    1.200000E+00    9.090909E+00   -6.704917E-33
    5.836100E-02    2.000000E-01    1.200000E+00    9.191919E+00   -7.068091E-33
    5.836100E-02    2.000000E-01    1.200000E+00    9.292929E+00   -7.431265E-33
    5.836100E-02    2.000000E-01    1.200000E+00    9.393939E+00   -7.794439E-33
    5.836100E-02    2.000000E-01    1.200000E+00    9.494949E+00   -8.157613E-33
    5.836100E-02    2.000000E-01    1.200000E+00    9.595960E+00   -8.520787E-33
    5.836100E-02    2.000000E-01    1.200000E+00    9.696970E+00   -8.883961E-33
    5.836100E-02    2.000000E-01    1.200000E+00    9.797980E+00   -9.247135E-33
    5.836100E-02    2.000000E-01    1.200000E+00    9.898990E+00   -9.610309E-33
    5.836100E-02    2.000000E-01    1.200000E+00    1.000000E+01   -1.005237E-32

    5.836100E-02    3.000000E-01    1.200000E+00    0.000000E+00    6.747168E-01
    5.836100E-02    3.000000E-01    1.200000E+00    1.010101E-01    6.725835E-01
    5.836100E-02    3.000000E-01    1.200000E+00    2.020202E-01    6.661785E-01
    5.836100E-02    3.000000E-01    1.200000E+00    3.030303E-01    6.555374E-01
    5.836100E-02    3.000000E-01    1.200000E+00    4.040404E-01    6.405586E-01
    5.836100E-02    3.000000E-01    1.200000E+00    5.050505E-01    6.212773E-01
    5.836100E-02    3.000000E-01    1.200000E+00    6.060606E-01    5.975646E-01
    5.836100E-02    3.000000E-01    1.200000E+00    7.070707E-01    5.693358E-01
    5.836100E-02    3.000000E-01    1.200000E+00    8.080808E-01    5.364563E-01
    5.836100E-02    3.000000E-01    1.200000E+00    9.090909E-01    4.987846E-01
    5.836100E-02    3.000000E-01    1.200000E+00    1.010101E+00    4.562139E-01
    5.836100E-02    3.000000E-01    1.200000E+00    1.111111E+00    4.087030E-01
    5.836100E-02    3.000000E-01    1.200000E+00    1.212121E+00    3.563277E-01
    5.836100E-02    3.000000E-01    1.200000E+00    1.313131E+00    2.992998E-01
    5.836100E-02    3.000000E-01    1.200000E+00    1.414141E+00    2.379547E-01
    5.836100E-02    3.000000E-01    1.200000E+00    1.515152E+00    1.727136E-01
    5.836100E-02    3.000000E-01    1.200000E+00    1.616162E+00    1.040379E-01
    5.836100E-02    3.000000E-01    1.200000E+00    1.717172E+00    3.252013E-02
    5.836100E-02    3.000000E-01    1.200000E+00    1.818182E+00   -4.099140E-02
    5.836100E-02    3.000000E-01    1.200000E+00    1.919192E+00   -1.151577E-01
    5.836100E-02    3.000000E-01    1.200000E+00    2.020202E+00   -1.880621E-01
    5.836100E-02    3.000000E-01    1.200000E+00    2.121212E+00   -2.575960E-01
    5.836100E-02    3.000000E-01    1.200000E+00    2.222222E+00   -3.204351E-01
    5.836100E-02    3.000000E-01    1.200000E+00    2.323232E+00   -3.730572E-01
    5.836100E-02    3.000000E-01    1.200000E+00    2.424242E+00   -4.136282E-01
    5.836100E-02    3.000000E-01    1.200000E+00    2.525253E+00   -4.407765E-01
    5.836100E-02    3.000000E-01    1.200000E+00    2.626263E+00   -4.544922E-01
    5.836100E-02    3.000000E-01    1.200000E+00    2.727273E+00   -4.536476E-01
    5.836100E-02    3.000000E-01    1.200000E+00    2.828283E+00   -4.424073E-01
    5.836100E-02    3.000000E-01    1.200000E+00    2.929293E+00   -4.195852E-01
    5.836100E-02    3.000000E-01    1.200000E+00    3.030303E+00   -3.859979E-01
    5.836100E-02    3.000000E-01    1.200000E+00    3.131313E+00   -3.418000E-01
    5.836100E-02    3.000000E-01    1.200000E+00    3.232323E+00   -2.906470E-01
    5.836100E-02    3.000000E-01    1.200000E+00    3.333333E+00   -2.368926E-01
    5.836100E-02    3.000000E-01    1.200000E+00    3.434343E+00   -1.851770E-01
    5.836100E-02    3.000000E-01    1.200000E+00    3.535354E+00   -1.373519E-01
    5.836100E-02    3.000000E-01    1.200000E+00    3.636364E+00   -9.975616E-02
    5.836100E-02    3.000000E-01    1.200000E+00    3.737374E+00   -6.923414E-02
    5.836100E-02    3.000000E-01    1.200000E+00    3.838384E+00   -4.451121E-02
    5.836100E-02    3.000000E-01    1.200000E+00    3.939394E+00   -2.963712E-02
    5.836100E-02    3.000000E-01    1.200000E+00    4.040404E+00   -1.690934E-02
    5.836100E-02    3.000000E-01    1.200000E+00    4.141414E+00   -1.064338E-02
    5.836100E-02    3.000000E-01    1.200000E+00    4.242424E+00   -5.508531E-03
    5.836100E-02    3.000000E-01    1.200000E+00    4.343434E+00   -3.168482E-03
    5.836100E-02    3.000000E-01    1.200000E+00    4.444444E+00   -1.482991E-03
    5.836100E-02    3.000000E-01    1.200000E+00    4.545455E+00   -7.742629E-04
    5.836100E-02    3.000000E-01    1.200000E+00    4.646465E+00   -3.310127E-04
    5.836100E-02    3.000000E-01    1.200000E+00    4.747475E+00   -1.545663E-04
    5.836100E-02    3.000000E-01    1.200000E+00    4.848485E+00   -6.300179E-05
    5.836100E-02    3.000000E-01    1.200000E+00    4.949495E+00   -2.527736E-05
    5.836100E-02    3.000000E-01    1.200000E+00    5.050505E+00   -1.084516E-05
    5.836100E-02    3.000000E-01    1.200000E+00    5.151515E+00   -3.355739E-06
    5.836100E-02    3.000000E-01    1.200000E+00    5.252525E+00   -1.781616E-06
    5.836100E-02    3.000000E-01    1.200000E+00    5.353535E+00   -6.287523E-07
    5.836100E-02    3.000000E-01    1.200000E+00    5.454545E+00   -2.565400E-07
    5.836100E-02    3.000000E-01    1.200000E+00    5.555556E+00   -1.083551E-07
    5.836100E-02    3.000000E-01    1.200000E+00    5.656566E+00   -3.952151E-08
    5.836100E-02    3.000000E-01    1.200000E+00    5.757576E+00   -1.398914E-08
    5.836100E-02    3.000000E-01    1.200000E+00    5.858586E+00   -4.924980E-09
    5.836100E-02    3.000000E-01    1.200000E+00    5.959596E+00   -1.578253E-09
    5.836100E-02    3.000000E-01    1.200000E+00    6.060606E+00   -5.361599E-10
    5.836100E-02    3.000000E-01    1.200000E+00    6.161616E+00   -3.160032E-10
    5.836100E-02    3.000000E-01    1.200000E+00    6.262626E+00   -1.742575E-10
    5.836100E-02    3.000000E-01    1.200000E+00    6.363636E+00   -3.251171E-11
    5.836100E-02    3.000000E-01    1.200000E+00    6.464646E+00   -8.300160E-12
    5.836100E-02    3.000000E-01    1.200000E+00    6.565657E+00   -6.492432E-12
    5.836100E-02    3.000000E-01    1.200000E+00    6.666667E+00   -4.684705E-12
    5.836100E-02    3.000000E-01    1.200000E+00    6.767677E+00   -2.876978E-12
    5.836100E-02    3.000000E-01    1.200000E+00    6.868687E+00   -1.069251E-12
    5.836100E-02    3.000000E-01    1.200000E+00    6.969697E+00   -2.503969E-15
    5.836100E-02    3.000000E-01    1.200000E+00    7.070707E+00   -2.162959E-15
    5.836100E-02    3.000000E-01    1.200000E+00    7.171717E+00   -1.821949E-15
    5.836100E-02    3.000000E-01    1.200000E+00    7.272727E+00   -1.480940E-15
    5.836100E-02    3.000000E-01    1.200000E+00    7.373737E+00   -1.139930E-15
    5.836100E-02    3.000000E-01    1.200000E+00    7.474747E+00   -7.989198E-16
    5.836100E-02    3.000000E-01    1.200000E+00    7.575758E+00   -4.579098E-16
    5.836100E-02    3.000000E-01    1.200000E+00    7.676768E+00   -1.168999E-16
    5.836100E-02    3.000000E-01    1.200000E+00    7.777778E+00   -4.688622E-22
    5.836100E-02    3.000000E-01    1.200000E+00    7.878788E+00   -4.187590E-22
    5.836100E-02    3.000000E-01    1.200000E+00    7.979798E+00   -3.686558E-22
    5.836100E-02    3.000000E-01    1.200000E+00    8.080808E+00   -3.185526E-22
    5.836100E-02    3.000000E-01    1.200000E+00    8.181818E+00   -2.684495E-22
    5.836100E-02    3.000000E-01    1.200000E+00    8.282828E+00   -2.183463E-22
    5.836100E-02    3.000000E-01    1.200000E+00    8.383838E+00   -1.682431E-22
    5.836100E-02    3.000000E-01    1.200000E+00    8.484848E+00   -1.181399E-22
    5.836100E-02    3.000000E-01    1.200000E+00    8.585859E+00   -6.803672E-23
    5.836100E-02    3.000000E-01    1.200000E+00    8.686869E+00   -1.793353E-23
    5.836100E-02    3.000000E-01    1.200000E+00    8.787879E+00   -3.642259E-33
    5.836100E-02    3.000000E-01    1.200000E+00    8.888889E+00   -3.877823E-33
    5.836100E-02    3.000000E-01    1.200000E+00    8.989899E+00   -4.113388E-33
    5.836100E-02    3.000000E-01    1.200000E+00    9.090909E+00   -4.348953E-33
    5.836100E-02    3.000000E-01    1.200000E+00    9.191919E+00   -4.584517E-33
    5.836100E-02    3.000000E-01    1.200000E+00    9.292929E+00   -4.820082E-33
    5.836100E-02    3.000000E-01    1.200000E+00    9.393939E+00   -5.055647E-33
    5.836100E-02    3.000000E-01    1.200000E+00    9.494949E+00   -5.291211E-33
    5.836100E-02    3.000000E-01    1.200000E+00    9.595960E+00   -5.526776E-33
    5.836100E-02    3.000000E-01    1.200000E+00    9.696970E+00   -5.762341E-33
    5.836100E-02    3.000000E-01    1.200000E+00    9.797980E+00   -5.997905E-33
    5.836100E-02    3.000000E-01    1.200000E+00    9.898990E+00   -6.233470E-33
    5.836100E-02    3.000000E-01    1.200000E+00    1.000000E+01   -6.520201E-33

    5.836100E-02    4.000000E-01    1.200000E+00    0.000000E+00    4.226099E-06
    5.836100E-02    4.000000E-01    1.200000E+00    1.010101E-01    4.212746E-06
    5.836100E-02    4.000000E-01    1.200000E+00    2.020202E-01    4.172658E-06
    5.836100E-02    4.000000E-01    1.200000E+00    3.030303E-01    4.106062E-06
    5.836100E-02    4.000000E-01    1.200000E+00    4.040404E-01    4.012330E-06
    5.836100E-02    4.000000E-01    1.200000E+00    5.050505E-01    3.891695E-06
    5.836100E-02    4.000000E-01    1.200000E+00    6.060606E-01    3.743372E-06
    5.836100E-02    4.000000E-01    1.200000E+00    7.070707E-01    3.566861E-06
    5.836100E-02    4.000000E-01    1.200000E+00    8.080808E-01    3.361359E-06
    5.836100E-02    4.000000E-01    1.200000E+00    9.090909E-01    3.126033E-06
    5.836100E-02    4.000000E-01    1.200000E+00    1.010101E+00    2.860268E-06
    5.836100E-02    4.000000E-01    1.200000E+00    1.111111E+00    2.563854E-06
    5.836100E-02    4.000000E-01    1.200000E+00    1.212121E+00    2.237300E-06
    5.836100E-02    4.000000E-01    1.200000E+00    1.313131E+00    1.881939E-06
    5.836100E-02    4.000000E-01    1.200000E+00    1.414141E+00    1.499853E-06
    5.836100E-02    4.000000E-01    1.200000E+00    1.515152E+00    1.093648E-06
    5.836100E-02    4.000000E-01    1.200000E+00    1.616162E+00    6.661761E-07
    5.836100E-02    4.000000E-01    1.200000E+00    1.717172E+00    2.211056E-07
    5.836100E-02    4.000000E-01    1.200000E+00    1.818182E+00   -2.363020E-07
    5.836100E-02    4.000000E-01    1.200000E+00    1.919192E+00   -6.977417E-07
    5.836100E-02    4.000000E-01    1.200000E+00    2.020202E+00   -1.151319E-06
    5.836100E-02    4.000000E-01    1.200000E+00    2.121212E+00   -1.583954E-06
    5.836100E-02    4.000000E-01    1.200000E+00    2.222222E+00   -1.975018E-06
    5.836100E-02    4.000000E-01    1.200000E+00    2.323232E+00   -2.302661E-06
    5.836100E-02    4.000000E-01    1.200000E+00    2.424242E+00   -2.555510E-06
    5.836100E-02    4.000000E-01    1.200000E+00    2.525253E+00   -2.725063E-06
    5.836100E-02    4.000000E-01    1.200000E+00    2.626263E+00   -2.811268E-06
    5.836100E-02    4.000000E-01    1.200000E+00    2.727273E+00   -2.807133E-06
    5.836100E-02    4.000000E-01    1.200000E+00    2.828283E+00   -2.738496E-06
    5.836100E-02    4.000000E-01    1.200000E+00    2.929293E+00   -2.597974E-06
    5.836100E-02    4.000000E-01    1.200000E+00    3.030303E+00   -2.390600E-06
    5.836100E-02    4.000000E-01    1.200000E+00    3.131313E+00   -2.117285E-06
    5.836100E-02    4.000000E-01    1.200000E+00    3.232323E+00   -1.800695E-06
    5.836100E-02    4.000000E-01    1.200000E+00    3.333333E+00   -1.467831E-06
    5.836100E-02    4.000000E-01    1.200000E+00    3.434343E+00   -1.147496E-06
    5.836100E-02    4.000000E-01    1.200000E+00    3.535354E+00   -8.512055E-07
    5.836100E-02    4.000000E-01    1.200000E+00    3.636364E+00   -6.182473E-07
    5.836100E-02    4.000000E-01    1.200000E+00    3.737374E+00   -4.291098E-07
    5.836100E-02    4.000000E-01    1.200000E+00    3.838384E+00   -2.758969E-07
    5.836100E-02    4.000000E-01    1.200000E+00    3.939394E+00   -1.837103E-07
    5.836100E-02    4.000000E-01    1.200000E+00    4.040404E+00   -1.048239E-07
    5.836100E-02    4.000000E-01    1.200000E+00    4.141414E+00   -6.598313E-08
    5.836100E-02    4.000000E-01    1.200000E+00    4.242424E+00   -3.415323E-08
    5.836100E-02    4.000000E-01    1.200000E+00    4.343434E+00   -1.964596E-08
    5.836100E-02    4.000000E-01    1.200000E+00    4.444444E+00   -9.196368E-09
    5.836100E-02    4.000000E-01    1.200000E+00    4.545455E+00   -4.801806E-09
    5.836100E-02    4.000000E-01    1.200000E+00    4.646465E+00   -2.053247E-09
    5.836100E-02    4.000000E-01    1.200000E+00    4.747475E+00   -9.589075E-10
    5.836100E-02    4.000000E-01    1.200000E+00    4.848485E+00   -3.909620E-10
    5.836100E-02    4.000000E-01    1.200000E+00    4.949495E+00   -1.569054E-10
    5.836100E-02    4.000000E-01    1.200000E+00    5.050505E+00   -6.734278E-11
    5.836100E-02    4.000000E-01    1.200000E+00    5.151515E+00   -2.084987E-11
    5.836100E-02    4.000000E-01    1.200000E+00    5.252525E+00   -1.107125E-11
    5.836100E-02    4.000000E-01    1.200000E+00    5.353535E+00   -3.909017E-12
    5.836100E-02    4.000000E-01    1.200000E+00    5.454545E+00   -1.595318E-12
    5.836100E-02    4.000000E-01    1.200000E+00    5.555556E+00   -6.739598E-13
    5.836100E-02    4.000000E-01    1.200000E+00    5.656566E+00   -2.458709E-13
    5.836100E-02    4.000000E-01    1.200000E+00    5.757576E+00   -8.704269E-14
    5.836100E-02    4.000000E-01    1.200000E+00    5.858586E+00   -3.064791E-14
    5.836100E-02    4.000000E-01    1.200000E+00    5.959596E+00   -9.822673E-15
    5.836100E-02    4.000000E-01    1.200000E+00    6.060606E+00   -3.337288E-15
    5.836100E-02    4.000000E-01    1.200000E+00    6.161616E+00   -1.967000E-15
    5.836100E-02    4.000000E-01    1.200000E+00    6.262626E+00   -1.084697E-15
    5.836100E-02    4.000000E-01    1.200000E+00    6.363636E+00   -2.023947E-16
    5.836100E-02    4.000000E-01    1.200000E+00    6.464646E+00   -5.168509E-17
    5.836100E-02    4.000000E-01    1.200000E+00    6.565657E+00   -4.042838E-17
    5.836100E-02    4.000000E-01    1.200000E+00    6.666667E+00   -2.917166E-17
    5.836100E-02    4.000000E-01    1.200000E+00    6.767677E+00   -1.791495E-17
    5.836100E-02    4.000000E-01    1.200000E+00    6.868687E+00   -6.658235E-18
    5.836100E-02    4.000000E-01    1.200000E+00    6.969697E+00   -1.560514E-20
    5.836100E-02    4.000000E-01    1.200000E+00    7.070707E+00   -1.347991E-20
    5.836100E-02    4.000000E-01    1.200000E+00    7.171717E+00   -1.135468E-20
    5.836100E-02    4.000000E-01    1.200000E+00    7.272727E+00   -9.229455E-21
    5.836100E-02    4.000000E-01    1.200000E+00    7.373737E+00   -7.104226E-21
    5.836100E-02    4.000000E-01    1.200000E+00    7.474747E+00   -4.978997E-21
    5.836100E-02    4.000000E-01    1.200000E+00    7.575758E+00   -2.853768E-21
    5.836100E-02    4.000000E-01    1.200000E+00    7.676768E+00   -7.285394E-22
    5.836100E-02    4.000000E-01    1.200000E+00    7.777778E+00   -2.926625E-27
    5.836100E-02    4.000000E-01    1.200000E+00    7.878788E+00   -2.613883E-27
    5.836100E-02    4.000000E-01    1.200000E+00    7.979798E+00   -2.301140E-27
    5.836100E-02    4.000000E-01    1.200000E+00    8.080808E+00   -1.988397E-27
    5.836100E-02    4.000000E-01    1.200000E+00    8.181818E+00   -1.675654E-27
    5.836100E-02    4.000000E-01    1.200000E+00    8.282828E+00   -1.362912E-27
    5.836100E-02    4.000000E-01    1.200000E+00    8.383838E+00   -1.050169E-27
    5.836100E-02    4.000000E-01    1.200000E+00    8.484848E+00   -7.374261E-28
    5.836100E-02    4.000000E-01    1.200000E+00    8.585859E+00   -4.246834E-28
    5.836100E-02    4.000000E-01    1.200000E+00    8.686869E+00   -1.119406E-28
    5.836100E-02    4.000000E-01    1.200000E+00    8.787879E+00   -2.232406E-38
    5.836100E-02    4.000000E-01    1.200000E+00    8.888889E+00   -2.377158E-38
    5.836100E-02    4.000000E-01    1.200000E+00    8.989899E+00   -2.521910E-38
    5.836100E-02    4.000000E-01    1.200000E+00    9.090909E+00   -2.666662E-38
    5.836100E-02    4.000000E-01    1.200000E+00    9.191919E+00   -2.811413E-38
    5.836100E-02    4.000000E-01    1.200000E+00    9.292929E+00   -2.956165E-38
    5.836100E-02    4.000000E-01    1.200000E+00    9.393939E+00   -3.100917E-38
    5.836100E-02    4.000000E-01    1.200000E+00    9.494949E+00   -3.245669E-38
    5.836100E-02    4.000000E-01    1.200000E+00    9.595960E+00   -3.390421E-38
    5.836100E-02    4.000000E-01    1.200000E+00    9.696970E+00   -3.535173E-38
    5.836100E-02    4.000000E-01    1.200000E+00    9.797980E+00   -3.679924E-38
    5.836100E-02    4.000000E-01    1.200000E+00    9.898990E+00   -3.824676E-38
    5.836100E-02    4.000000E-01    1.200000E+00    1.000000E+01   -4.000916E-38

    5.836100E-02    5.000000E-01    1.200000E+00    0.000000E+00    1.602033E-06
    5.836100E-02    5.000000E-01    1.200000E+00    1.010101E-01    1.596978E-06
    5.836100E-02    5.000000E-01    1.200000E+00    2.020202E-01    1.581803E-06
    5.836100E-02    5.000000E-01    1.200000E+00    3.030303E-01    1.556597E-06
    5.836100E-02    5.000000E-01    1.200000E+00    4.040404E-01    1.521126E-06
    5.836100E-02    5.000000E-01    1.200000E+00    5.050505E-01    1.475488E-06
    5.836100E-02    5.000000E-01    1.200000E+00    6.060606E-01    1.419397E-06
    5.836100E-02    5.000000E-01    1.200000E+00    7.070707E-01    1.352683E-06
    5.836100E-02    5.000000E-01    1.200000E+00    8.080808E-01    1.275065E-06
    5.836100E-02    5.000000E-01    1.200000E+00    9.090909E-01    1.186258E-06
    5.836100E-02    5.000000E-01    1.200000E+00    1.010101E+00    1.086060E-06
    5.836100E-02    5.000000E-01    1.200000E+00    1.111111E+00    9.744179E-07
    5.836100E-02    5.000000E-01    1.200000E+00    1.212121E+00    8.515420E-07
    5.836100E-02    5.000000E-01    1.200000E+00    1.313131E+00    7.179385E-07
    5.836100E-02    5.000000E-01    1.200000E+00    1.414141E+00    5.743844E-07
    5.836100E-02    5.000000E-01    1.200000E+00    1.515152E+00    4.218451E-07
    5.836100E-02    5.000000E-01    1.200000E+00    1.616162E+00    2.613788E-07
    5.836100E-02    5.000000E-01    1.200000E+00    1.717172E+00    9.435106E-08
    5.836100E-02    5.000000E-01    1.200000E+00    1.818182E+00   -7.727468E-08
    5.836100E-02    5.000000E-01    1.200000E+00    1.919192E+00   -2.503966E-07
    5.836100E-02    5.000000E-01    1.200000E+00    2.020202E+00   -4.205694E-07
    5.836100E-02    5.000000E-01    1.200000E+00    2.121212E+00   -5.829080E-07
    5.836100E-02    5.000000E-01    1.200000E+00    2.222222E+00   -7.297046E-07
    5.836100E-02    5.000000E-01    1.200000E+00    2.323232E+00   -8.527969E-07
    5.836100E-02    5.000000E-01    1.200000E+00    2.424242E+00   -9.479395E-07
    5.836100E-02    5.000000E-01    1.200000E+00    2.525253E+00   -1.011960E-06
    5.836100E-02    5.000000E-01    1.200000E+00    2.626263E+00   -1.044843E-06
    5.836100E-02    5.000000E-01    1.200000E+00    2.727273E+00   -1.043982E-06
    5.836100E-02    5.000000E-01    1.200000E+00    2.828283E+00   -1.019023E-06
    5.836100E-02    5.000000E-01    1.200000E+00    2.929293E+00   -9.671966E-07
    5.836100E-02    5.000000E-01    1.200000E+00    3.030303E+00   -8.903590E-07
    5.836100E-02    5.000000E-01    1.200000E+00    3.131313E+00   -7.888229E-07
    5.836100E-02    5.000000E-01    1.200000E+00    3.232323E+00   -6.710456E-07
    5.836100E-02    5.000000E-01    1.200000E+00    3.333333E+00   -5.471066E-07
    5.836100E-02    5.000000E-01    1.200000E+00    3.434343E+00   -4.277735E-07
    5.836100E-02    5.000000E-01    1.200000E+00    3.535354E+00   -3.173628E-07
    5.836100E-02    5.000000E-01    1.200000E+00    3.636364E+00   -2.305271E-07
    5.836100E-02    5.000000E-01    1.200000E+00    3.737374E+00   -1.600189E-07
    5.836100E-02    5.000000E-01    1.200000E+00    3.838384E+00   -1.028959E-07
    5.836100E-02    5.000000E-01    1.200000E+00    3.939394E+00   -6.852017E-08
    5.836100E-02    5.000000E-01    1.200000E+00    4.040404E+00   -3.910252E-08
    5.836100E-02    5.000000E-01    1.200000E+00    4.141414E+00   -2.461559E-08
    5.836100E-02    5.000000E-01    1.200000E+00    4.242424E+00   -1.274323E-08
    5.836100E-02    5.000000E-01    1.200000E+00    4.343434E+00   -7.331014E-09
    5.836100E-02    5.000000E-01    1.200000E+00    4.444444E+00   -3.432405E-09
    5.836100E-02    5.000000E-01    1.200000E+00    4.545455E+00   -1.792464E-09
    5.836100E-02    5.000000E-01    1.200000E+00    4.646465E+00   -7.666894E-10
    5.836100E-02    5.000000E-01    1.200000E+00    4.747475E+00   -3.581478E-10
    5.836100E-02    5.000000E-01    1.200000E+00    4.848485E+00   -1.460888E-10
    5.836100E-02    5.000000E-01    1.200000E+00    4.949495E+00   -5.865766E-11
    5.836100E-02    5.000000E-01    1.200000E+00    5.050505E+00   -2.518956E-11
    5.836100E-02    5.000000E-01    1.200000E+00    5.151515E+00   -7.806486E-12
    5.836100E-02    5.000000E-01    1.200000E+00    5.252525E+00   -4.146266E-12
    5.836100E-02    5.000000E-01    1.200000E+00    5.353535E+00   -1.465069E-12
    5.836100E-02    5.000000E-01    1.200000E+00    5.454545E+00   -5.981395E-13
    5.836100E-02    5.000000E-01    1.200000E+00    5.555556E+00   -2.527751E-13
    5.836100E-02    5.000000E-01    1.200000E+00    5.656566E+00   -9.224553E-14
    5.836100E-02    5.000000E-01    1.200000E+00    5.757576E+00   -3.266430E-14
    5.836100E-02    5.000000E-01    1.200000E+00    5.858586E+00   -1.150336E-14
    5.836100E-02    5.000000E-01    1.200000E+00    5.959596E+00   -3.687554E-15
    5.836100E-02    5.000000E-01    1.200000E+00    6.060606E+00   -1.253058E-15
    5.836100E-02    5.000000E-01    1.200000E+00    6.161616E+00   -7.385880E-16
    5.836100E-02    5.000000E-01    1.200000E+00    6.262626E+00   -4.072986E-16
    5.836100E-02    5.000000E-01    1.200000E+00    6.363636E+00   -7.600926E-17
    5.836100E-02    5.000000E-01    1.200000E+00    6.464646E+00   -1.941832E-17
    5.836100E-02    5.000000E-01    1.200000E+00    6.565657E+00   -1.518912E-17
    5.836100E-02    5.000000E-01    1.200000E+00    6.666667E+00   -1.095993E-17
    5.836100E-02    5.000000E-01    1.200000E+00    6.767677E+00   -6.730732E-18
    5.836100E-02    5.000000E-01    1.200000E+00    6.868687E+00   -2.501535E-18
    5.836100E-02    5.000000E-01    1.200000E+00    6.969697E+00   -5.870283E-21
    5.836100E-02    5.000000E-01    1.200000E+00    7.070707E+00   -5.070823E-21
    5.836100E-02    5.000000E-01    1.200000E+00    7.171717E+00   -4.271362E-21
    5.836100E-02    5.000000E-01    1.200000E+00    7.272727E+00   -3.471901E-21
    5.836100E-02    5.000000E-01    1.200000E+00    7.373737E+00   -2.672441E-21
    5.836100E-02    5.000000E-01    1.200000E+00    7.474747E+00   -1.872980E-21
    5.836100E-02    5.000000E-01    1.200000E+00    7.575758E+00   -1.073520E-21
    5.836100E-02    5.000000E-01    1.200000E+00    7.676768E+00   -2.740592E-22
    5.836100E-02    5.000000E-01    1.200000E+00    7.777778E+00   -1.103590E-27
    5.836100E-02    5.000000E-01    1.200000E+00    7.878788E+00   -9.856593E-28
    5.836100E-02    5.000000E-01    1.200000E+00    7.979798E+00   -8.677283E-28
    5.836100E-02    5.000000E-01    1.200000E+00    8.080808E+00   -7.497973E-28
    5.836100E-02    5.000000E-01    1.200000E+00    8.181818E+00   -6.318663E-28
    5.836100E-02    5.000000E-01    1.200000E+00    8.282828E+00   -5.139353E-28
    5.836100E-02    5.000000E-01    1.200000E+00    8.383838E+00   -3.960043E-28
    5.836100E-02    5.000000E-01    1.200000E+00    8.484848E+00   -2.780733E-28
    5.836100E-02    5.000000E-01    1.200000E+00    8.585859E+00   -1.601423E-28
    5.836100E-02    5.000000E-01    1.200000E+00    8.686869E+00   -4.221127E-29
    5.836100E-02    5.000000E-01    1.200000E+00    8.787879E+00   -8.170963E-39
    5.836100E-02    5.000000E-01    1.200000E+00    8.888889E+00   -8.703066E-39
    5.836100E-02    5.000000E-01    1.200000E+00    8.989899E+00   -9.235168E-39
    5.836100E-02    5.000000E-01    1.200000E+00    9.090909E+00   -9.767271E-39
    5.836100E-02    5.000000E-01    1.200000E+00    9.191919E+00   -1.029937E-38
    5.836100E-02    5.000000E-01    1.200000E+00    9.292929E+00   -1.083148E-38
    5.836100E-02    5.000000E-01    1.200000E+00    9.393939E+00   -1.136358E-38
    5.836100E-02    5.000000E-01    1.200000E+00    9.494949E+00   -1.189568E-38
    5.836100E-02    5.000000E-01    1.200000E+00    9.595960E+00   -1.242778E-38
    5.836100E-02    5.000000E-01    1.200000E+00    9.696970E+00   -1.295989E-38
    5.836100E-02    5.000000E-01    1.200000E+00    9.797980E+00   -1.349199E-38
    5.836100E-02    5.000000E-01    1.200000E+00    9.898990E+00   -1.402409E-38
    5.836100E-02    5.000000E-01    1.200000E+00    1.000000E+01   -1.467223E-38

    5.836100E-02    6.000000E-01    1.200000E+00    0.000000E+00    1.035259E-06
    5.836100E-02    6.000000E-01    1.200000E+00    1.010101E-01    1.031996E-06
    5.836100E-02    6.000000E-01    1.200000E+00    2.020202E-01    1.022201E-06
    5.836100E-02    6.000000E-01    1.200000E+00    3.030303E-01    1.005931E-06
    5.836100E-02    6.000000E-01    1.200000E+00    4.040404E-01    9.830401E-07
    5.836100E-02    6.000000E-01    1.200000E+00    5.050505E-01    9.535950E-07
    5.836100E-02    6.000000E-01    1.200000E+00    6.060606E-01    9.174190E-07
    5.836100E-02    6.000000E-01    1.200000E+00    7.070707E-01    8.744118E-07
    5.836100E-02    6.000000E-01    1.200000E+00    8.080808E-01    8.244064E-07
    5.836100E-02    6.000000E-01    1.200000E+00    9.090909E-01    7.672348E-07
    5.836100E-02    6.000000E-01    1.200000E+00    1.010101E+00    7.027841E-07
    5.836100E-02    6.000000E-01    1.200000E+00    1.111111E+00    6.310364E-07
    5.836100E-02    6.000000E-01    1.200000E+00    1.212121E+00    5.521357E-07
    5.836100E-02    6.000000E-01    1.200000E+00    1.313131E+00    4.664100E-07
    5.836100E-02    6.000000E-01    1.200000E+00    1.414141E+00    3.743537E-07
    5.836100E-02    6.000000E-01    1.200000E+00    1.515152E+00    2.765784E-07
    5.836100E-02    6.000000E-01    1.200000E+00    1.616162E+00    1.737547E-07
    5.836100E-02    6.000000E-01    1.200000E+00    1.717172E+00    6.675085E-08
    5.836100E-02    6.000000E-01    1.200000E+00    1.818182E+00   -4.318154E-08
    5.836100E-02    6.000000E-01    1.200000E+00    1.919192E+00   -1.540636E-07
    5.836100E-02    6.000000E-01    1.200000E+00    2.020202E+00   -2.630578E-07
    5.836100E-02    6.000000E-01    1.200000E+00    2.121212E+00   -3.670472E-07
    5.836100E-02    6.000000E-01    1.200000E+00    2.222222E+00   -4.611124E-07
    5.836100E-02    6.000000E-01    1.200000E+00    2.323232E+00   -5.400453E-07
    5.836100E-02    6.000000E-01    1.200000E+00    2.424242E+00   -6.011384E-07
    5.836100E-02    6.000000E-01    1.200000E+00    2.525253E+00   -6.423694E-07
    5.836100E-02    6.000000E-01    1.200000E+00    2.626263E+00   -6.637315E-07
    5.836100E-02    6.000000E-01    1.200000E+00    2.727273E+00   -6.635625E-07
    5.836100E-02    6.000000E-01    1.200000E+00    2.828283E+00   -6.480169E-07
    5.836100E-02    6.000000E-01    1.200000E+00    2.929293E+00   -6.153186E-07
    5.836100E-02    6.000000E-01    1.200000E+00    3.030303E+00   -5.666404E-07
    5.836100E-02    6.000000E-01    1.200000E+00    3.131313E+00   -5.021655E-07
    5.836100E-02    6.000000E-01    1.200000E+00    3.232323E+00   -4.272851E-07
    5.836100E-02    6.000000E-01    1.200000E+00    3.333333E+00   -3.484268E-07
    5.836100E-02    6.000000E-01    1.200000E+00    3.434343E+00   -2.724660E-07
    5.836100E-02    6.000000E-01    1.200000E+00    3.535354E+00   -2.021653E-07
    5.836100E-02    6.000000E-01    1.200000E+00    3.636364E+00   -1.468610E-07
    5.836100E-02    6.000000E-01    1.200000E+00    3.737374E+00   -1.019515E-07
    5.836100E-02    6.000000E-01    1.200000E+00    3.838384E+00   -6.556375E-08
    5.836100E-02    6.000000E-01    1.200000E+00    3.939394E+00   -4.366303E-08
    5.836100E-02    6.000000E-01    1.200000E+00    4.040404E+00   -2.492031E-08
    5.836100E-02    6.000000E-01    1.200000E+00    4.141414E+00   -1.568876E-08
    5.836100E-02    6.000000E-01    1.200000E+00    4.242424E+00   -8.123083E-09
    5.836100E-02    6.000000E-01    1.200000E+00    4.343434E+00   -4.673526E-09
    5.836100E-02    6.000000E-01    1.200000E+00    4.444444E+00   -2.188580E-09
    5.836100E-02    6.000000E-01    1.200000E+00    4.545455E+00   -1.143069E-09
    5.836100E-02    6.000000E-01    1.200000E+00    4.646465E+00   -4.890610E-10
    5.836100E-02    6.000000E-01    1.200000E+00    4.747475E+00   -2.285099E-10
    5.836100E-02    6.000000E-01    1.200000E+00    4.848485E+00   -9.324843E-11
    5.836100E-02    6.000000E-01    1.200000E+00    4.949495E+00   -3.745747E-11
    5.836100E-02    6.000000E-01    1.200000E+00    5.050505E+00   -1.609381E-11
    5.836100E-02    6.000000E-01    1.200000E+00    5.151515E+00   -4.992118E-12
    5.836100E-02    6.000000E-01    1.200000E+00    5.252525E+00   -2.652078E-12
    5.836100E-02    6.000000E-01    1.200000E+00    5.353535E+00   -9.377591E-13
    5.836100E-02    6.000000E-01    1.200000E+00    5.454545E+00   -3.829895E-13
    5.836100E-02    6.000000E-01    1.200000E+00    5.555556E+00   -1.619017E-13
    5.836100E-02    6.000000E-01    1.200000E+00    5.656566E+00   -5.910007E-14
    5.836100E-02    6.000000E-01    1.200000E+00    5.757576E+00   -2.093192E-14
    5.836100E-02    6.000000E-01    1.200000E+00    5.858586E+00   -7.372843E-15
    5.836100E-02    6.000000E-01    1.200000E+00    5.959596E+00   -2.363878E-15
    5.836100E-02    6.000000E-01    1.200000E+00    6.060606E+00   -8.033777E-16
    5.836100E-02    6.000000E-01    1.200000E+00    6.161616E+00   -4.735535E-16
    5.836100E-02    6.000000E-01    1.200000E+00    6.262626E+00   -2.611473E-16
    5.836100E-02    6.000000E-01    1.200000E+00    6.363636E+00   -4.874114E-17
    5.836100E-02    6.000000E-01    1.200000E+00    6.464646E+00   -1.245666E-17
    5.836100E-02    6.000000E-01    1.200000E+00    6.565657E+00   -9.743672E-18
    5.836100E-02    6.000000E-01    1.200000E+00    6.666667E+00   -7.030686E-18
    5.836100E-02    6.000000E-01    1.200000E+00    6.767677E+00   -4.317700E-18
    5.836100E-02    6.000000E-01    1.200000E+00    6.868687E+00   -1.604714E-18
    5.836100E-02    6.000000E-01    1.200000E+00    6.969697E+00   -3.769968E-21
    5.836100E-02    6.000000E-01    1.200000E+00    7.070707E+00   -3.256545E-21
    5.836100E-02    6.000000E-01    1.200000E+00    7.171717E+00   -2.743121E-21
    5.836100E-02    6.000000E-01    1.200000E+00    7.272727E+00   -2.229698E-21
    5.836100E-02    6.000000E-01    1.200000E+00    7.373737E+00   -1.716274E-21
    5.836100E-02    6.000000E-01    1.200000E+00    7.474747E+00   -1.202851E-21
    5.836100E-02    6.000000E-01    1.200000E+00    7.575758E+00   -6.894276E-22
    5.836100E-02    6.000000E-01    1.200000E+00    7.676768E+00   -1.760042E-22
    5.836100E-02    6.000000E-01    1.200000E+00    7.777778E+00   -7.102728E-28
    5.836100E-02    6.000000E-01    1.200000E+00    7.878788E+00   -6.343722E-28
    5.836100E-02    6.000000E-01    1.200000E+00    7.979798E+00   -5.584716E-28
    5.836100E-02    6.000000E-01    1.200000E+00    8.080808E+00   -4.825710E-28
    5.836100E-02    6.000000E-01    1.200000E+00    8.181818E+00   -4.066704E-28
    5.836100E-02    6.000000E-01    1.200000E+00    8.282828E+00   -3.307697E-28
    5.836100E-02    6.000000E-01    1.200000E+00    8.383838E+00   -2.548691E-28
    5.836100E-02    6.000000E-01    1.200000E+00    8.484848E+00   -1.789685E-28
    5.836100E-02    6.000000E-01    1.200000E+00    8.585859E+00   -1.030679E-28
    5.836100E-02    6.000000E-01    1.200000E+00    8.686869E+00   -2.716725E-29
    5.836100E-02    6.000000E-01    1.200000E+00    8.787879E+00   -5.119171E-39
    5.836100E-02    6.000000E-01    1.200000E+00    8.888889E+00   -5.453850E-39
    5.836100E-02    6.000000E-01    1.200000E+00    8.989899E+00   -5.788529E-39
    5.836100E-02    6.000000E-01    1.200000E+00    9.090909E+00   -6.123208E-39
    5.836100E-02    6.000000E-01    1.200000E+00    9.191919E+00   -6.457886E-39
    5.836100E-02    6.000000E-01    1.200000E+00    9.292929E+00   -6.792565E-39
    5.836100E-02    6.000000E-01    1.200000E+00    9.393939E+00   -7.127244E-39
    5.836100E-02    6.000000E-01    1.200000E+00    9.494949E+00   -7.461922E-39
    5.836100E-02    6.000000E-01    1.200000E+00    9.595960E+00   -7.796601E-39
    5.836100E-02    6.000000E-01    1.200000E+00    9.696970E+00   -8.131280E-39
    5.836100E-02    6.000000E-01    1.200000E+00    9.797980E+00   -8.465959E-39
    5.836100E-02    6.000000E-01    1.200000E+00    9.898990E+00   -8.800637E-39
    5.836100E-02    6.000000E-01    1.200000E+00    1.000000E+01   -9.208468E-39

    5.836100E-02    7.000000E-01    1.200000E+00    0.000000E+00    7.943748E-07
    5.836100E-02    7.000000E-01    1.200000E+00    1.010101E-01    7.918730E-07
    5.836100E-02    7.000000E-01    1.200000E+00    2.020202E-01    7.843628E-07
    5.836100E-02    7.000000E-01    1.200000E+00    3.030303E-01    7.718903E-07
    5.836100E-02    7.000000E-01    1.200000E+00    4.040404E-01    7.543448E-07
    5.836100E-02    7.000000E-01    1.200000E+00    5.050505E-01    7.317807E-07
    5.836100E-02    7.000000E-01    1.200000E+00    6.060606E-01    7.040674E-07
    5.836100E-02    7.000000E-01    1.200000E+00    7.070707E-01    6.711352E-07
    5.836100E-02    7.000000E-01    1.200000E+00    8.080808E-01    6.328655E-07
    5.836100E-02    7.000000E-01    1.200000E+00    9.090909E-01    5.891408E-07
    5.836100E-02    7.000000E-01    1.200000E+00    1.010101E+00    5.398868E-07
    5.836100E-02    7.000000E-01    1.200000E+00    1.111111E+00    4.850999E-07
    5.836100E-02    7.000000E-01    1.200000E+00    1.212121E+00    4.248970E-07
    5.836100E-02    7.000000E-01    1.200000E+00    1.313131E+00    3.595300E-07
    5.836100E-02    7.000000E-01    1.200000E+00    1.414141E+00    2.893729E-07
    5.836100E-02    7.000000E-01    1.200000E+00    1.515152E+00    2.148864E-07
    5.836100E-02    7.000000E-01    1.200000E+00    1.616162E+00    1.365760E-07
    5.836100E-02    7.000000E-01    1.200000E+00    1.717172E+00    5.509807E-08
    5.836100E-02    7.000000E-01    1.200000E+00    1.818182E+00   -2.859856E-08
    5.836100E-02    7.000000E-01    1.200000E+00    1.919192E+00   -1.130127E-07
    5.836100E-02    7.000000E-01    1.200000E+00    2.020202E+00   -1.959906E-07
    5.836100E-02    7.000000E-01    1.200000E+00    2.121212E+00   -2.751673E-07
    5.836100E-02    7.000000E-01    1.200000E+00    2.222222E+00   -3.468094E-07
    5.836100E-02    7.000000E-01    1.200000E+00    2.323232E+00   -4.069651E-07
    5.836100E-02    7.000000E-01    1.200000E+00    2.424242E+00   -4.535810E-07
    5.836100E-02    7.000000E-01    1.200000E+00    2.525253E+00   -4.851241E-07
    5.836100E-02    7.000000E-01    1.200000E+00    2.626263E+00   -5.015910E-07
    5.836100E-02    7.000000E-01    1.200000E+00    2.727273E+00   -5.017217E-07
    5.836100E-02    7.000000E-01    1.200000E+00    2.828283E+00   -4.901851E-07
    5.836100E-02    7.000000E-01    1.200000E+00    2.929293E+00   -4.656280E-07
    5.836100E-02    7.000000E-01    1.200000E+00    3.030303E+00   -4.289319E-07
    5.836100E-02    7.000000E-01    1.200000E+00    3.131313E+00   -3.802248E-07
    5.836100E-02    7.000000E-01    1.200000E+00    3.232323E+00   -3.235937E-07
    5.836100E-02    7.000000E-01    1.200000E+00    3.333333E+00   -2.639129E-07
    5.836100E-02    7.000000E-01    1.200000E+00    3.434343E+00   -2.064022E-07
    5.836100E-02    7.000000E-01    1.200000E+00    3.535354E+00   -1.531636E-07
    5.836100E-02    7.000000E-01    1.200000E+00    3.636364E+00   -1.112719E-07
    5.836100E-02    7.000000E-01    1.200000E+00    3.737374E+00   -7.725153E-08
    5.836100E-02    7.000000E-01    1.200000E+00    3.838384E+00   -4.968396E-08
    5.836100E-02    7.000000E-01    1.200000E+00    3.939394E+00   -3.308973E-08
    5.836100E-02    7.000000E-01    1.200000E+00    4.040404E+00   -1.888777E-08
    5.836100E-02    7.000000E-01    1.200000E+00    4.141414E+00   -1.189165E-08
    5.836100E-02    7.000000E-01    1.200000E+00    4.242424E+00   -6.157885E-09
    5.836100E-02    7.000000E-01    1.200000E+00    4.343434E+00   -3.543159E-09
    5.836100E-02    7.000000E-01    1.200000E+00    4.444444E+00   -1.659523E-09
    5.836100E-02    7.000000E-01    1.200000E+00    4.545455E+00   -8.668539E-10
    5.836100E-02    7.000000E-01    1.200000E+00    4.646465E+00   -3.709761E-10
    5.836100E-02    7.000000E-01    1.200000E+00    4.747475E+00   -1.733713E-10
    5.836100E-02    7.000000E-01    1.200000E+00    4.848485E+00   -7.077462E-11
    5.836100E-02    7.000000E-01    1.200000E+00    4.949495E+00   -2.844099E-11
    5.836100E-02    7.000000E-01    1.200000E+00    5.050505E+00   -1.222552E-11
    5.836100E-02    7.000000E-01    1.200000E+00    5.151515E+00   -3.795290E-12
    5.836100E-02    7.000000E-01    1.200000E+00    5.252525E+00   -2.016677E-12
    5.836100E-02    7.000000E-01    1.200000E+00    5.353535E+00   -7.135338E-13
    5.836100E-02    7.000000E-01    1.200000E+00    5.454545E+00   -2.915050E-13
    5.836100E-02    7.000000E-01    1.200000E+00    5.555556E+00   -1.232623E-13
    5.836100E-02    7.000000E-01    1.200000E+00    5.656566E+00   -4.500695E-14
    5.836100E-02    7.000000E-01    1.200000E+00    5.757576E+00   -1.594354E-14
    5.836100E-02    7.000000E-01    1.200000E+00    5.858586E+00   -5.616660E-15
    5.836100E-02    7.000000E-01    1.200000E+00    5.959596E+00   -1.801098E-15
    5.836100E-02    7.000000E-01    1.200000E+00    6.060606E+00   -6.121928E-16
    5.836100E-02    7.000000E-01    1.200000E+00    6.161616E+00   -3.608727E-16
    5.836100E-02    7.000000E-01    1.200000E+00    6.262626E+00   -1.990104E-16
    5.836100E-02    7.000000E-01    1.200000E+00    6.363636E+00   -3.714817E-17
    5.836100E-02    7.000000E-01    1.200000E+00    6.464646E+00   -9.497062E-18
    5.836100E-02    7.000000E-01    1.200000E+00    6.565657E+00   -7.428659E-18
    5.836100E-02    7.000000E-01    1.200000E+00    6.666667E+00   -5.360256E-18
    5.836100E-02    7.000000E-01    1.200000E+00    6.767677E+00   -3.291853E-18
    5.836100E-02    7.000000E-01    1.200000E+00    6.868687E+00   -1.223450E-18
    5.836100E-02    7.000000E-01    1.200000E+00    6.969697E+00   -2.877201E-21
    5.836100E-02    7.000000E-01    1.200000E+00    7.070707E+00   -2.485361E-21
    5.836100E-02    7.000000E-01    1.200000E+00    7.171717E+00   -2.093522E-21
    5.836100E-02    7.000000E-01    1.200000E+00    7.272727E+00   -1.701682E-21
    5.836100E-02    7.000000E-01    1.200000E+00    7.373737E+00   -1.309843E-21
    5.836100E-02    7.000000E-01    1.200000E+00    7.474747E+00   -9.180034E-22
    5.836100E-02    7.000000E-01    1.200000E+00    7.575758E+00   -5.261640E-22
    5.836100E-02    7.000000E-01    1.200000E+00    7.676768E+00   -1.343246E-22
    5.836100E-02    7.000000E-01    1.200000E+00    7.777778E+00   -5.431392E-28
    5.836100E-02    7.000000E-01    1.200000E+00    7.878788E+00   -4.850987E-28
    5.836100E-02    7.000000E-01    1.200000E+00    7.979798E+00   -4.270582E-28
    5.836100E-02    7.000000E-01    1.200000E+00    8.080808E+00   -3.690177E-28
    5.836100E-02    7.000000E-01    1.200000E+00    8.181818E+00   -3.109771E-28
    5.836100E-02    7.000000E-01    1.200000E+00    8.282828E+00   -2.529366E-28
    5.836100E-02    7.000000E-01    1.200000E+00    8.383838E+00   -1.948961E-28
    5.836100E-02    7.000000E-01    1.200000E+00    8.484848E+00   -1.368556E-28
    5.836100E-02    7.000000E-01    1.200000E+00    8.585859E+00   -7.881507E-29
    5.836100E-02    7.000000E-01    1.200000E+00    8.686869E+00   -2.077455E-29
    5.836100E-02    7.000000E-01    1.200000E+00    8.787879E+00   -3.819505E-39
    5.836100E-02    7.000000E-01    1.200000E+00    8.888889E+00   -4.070128E-39
    5.836100E-02    7.000000E-01    1.200000E+00    8.989899E+00   -4.320752E-39
    5.836100E-02    7.000000E-01    1.200000E+00    9.090909E+00   -4.571376E-39
    5.836100E-02    7.000000E-01    1.200000E+00    9.191919E+00   -4.822000E-39
    5.836100E-02    7.000000E-01    1.200000E+00    9.292929E+00   -5.072624E-39
    5.836100E-02    7.000000E-01    1.200000E+00    9.393939E+00   -5.323248E-39
    5.836100E-02    7.000000E-01    1.200000E+00    9.494949E+00   -5.573871E-39
    5.836100E-02    7.000000E-01    1.200000E+00    9.595960E+00   -5.824495E-39
    5.836100E-02    7.000000E-01    1.200000E+00    9.696970E+00   -6.075119E-39
    5.836100E-02    7.000000E-01    1.200000E+00    9.797980E+00   -6.325743E-39
    5.836100E-02    7.000000E-01    1.200000E+00    9.898990E+00   -6.576367E-39
    5.836100E-02    7.000000E-01    1.200000E+00    1.000000E+01   -6.881885E-39

    5.836100E-02    8.000000E-01    1.200000E+00    0.000000E+00    6.684327E-07
    5.836100E-02    8.000000E-01    1.200000E+00    1.010101E-01    6.663288E-07
    5.836100E-02    8.000000E-01    1.200000E+00    2.020202E-01    6.600135E-07
    5.836100E-02    8.000000E-01    1.200000E+00    3.030303E-01    6.495264E-07
    5.836100E-02    8.000000E-01    1.200000E+00    4.040404E-01    6.347757E-07
    5.836100E-02    8.000000E-01    1.200000E+00    5.050505E-01    6.158098E-07
    5.836100E-02    8.000000E-01    1.200000E+00    6.060606E-01    5.925228E-07
    5.836100E-02    8.000000E-01    1.200000E+00    7.070707E-01    5.648615E-07
    5.836100E-02    8.000000E-01    1.200000E+00    8.080808E-01    5.327332E-07
    5.836100E-02    8.000000E-01    1.200000E+00    9.090909E-01    4.960480E-07
    5.836100E-02    8.000000E-01    1.200000E+00    1.010101E+00    4.547526E-07
    5.836100E-02    8.000000E-01    1.200000E+00    1.111111E+00    4.088521E-07
    5.836100E-02    8.000000E-01    1.200000E+00    1.212121E+00    3.584494E-07
    5.836100E-02    8.000000E-01    1.200000E+00    1.313131E+00    3.037565E-07
    5.836100E-02    8.000000E-01    1.200000E+00    1.414141E+00    2.450840E-07
    5.836100E-02    8.000000E-01    1.200000E+00    1.515152E+00    1.828130E-07
    5.836100E-02    8.000000E-01    1.200000E+00    1.616162E+00    1.173617E-07
    5.836100E-02    8.000000E-01    1.200000E+00    1.717172E+00    4.927500E-08
    5.836100E-02    8.000000E-01    1.200000E+00    1.818182E+00   -2.065753E-08
    5.836100E-02    8.000000E-01    1.200000E+00    1.919192E+00   -9.118561E-08
    5.836100E-02    8.000000E-01    1.200000E+00    2.020202E+00   -1.605147E-07
    5.836100E-02    8.000000E-01    1.200000E+00    2.121212E+00   -2.266748E-07
    5.836100E-02    8.000000E-01    1.200000E+00    2.222222E+00   -2.865555E-07
    5.836100E-02    8.000000E-01    1.200000E+00    2.323232E+00   -3.368647E-07
    5.836100E-02    8.000000E-01    1.200000E+00    2.424242E+00   -3.758929E-07
    5.836100E-02    8.000000E-01    1.200000E+00    2.525253E+00   -4.023641E-07
    5.836100E-02    8.000000E-01    1.200000E+00    2.626263E+00   -4.162768E-07
    5.836100E-02    8.000000E-01    1.200000E+00    2.727273E+00   -4.165826E-07
    5.836100E-02    8.000000E-01    1.200000E+00    2.828283E+00   -4.071695E-07
    5.836100E-02    8.000000E-01    1.200000E+00    2.929293E+00   -3.869065E-07
    5.836100E-02    8.000000E-01    1.200000E+00    3.030303E+00   -3.565212E-07
    5.836100E-02    8.000000E-01    1.200000E+00    3.131313E+00   -3.161120E-07
    5.836100E-02    8.000000E-01    1.200000E+00    3.232323E+00   -2.690804E-07
    5.836100E-02    8.000000E-01    1.200000E+00    3.333333E+00   -2.194844E-07
    5.836100E-02    8.000000E-01    1.200000E+00    3.434343E+00   -1.716746E-07
    5.836100E-02    8.000000E-01    1.200000E+00    3.535354E+00   -1.274061E-07
    5.836100E-02    8.000000E-01    1.200000E+00    3.636364E+00   -9.256530E-08
    5.836100E-02    8.000000E-01    1.200000E+00    3.737374E+00   -6.426891E-08
    5.836100E-02    8.000000E-01    1.200000E+00    3.838384E+00   -4.133764E-08
    5.836100E-02    8.000000E-01    1.200000E+00    3.939394E+00   -2.753260E-08
    5.836100E-02    8.000000E-01    1.200000E+00    4.040404E+00   -1.571733E-08
    5.836100E-02    8.000000E-01    1.200000E+00    4.141414E+00   -9.896113E-09
    5.836100E-02    8.000000E-01    1.200000E+00    4.242424E+00   -5.125144E-09
    5.836100E-02    8.000000E-01    1.200000E+00    4.343434E+00   -2.949154E-09
    5.836100E-02    8.000000E-01    1.200000E+00    4.444444E+00   -1.381526E-09
    5.836100E-02    8.000000E-01    1.200000E+00    4.545455E+00   -7.217216E-10
    5.836100E-02    8.000000E-01    1.200000E+00    4.646465E+00   -3.089372E-10
    5.836100E-02    8.000000E-01    1.200000E+00    4.747475E+00   -1.444055E-10
    5.836100E-02    8.000000E-01    1.200000E+00    4.848485E+00   -5.897043E-11
    5.836100E-02    8.000000E-01    1.200000E+00    4.949495E+00   -2.370598E-11
    5.836100E-02    8.000000E-01    1.200000E+00    5.050505E+00   -1.019450E-11
    5.836100E-02    8.000000E-01    1.200000E+00    5.151515E+00   -3.167132E-12
    5.836100E-02    8.000000E-01    1.200000E+00    5.252525E+00   -1.683216E-12
    5.836100E-02    8.000000E-01    1.200000E+00    5.353535E+00   -5.958934E-13
    5.836100E-02    8.000000E-01    1.200000E+00    5.454545E+00   -2.435144E-13
    5.836100E-02    8.000000E-01    1.200000E+00    5.555556E+00   -1.029955E-13
    5.836100E-02    8.000000E-01    1.200000E+00    5.656566E+00   -3.761588E-14
    5.836100E-02    8.000000E-01    1.200000E+00    5.757576E+00   -1.332765E-14
    5.836100E-02    8.000000E-01    1.200000E+00    5.858586E+00   -4.695795E-15
    5.836100E-02    8.000000E-01    1.200000E+00    5.959596E+00   -1.506025E-15
    5.836100E-02    8.000000E-01    1.200000E+00    6.060606E+00   -5.119585E-16
    5.836100E-02    8.000000E-01    1.200000E+00    6.161616E+00   -3.017976E-16
    5.836100E-02    8.000000E-01    1.200000E+00    6.262626E+00   -1.664342E-16
    5.836100E-02    8.000000E-01    1.200000E+00    6.363636E+00   -3.107075E-17
    5.836100E-02    8.000000E-01    1.200000E+00    6.464646E+00   -7.945813E-18
    5.836100E-02    8.000000E-01    1.200000E+00    6.565657E+00   -6.215263E-18
    5.836100E-02    8.000000E-01    1.200000E+00    6.666667E+00   -4.484713E-18
    5.836100E-02    8.000000E-01    1.200000E+00    6.767677E+00   -2.754164E-18
    5.836100E-02    8.000000E-01    1.200000E+00    6.868687E+00   -1.023614E-18
    5.836100E-02    8.000000E-01    1.200000E+00    6.969697E+00   -2.409518E-21
    5.836100E-02    8.000000E-01    1.200000E+00    7.070707E+00   -2.081372E-21
    5.836100E-02    8.000000E-01    1.200000E+00    7.171717E+00   -1.753225E-21
    5.836100E-02    8.000000E-01    1.200000E+00    7.272727E+00   -1.425078E-21
    5.836100E-02    8.000000E-01    1.200000E+00    7.373737E+00   -1.096931E-21
    5.836100E-02    8.000000E-01    1.200000E+00    7.474747E+00   -7.687842E-22
    5.836100E-02    8.000000E-01    1.200000E+00    7.575758E+00   -4.406373E-22
    5.836100E-02    8.000000E-01    1.200000E+00    7.676768E+00   -1.124904E-22
    5.836100E-02    8.000000E-01    1.200000E+00    7.777778E+00   -4.556797E-28
    5.836100E-02    8.000000E-01    1.200000E+00    7.878788E+00   -4.069852E-28
    5.836100E-02    8.000000E-01    1.200000E+00    7.979798E+00   -3.582907E-28
    5.836100E-02    8.000000E-01    1.200000E+00    8.080808E+00   -3.095962E-28
    5.836100E-02    8.000000E-01    1.200000E+00    8.181818E+00   -2.609017E-28
    5.836100E-02    8.000000E-01    1.200000E+00    8.282828E+00   -2.122073E-28
    5.836100E-02    8.000000E-01    1.200000E+00    8.383838E+00   -1.635128E-28
    5.836100E-02    8.000000E-01    1.200000E+00    8.484848E+00   -1.148183E-28
    5.836100E-02    8.000000E-01    1.200000E+00    8.585859E+00   -6.612380E-29
    5.836100E-02    8.000000E-01    1.200000E+00    8.686869E+00   -1.742931E-29
    5.836100E-02    8.000000E-01    1.200000E+00    8.787879E+00   -3.132134E-39
    5.836100E-02    8.000000E-01    1.200000E+00    8.888889E+00   -3.338365E-39
    5.836100E-02    8.000000E-01    1.200000E+00    8.989899E+00   -3.544595E-39
    5.836100E-02    8.000000E-01    1.200000E+00    9.090909E+00   -3.750826E-39
    5.836100E-02    8.000000E-01    1.200000E+00    9.191919E+00   -3.957057E-39
    5.836100E-02    8.000000E-01    1.200000E+00    9.292929E+00   -4.163288E-39
    5.836100E-02    8.000000E-01    1.200000E+00    9.393939E+00   -4.369518E-39
    5.836100E-02    8.000000E-01    1.200000E+00    9.494949E+00   -4.575749E-39
    5.836100E-02    8.000000E-01    1.200000E+00    9.595960E+00   -4.781980E-39
    5.836100E-02    8.000000E-01    1.200000E+00    9.696970E+00   -4.988210E-39
    5.836100E-02    8.000000E-01    1.200000E+00    9.797980E+00   -5.194441E-39
    5.836100E-02    8.000000E-01    1.200000E+00    9.898990E+00   -5.400672E-39
    5.836100E-02    8.000000E-01    1.200000E+00    1.000000E+01   -5.652163E-39

    5.836100E-02    9.000000E-01    1.200000E+00    0.000000E+00    5.640926E-07
    5.836100E-02    9.000000E-01    1.200000E+00    1.010101E-01    5.623180E-07
    5.836100E-02    9.000000E-01    1.200000E+00    2.020202E-01    5.569914E-07
    5.836100E-02    9.000000E-01    1.200000E+00    3.030303E-01    5.481466E-07
    5.836100E-02    9.000000E-01    1.200000E+00    4.040404E-01    5.357078E-07
    5.836100E-02    9.000000E-01    1.200000E+00    5.050505E-01    5.197174E-07
    5.836100E-02    9.000000E-01    1.200000E+00    6.060606E-01    5.000892E-07
    5.836100E-02    9.000000E-01    1.200000E+00    7.070707E-01    4.767826E-07
    5.836100E-02    9.000000E-01    1.200000E+00    8.080808E-01    4.497251E-07
    5.836100E-02    9.000000E-01    1.200000E+00    9.090909E-01    4.188477E-07
    5.836100E-02    9.000000E-01    1.200000E+00    1.010101E+00    3.841125E-07
    5.836100E-02    9.000000E-01    1.200000E+00    1.111111E+00    3.455301E-07
    5.836100E-02    9.000000E-01    1.200000E+00    1.212121E+00    3.031909E-07
    5.836100E-02    9.000000E-01    1.200000E+00    1.313131E+00    2.572738E-07
    5.836100E-02    9.000000E-01    1.200000E+00    1.414141E+00    2.080376E-07
    5.836100E-02    9.000000E-01    1.200000E+00    1.515152E+00    1.557987E-07
    5.836100E-02    9.000000E-01    1.200000E+00    1.616162E+00    1.009045E-07
    5.836100E-02    9.000000E-01    1.200000E+00    1.717172E+00    4.380915E-08
    5.836100E-02    9.000000E-01    1.200000E+00    1.818182E+00   -1.482796E-08
    5.836100E-02    9.000000E-01    1.200000E+00    1.919192E+00   -7.396157E-08
    5.836100E-02    9.000000E-01    1.200000E+00    2.020202E+00   -1.320908E-07
    5.836100E-02    9.000000E-01    1.200000E+00    2.121212E+00   -1.875685E-07
    5.836100E-02    9.000000E-01    1.200000E+00    2.222222E+00   -2.377933E-07
    5.836100E-02    9.000000E-01    1.200000E+00    2.323232E+00   -2.800128E-07
    5.836100E-02    9.000000E-01    1.200000E+00    2.424242E+00   -3.127979E-07
    5.836100E-02    9.000000E-01    1.200000E+00    2.525253E+00   -3.350827E-07
    5.836100E-02    9.000000E-01    1.200000E+00    2.626263E+00   -3.468668E-07
    5.836100E-02    9.000000E-01    1.200000E+00    2.727273E+00   -3.472746E-07
    5.836100E-02    9.000000E-01    1.200000E+00    2.828283E+00   -3.395561E-07
    5.836100E-02    9.000000E-01    1.200000E+00    2.929293E+00   -3.227628E-07
    5.836100E-02    9.000000E-01    1.200000E+00    3.030303E+00   -2.974978E-07
    5.836100E-02    9.000000E-01    1.200000E+00    3.131313E+00   -2.638369E-07
    5.836100E-02    9.000000E-01    1.200000E+00    3.232323E+00   -2.246219E-07
    5.836100E-02    9.000000E-01    1.200000E+00    3.333333E+00   -1.832443E-07
    5.836100E-02    9.000000E-01    1.200000E+00    3.434343E+00   -1.433435E-07
    5.836100E-02    9.000000E-01    1.200000E+00    3.535354E+00   -1.063903E-07
    5.836100E-02    9.000000E-01    1.200000E+00    3.636364E+00   -7.730116E-08
    5.836100E-02    9.000000E-01    1.200000E+00    3.737374E+00   -5.367448E-08
    5.836100E-02    9.000000E-01    1.200000E+00    3.838384E+00   -3.452595E-08
    5.836100E-02    9.000000E-01    1.200000E+00    3.939394E+00   -2.299694E-08
    5.836100E-02    9.000000E-01    1.200000E+00    4.040404E+00   -1.312932E-08
    5.836100E-02    9.000000E-01    1.200000E+00    4.141414E+00   -8.267055E-09
    5.836100E-02    9.000000E-01    1.200000E+00    4.242424E+00   -4.281941E-09
    5.836100E-02    9.000000E-01    1.200000E+00    4.343434E+00   -2.464121E-09
    5.836100E-02    9.000000E-01    1.200000E+00    4.444444E+00   -1.154483E-09
    5.836100E-02    9.000000E-01    1.200000E+00    4.545455E+00   -6.031748E-10
    5.836100E-02    9.000000E-01    1.200000E+00    4.646465E+00   -2.582482E-10
    5.836100E-02    9.000000E-01    1.200000E+00    4.747475E+00   -1.207333E-10
    5.836100E-02    9.000000E-01    1.200000E+00    4.848485E+00   -4.931941E-11
    5.836100E-02    9.000000E-01    1.200000E+00    4.949495E+00   -1.983295E-11
    5.836100E-02    9.000000E-01    1.200000E+00    5.050505E+00   -8.532337E-12
    5.836100E-02    9.000000E-01    1.200000E+00    5.151515E+00   -2.652579E-12
    5.836100E-02    9.000000E-01    1.200000E+00    5.252525E+00   -1.409998E-12
    5.836100E-02    9.000000E-01    1.200000E+00    5.353535E+00   -4.994362E-13
    5.836100E-02    9.000000E-01    1.200000E+00    5.454545E+00   -2.041511E-13
    5.836100E-02    9.000000E-01    1.200000E+00    5.555556E+00   -8.636685E-14
    5.836100E-02    9.000000E-01    1.200000E+00    5.656566E+00   -3.154979E-14
    5.836100E-02    9.000000E-01    1.200000E+00    5.757576E+00   -1.118024E-14
    5.836100E-02    9.000000E-01    1.200000E+00    5.858586E+00   -3.939709E-15
    5.836100E-02    9.000000E-01    1.200000E+00    5.959596E+00   -1.263708E-15
    5.836100E-02    9.000000E-01    1.200000E+00    6.060606E+00   -4.296330E-16
    5.836100E-02    9.000000E-01    1.200000E+00    6.161616E+00   -2.532754E-16
    5.836100E-02    9.000000E-01    1.200000E+00    6.262626E+00   -1.396768E-16
    5.836100E-02    9.000000E-01    1.200000E+00    6.363636E+00   -2.607821E-17
    5.836100E-02    9.000000E-01    1.200000E+00    6.464646E+00   -6.670993E-18
    5.836100E-02    9.000000E-01    1.200000E+00    6.565657E+00   -5.218092E-18
    5.836100E-02    9.000000E-01    1.200000E+00    6.666667E+00   -3.765190E-18
    5.836100E-02    9.000000E-01    1.200000E+00    6.767677E+00   -2.312289E-18
    5.836100E-02    9.000000E-01    1.200000E+00    6.868687E+00   -8.593879E-19
    5.836100E-02    9.000000E-01    1.200000E+00    6.969697E+00   -2.024729E-21
    5.836100E-02    9.000000E-01    1.200000E+00    7.070707E+00   -1.748986E-21
    5.836100E-02    9.000000E-01    1.200000E+00    7.171717E+00   -1.473242E-21
    5.836100E-02    9.000000E-01    1.200000E+00    7.272727E+00   -1.197499E-21
    5.836100E-02    9.000000E-01    1.200000E+00    7.373737E+00   -9.217560E-22
    5.836100E-02    9.000000E-01    1.200000E+00    7.474747E+00   -6.460127E-22
    5.836100E-02    9.000000E-01    1.200000E+00    7.575758E+00   -3.702695E-22
    5.836100E-02    9.000000E-01    1.200000E+00    7.676768E+00   -9.452621E-23
    5.836100E-02    9.000000E-01    1.200000E+00    7.777778E+00   -3.835597E-28
    5.836100E-02    9.000000E-01    1.200000E+00    7.878788E+00   -3.425720E-28
    5.836100E-02    9.000000E-01    1.200000E+00    7.979798E+00   -3.015844E-28
    5.836100E-02    9.000000E-01    1.200000E+00    8.080808E+00   -2.605967E-28
    5.836100E-02    9.000000E-01    1.200000E+00    8.181818E+00   -2.196091E-28
    5.836100E-02    9.000000E-01    1.200000E+00    8.282828E+00   -1.786214E-28
    5.836100E-02    9.000000E-01    1.200000E+00    8.383838E+00   -1.376338E-28
    5.836100E-02    9.000000E-01    1.200000E+00    8.484848E+00   -9.664610E-29
    5.836100E-02    9.000000E-01    1.200000E+00    8.585859E+00   -5.565844E-29
    5.836100E-02    9.000000E-01    1.200000E+00    8.686869E+00   -1.467079E-29
    5.836100E-02    9.000000E-01    1.200000E+00    8.787879E+00   -2.580451E-39
    5.836100E-02    9.000000E-01    1.200000E+00    8.888889E+00   -2.750917E-39
    5.836100E-02    9.000000E-01    1.200000E+00    8.989899E+00   -2.921382E-39
    5.836100E-02    9.000000E-01    1.200000E+00    9.090909E+00   -3.091848E-39
    5.836100E-02    9.000000E-01    1.200000E+00    9.191919E+00   -3.262314E-39
    5.836100E-02    9.000000E-01    1.200000E+00    9.292929E+00   -3.432780E-39
    5.836100E-02    9.000000E-01    1.200000E+00    9.393939E+00   -3.603246E-39
    5.836100E-02    9.000000E-01    1.200000E+00    9.494949E+00   -3.773711E-39
    5.836100E-02    9.000000E-01    1.200000E+00    9.595960E+00   -3.944177E-39
    5.836100E-02    9.000000E-01    1.200000E+00    9.696970E+00   -4.114643E-39
    5.836100E-02    9.000000E-01    1.200000E+00    9.797980E+00   -4.285109E-39
    5.836100E-02    9.000000E-01    1.200000E+00    9.898990E+00   -4.455575E-39
    5.836100E-02    9.000000E-01    1.200000E+00    1.000000E+01   -4.663521E-39

    5.836100E-02    1.000000E+00    1.200000E+00    0.000000E+00    5.083304E-07
    5.836100E-02    1.000000E+00    1.200000E+00    1.010101E-01    5.067318E-07
    5.836100E-02    1.000000E+00    1.200000E+00    2.020202E-01    5.019337E-07
    5.836100E-02    1.000000E+00    1.200000E+00    3.030303E-01    4.939673E-07
    5.836100E-02    1.000000E+00    1.200000E+00    4.040404E-01    4.827651E-07
    5.836100E-02    1.000000E+00    1.200000E+00    5.050505E-01    4.683670E-07
    5.836100E-02    1.000000E+00    1.200000E+00    6.060606E-01    4.506979E-07
    5.836100E-02    1.000000E+00    1.200000E+00    7.070707E-01    4.297248E-07
    5.836100E-02    1.000000E+00    1.200000E+00    8.080808E-01    4.053873E-07
    5.836100E-02    1.000000E+00    1.200000E+00    9.090909E-01    3.776288E-07
    5.836100E-02    1.000000E+00    1.200000E+00    1.010101E+00    3.464214E-07
    5.836100E-02    1.000000E+00    1.200000E+00    1.111111E+00    3.117795E-07
    5.836100E-02    1.000000E+00    1.200000E+00    1.212121E+00    2.737878E-07
    5.836100E-02    1.000000E+00    1.200000E+00    1.313131E+00    2.326073E-07
    5.836100E-02    1.000000E+00    1.200000E+00    1.414141E+00    1.884685E-07
    5.836100E-02    1.000000E+00    1.200000E+00    1.515152E+00    1.416521E-07
    5.836100E-02    1.000000E+00    1.200000E+00    1.616162E+00    9.246648E-08
    5.836100E-02    1.000000E+00    1.200000E+00    1.717172E+00    4.131598E-08
    5.836100E-02    1.000000E+00    1.200000E+00    1.818182E+00   -1.121075E-08
    5.836100E-02    1.000000E+00    1.200000E+00    1.919192E+00   -6.418000E-08
    5.836100E-02    1.000000E+00    1.200000E+00    2.020202E+00   -1.162505E-07
    5.836100E-02    1.000000E+00    1.200000E+00    2.121212E+00   -1.659504E-07
    5.836100E-02    1.000000E+00    1.200000E+00    2.222222E+00   -2.109551E-07
    5.836100E-02    1.000000E+00    1.200000E+00    2.323232E+00   -2.488054E-07
    5.836100E-02    1.000000E+00    1.200000E+00    2.424242E+00   -2.782248E-07
    5.836100E-02    1.000000E+00    1.200000E+00    2.525253E+00   -2.982617E-07
    5.836100E-02    1.000000E+00    1.200000E+00    2.626263E+00   -3.089165E-07
    5.836100E-02    1.000000E+00    1.200000E+00    2.727273E+00   -3.094077E-07
    5.836100E-02    1.000000E+00    1.200000E+00    2.828283E+00   -3.026385E-07
    5.836100E-02    1.000000E+00    1.200000E+00    2.929293E+00   -2.877587E-07
    5.836100E-02    1.000000E+00    1.200000E+00    3.030303E+00   -2.653030E-07
    5.836100E-02    1.000000E+00    1.200000E+00    3.131313E+00   -2.353337E-07
    5.836100E-02    1.000000E+00    1.200000E+00    3.232323E+00   -2.003880E-07
    5.836100E-02    1.000000E+00    1.200000E+00    3.333333E+00   -1.634946E-07
    5.836100E-02    1.000000E+00    1.200000E+00    3.434343E+00   -1.279066E-07
    5.836100E-02    1.000000E+00    1.200000E+00    3.535354E+00   -9.494115E-08
    5.836100E-02    1.000000E+00    1.200000E+00    3.636364E+00   -6.898628E-08
    5.836100E-02    1.000000E+00    1.200000E+00    3.737374E+00   -4.790400E-08
    5.836100E-02    1.000000E+00    1.200000E+00    3.838384E+00   -3.081631E-08
    5.836100E-02    1.000000E+00    1.200000E+00    3.939394E+00   -2.052704E-08
    5.836100E-02    1.000000E+00    1.200000E+00    4.040404E+00   -1.172025E-08
    5.836100E-02    1.000000E+00    1.200000E+00    4.141414E+00   -7.380174E-09
    5.836100E-02    1.000000E+00    1.200000E+00    4.242424E+00   -3.822979E-09
    5.836100E-02    1.000000E+00    1.200000E+00    4.343434E+00   -2.200147E-09
    5.836100E-02    1.000000E+00    1.200000E+00    4.444444E+00   -1.030949E-09
    5.836100E-02    1.000000E+00    1.200000E+00    4.545455E+00   -5.386853E-10
    5.836100E-02    1.000000E+00    1.200000E+00    4.646465E+00   -2.306839E-10
    5.836100E-02    1.000000E+00    1.200000E+00    4.747475E+00   -1.078647E-10
    5.836100E-02    1.000000E+00    1.200000E+00    4.848485E+00   -4.407597E-11
    5.836100E-02    1.000000E+00    1.200000E+00    4.949495E+00   -1.772999E-11
    5.836100E-02    1.000000E+00    1.200000E+00    5.050505E+00   -7.630479E-12
    5.836100E-02    1.000000E+00    1.200000E+00    5.151515E+00   -2.373747E-12
    5.836100E-02    1.000000E+00    1.200000E+00    5.252525E+00   -1.261992E-12
    5.836100E-02    1.000000E+00    1.200000E+00    5.353535E+00   -4.472362E-13
    5.836100E-02    1.000000E+00    1.200000E+00    5.454545E+00   -1.828595E-13
    5.836100E-02    1.000000E+00    1.200000E+00    5.555556E+00   -7.737636E-14
    5.836100E-02    1.000000E+00    1.200000E+00    5.656566E+00   -2.827146E-14
    5.836100E-02    1.000000E+00    1.200000E+00    5.757576E+00   -1.002006E-14
    5.836100E-02    1.000000E+00    1.200000E+00    5.858586E+00   -3.531327E-15
    5.836100E-02    1.000000E+00    1.200000E+00    5.959596E+00   -1.132861E-15
    5.836100E-02    1.000000E+00    1.200000E+00    6.060606E+00   -3.851882E-16
    5.836100E-02    1.000000E+00    1.200000E+00    6.161616E+00   -2.270815E-16
    5.836100E-02    1.000000E+00    1.200000E+00    6.262626E+00   -1.252326E-16
    5.836100E-02    1.000000E+00    1.200000E+00    6.363636E+00   -2.338368E-17
    5.836100E-02    1.000000E+00    1.200000E+00    6.464646E+00   -5.983348E-18
    5.836100E-02    1.000000E+00    1.200000E+00    6.565657E+00   -4.680212E-18
    5.836100E-02    1.000000E+00    1.200000E+00    6.666667E+00   -3.377076E-18
    5.836100E-02    1.000000E+00    1.200000E+00    6.767677E+00   -2.073940E-18
    5.836100E-02    1.000000E+00    1.200000E+00    6.868687E+00   -7.708037E-19
    5.836100E-02    1.000000E+00    1.200000E+00    6.969697E+00   -1.817538E-21
    5.836100E-02    1.000000E+00    1.200000E+00    7.070707E+00   -1.570011E-21
    5.836100E-02    1.000000E+00    1.200000E+00    7.171717E+00   -1.322485E-21
    5.836100E-02    1.000000E+00    1.200000E+00    7.272727E+00   -1.074959E-21
    5.836100E-02    1.000000E+00    1.200000E+00    7.373737E+00   -8.274323E-22
    5.836100E-02    1.000000E+00    1.200000E+00    7.474747E+00   -5.799060E-22
    5.836100E-02    1.000000E+00    1.200000E+00    7.575758E+00   -3.323796E-22
    5.836100E-02    1.000000E+00    1.200000E+00    7.676768E+00   -8.485330E-23
    5.836100E-02    1.000000E+00    1.200000E+00    7.777778E+00   -3.448608E-28
    5.836100E-02    1.000000E+00    1.200000E+00    7.878788E+00   -3.080085E-28
    5.836100E-02    1.000000E+00    1.200000E+00    7.979798E+00   -2.711563E-28
    5.836100E-02    1.000000E+00    1.200000E+00    8.080808E+00   -2.343041E-28
    5.836100E-02    1.000000E+00    1.200000E+00    8.181818E+00   -1.974518E-28
    5.836100E-02    1.000000E+00    1.200000E+00    8.282828E+00   -1.605996E-28
    5.836100E-02    1.000000E+00    1.200000E+00    8.383838E+00   -1.237473E-28
    5.836100E-02    1.000000E+00    1.200000E+00    8.484848E+00   -8.689508E-29
    5.836100E-02    1.000000E+00    1.200000E+00    8.585859E+00   -5.004284E-29
    5.836100E-02    1.000000E+00    1.200000E+00    8.686869E+00   -1.319059E-29
    5.836100E-02    1.000000E+00    1.200000E+00    8.787879E+00   -2.273360E-39
    5.836100E-02    1.000000E+00    1.200000E+00    8.888889E+00   -2.424016E-39
    5.836100E-02    1.000000E+00    1.200000E+00    8.989899E+00   -2.574671E-39
    5.836100E-02    1.000000E+00    1.200000E+00    9.090909E+00   -2.725326E-39
    5.836100E-02    1.000000E+00    1.200000E+00    9.191919E+00   -2.875981E-39
    5.836100E-02    1.000000E+00    1.200000E+00    9.292929E+00   -3.026636E-39
    5.836100E-02    1.000000E+00    1.200000E+00    9.393939E+00   -3.177291E-39
    5.836100E-02    1.000000E+00    1.200000E+00    9.494949E+00   -3.327947E-39
    5.836100E-02    1.000000E+00    1.200000E+00    9.595960E+00   -3.478602E-39
    5.836100E-02    1.000000E+00    1.200000E+00    9.696970E+00   -3.629257E-39
    5.836100E-02    1.000000E+00    1.200000E+00    9.797980E+00   -3.779912E-39
    5.836100E-02    1.000000E+00    1.200000E+00    9.898990E+00   -3.930567E-39
    5.836100E-02    1.000000E+00    1.200000E+00    1.000000E+01   -4.114407E-39

    5.836100E-02    1.100000E+00    1.200000E+00    0.000000E+00    4.403355E-07
    5.836100E-02    1.100000E+00    1.200000E+00    1.010101E-01    4.389512E-07
    5.836100E-02    1.100000E+00    1.200000E+00    2.020202E-01    4.347963E-07
    5.836100E-02    1.100000E+00    1.200000E+00    3.030303E-01    4.278983E-07
    5.836100E-02    1.100000E+00    1.200000E+00    4.040404E-01    4.181996E-07
    5.836100E-02    1.100000E+00    1.200000E+00    5.050505E-01    4.057361E-07
    5.836100E-02    1.100000E+00    1.200000E+00    6.060606E-01    3.904449E-07
    5.836100E-02    1.100000E+00    1.200000E+00    7.070707E-01    3.723003E-07
    5.836100E-02    1.100000E+00    1.200000E+00    8.080808E-01    3.512539E-07
    5.836100E-02    1.100000E+00    1.200000E+00    9.090909E-01    3.272614E-07
    5.836100E-02    1.100000E+00    1.200000E+00    1.010101E+00    3.003034E-07
    5.836100E-02    1.100000E+00    1.200000E+00    1.111111E+00    2.703968E-07
    5.836100E-02    1.100000E+00    1.200000E+00    1.212121E+00    2.376170E-07
    5.836100E-02    1.100000E+00    1.200000E+00    1.313131E+00    2.021037E-07
    5.836100E-02    1.100000E+00    1.200000E+00    1.414141E+00    1.640541E-07
    5.836100E-02    1.100000E+00    1.200000E+00    1.515152E+00    1.237077E-07
    5.836100E-02    1.100000E+00    1.200000E+00    1.616162E+00    8.132793E-08
    5.836100E-02    1.100000E+00    1.200000E+00    1.717172E+00    3.726107E-08
    5.836100E-02    1.100000E+00    1.200000E+00    1.818182E+00   -7.987566E-09
    5.836100E-02    1.100000E+00    1.200000E+00    1.919192E+00   -5.361570E-08
    5.836100E-02    1.100000E+00    1.200000E+00    2.020202E+00   -9.847044E-08
    5.836100E-02    1.100000E+00    1.200000E+00    2.121212E+00   -1.412869E-07
    5.836100E-02    1.100000E+00    1.200000E+00    2.222222E+00   -1.800671E-07
    5.836100E-02    1.100000E+00    1.200000E+00    2.323232E+00   -2.126976E-07
    5.836100E-02    1.100000E+00    1.200000E+00    2.424242E+00   -2.380818E-07
    5.836100E-02    1.100000E+00    1.200000E+00    2.525253E+00   -2.554023E-07
    5.836100E-02    1.100000E+00    1.200000E+00    2.626263E+00   -2.646605E-07
    5.836100E-02    1.100000E+00    1.200000E+00    2.727273E+00   -2.651851E-07
    5.836100E-02    1.100000E+00    1.200000E+00    2.828283E+00   -2.594707E-07
    5.836100E-02    1.100000E+00    1.200000E+00    2.929293E+00   -2.467844E-07
    5.836100E-02    1.100000E+00    1.200000E+00    3.030303E+00   -2.275824E-07
    5.836100E-02    1.100000E+00    1.200000E+00    3.131313E+00   -2.019138E-07
    5.836100E-02    1.100000E+00    1.200000E+00    3.232323E+00   -1.719573E-07
    5.836100E-02    1.100000E+00    1.200000E+00    3.333333E+00   -1.403145E-07
    5.836100E-02    1.100000E+00    1.200000E+00    3.434343E+00   -1.097822E-07
    5.836100E-02    1.100000E+00    1.200000E+00    3.535354E+00   -8.149462E-08
    5.836100E-02    1.100000E+00    1.200000E+00    3.636364E+00   -5.921886E-08
    5.836100E-02    1.100000E+00    1.200000E+00    3.737374E+00   -4.112396E-08
    5.836100E-02    1.100000E+00    1.200000E+00    3.838384E+00   -2.645653E-08
    5.836100E-02    1.100000E+00    1.200000E+00    3.939394E+00   -1.762378E-08
    5.836100E-02    1.100000E+00    1.200000E+00    4.040404E+00   -1.006342E-08
    5.836100E-02    1.100000E+00    1.200000E+00    4.141414E+00   -6.337172E-09
    5.836100E-02    1.100000E+00    1.200000E+00    4.242424E+00   -3.283022E-09
    5.836100E-02    1.100000E+00    1.200000E+00    4.343434E+00   -1.889515E-09
    5.836100E-02    1.100000E+00    1.200000E+00    4.444444E+00   -8.855088E-10
    5.836100E-02    1.100000E+00    1.200000E+00    4.545455E+00   -4.627334E-10
    5.836100E-02    1.100000E+00    1.200000E+00    4.646465E+00   -1.981968E-10
    5.836100E-02    1.100000E+00    1.200000E+00    4.747475E+00   -9.268877E-11
    5.836100E-02    1.100000E+00    1.200000E+00    4.848485E+00   -3.788568E-11
    5.836100E-02    1.100000E+00    1.200000E+00    4.949495E+00   -1.524446E-11
    5.836100E-02    1.100000E+00    1.200000E+00    5.050505E+00   -6.563114E-12
    5.836100E-02    1.100000E+00    1.200000E+00    5.151515E+00   -2.042963E-12
    5.836100E-02    1.100000E+00    1.200000E+00    5.252525E+00   -1.086304E-12
    5.836100E-02    1.100000E+00    1.200000E+00    5.353535E+00   -3.851579E-13
    5.836100E-02    1.100000E+00    1.200000E+00    5.454545E+00   -1.575152E-13
    5.836100E-02    1.100000E+00    1.200000E+00    5.555556E+00   -6.666590E-14
    5.836100E-02    1.100000E+00    1.200000E+00    5.656566E+00   -2.436293E-14
    5.836100E-02    1.100000E+00    1.200000E+00    5.757576E+00   -8.636059E-15
    5.836100E-02    1.100000E+00    1.200000E+00    5.858586E+00   -3.043931E-15
    5.836100E-02    1.100000E+00    1.200000E+00    5.959596E+00   -9.766219E-16
    5.836100E-02    1.100000E+00    1.200000E+00    6.060606E+00   -3.320980E-16
    5.836100E-02    1.100000E+00    1.200000E+00    6.161616E+00   -1.957888E-16
    5.836100E-02    1.100000E+00    1.200000E+00    6.262626E+00   -1.079761E-16
    5.836100E-02    1.100000E+00    1.200000E+00    6.363636E+00   -2.016335E-17
    5.836100E-02    1.100000E+00    1.200000E+00    6.464646E+00   -5.160680E-18
    5.836100E-02    1.100000E+00    1.200000E+00    6.565657E+00   -4.036716E-18
    5.836100E-02    1.100000E+00    1.200000E+00    6.666667E+00   -2.912752E-18
    5.836100E-02    1.100000E+00    1.200000E+00    6.767677E+00   -1.788789E-18
    5.836100E-02    1.100000E+00    1.200000E+00    6.868687E+00   -6.648248E-19
    5.836100E-02    1.100000E+00    1.200000E+00    6.969697E+00   -1.568883E-21
    5.836100E-02    1.100000E+00    1.200000E+00    7.070707E+00   -1.355220E-21
    5.836100E-02    1.100000E+00    1.200000E+00    7.171717E+00   -1.141558E-21
    5.836100E-02    1.100000E+00    1.200000E+00    7.272727E+00   -9.278952E-22
    5.836100E-02    1.100000E+00    1.200000E+00    7.373737E+00   -7.142325E-22
    5.836100E-02    1.100000E+00    1.200000E+00    7.474747E+00   -5.005699E-22
    5.836100E-02    1.100000E+00    1.200000E+00    7.575758E+00   -2.869073E-22
    5.836100E-02    1.100000E+00    1.200000E+00    7.676768E+00   -7.324465E-23
    5.836100E-02    1.100000E+00    1.200000E+00    7.777778E+00   -2.981329E-28
    5.836100E-02    1.100000E+00    1.200000E+00    7.878788E+00   -2.662741E-28
    5.836100E-02    1.100000E+00    1.200000E+00    7.979798E+00   -2.344152E-28
    5.836100E-02    1.100000E+00    1.200000E+00    8.080808E+00   -2.025564E-28
    5.836100E-02    1.100000E+00    1.200000E+00    8.181818E+00   -1.706975E-28
    5.836100E-02    1.100000E+00    1.200000E+00    8.282828E+00   -1.388387E-28
    5.836100E-02    1.100000E+00    1.200000E+00    8.383838E+00   -1.069798E-28
    5.836100E-02    1.100000E+00    1.200000E+00    8.484848E+00   -7.512099E-29
    5.836100E-02    1.100000E+00    1.200000E+00    8.585859E+00   -4.326214E-29
    5.836100E-02    1.100000E+00    1.200000E+00    8.686869E+00   -1.140330E-29
    5.836100E-02    1.100000E+00    1.200000E+00    8.787879E+00   -1.927481E-39
    5.836100E-02    1.100000E+00    1.200000E+00    8.888889E+00   -2.055607E-39
    5.836100E-02    1.100000E+00    1.200000E+00    8.989899E+00   -2.183732E-39
    5.836100E-02    1.100000E+00    1.200000E+00    9.090909E+00   -2.311858E-39
    5.836100E-02    1.100000E+00    1.200000E+00    9.191919E+00   -2.439984E-39
    5.836100E-02    1.100000E+00    1.200000E+00    9.292929E+00   -2.568109E-39
    5.836100E-02    1.100000E+00    1.200000E+00    9.393939E+00   -2.696235E-39
    5.836100E-02    1.100000E+00    1.200000E+00    9.494949E+00   -2.824360E-39
    5.836100E-02    1.100000E+00    1.200000E+00    9.595960E+00   -2.952486E-39
    5.836100E-02    1.100000E+00    1.200000E+00    9.696970E+00   -3.080612E-39
    5.836100E-02    1.100000E+00    1.200000E+00    9.797980E+00   -3.208737E-39
    5.836100E-02    1.100000E+00    1.200000E+00    9.898990E+00   -3.336863E-39
    5.836100E-02    1.100000E+00    1.200000E+00    1.000000E+01   -3.493259E-39

