#     kf [fm-1]   gap           
  0.000000E+00   0.000000E+00
  1.005025E-02   2.480131E-04
  2.010050E-02   1.234439E-03
  3.015075E-02   3.139199E-03
  4.020101E-02   6.063674E-03
  5.025126E-02   1.007373E-02
  6.030151E-02   1.521322E-02
  7.035176E-02   2.151054E-02
  8.040201E-02   2.898241E-02
  9.045226E-02   3.763633E-02
  1.005025E-01   4.747228E-02
  1.105528E-01   5.848393E-02
  1.206030E-01   7.065964E-02
  1.306533E-01   8.398313E-02
  1.407035E-01   9.843410E-02
  1.507538E-01   1.139887E-01
  1.608040E-01   1.306201E-01
  1.708543E-01   1.482985E-01
  1.809045E-01   1.669917E-01
  1.909548E-01   1.866654E-01
  2.010050E-01   2.072830E-01
  2.110553E-01   2.288066E-01
  2.211055E-01   2.511962E-01
  2.311558E-01   2.744106E-01
  2.412060E-01   2.984073E-01
  2.512563E-01   3.231427E-01
  2.613065E-01   3.485721E-01
  2.713568E-01   3.746497E-01
  2.814070E-01   4.013292E-01
  2.914573E-01   4.285634E-01
  3.015075E-01   4.563046E-01
  3.115578E-01   4.845044E-01
  3.216080E-01   5.131140E-01
  3.316583E-01   5.420844E-01
  3.417085E-01   5.713661E-01
  3.517588E-01   6.009095E-01
  3.618090E-01   6.306646E-01
  3.718593E-01   6.605816E-01
  3.819095E-01   6.906104E-01
  3.919598E-01   7.207012E-01
  4.020101E-01   7.508041E-01
  4.120603E-01   7.808693E-01
  4.221106E-01   8.108471E-01
  4.321608E-01   8.406884E-01
  4.422111E-01   8.703440E-01
  4.522613E-01   8.997652E-01
  4.623116E-01   9.289037E-01
  4.723618E-01   9.577115E-01
  4.824121E-01   9.861412E-01
  4.924623E-01   1.014146E+00
  5.025126E-01   1.041679E+00
  5.125628E-01   1.068695E+00
  5.226131E-01   1.095149E+00
  5.326633E-01   1.120995E+00
  5.427136E-01   1.146192E+00
  5.527638E-01   1.170694E+00
  5.628141E-01   1.194461E+00
  5.728643E-01   1.217451E+00
  5.829146E-01   1.239624E+00
  5.929648E-01   1.260940E+00
  6.030151E-01   1.281360E+00
  6.130653E-01   1.300847E+00
  6.231156E-01   1.319364E+00
  6.331658E-01   1.336877E+00
  6.432161E-01   1.353350E+00
  6.532663E-01   1.368751E+00
  6.633166E-01   1.383048E+00
  6.733668E-01   1.396209E+00
  6.834171E-01   1.408206E+00
  6.934673E-01   1.419011E+00
  7.035176E-01   1.428596E+00
  7.135678E-01   1.436936E+00
  7.236181E-01   1.444008E+00
  7.336683E-01   1.449789E+00
  7.437186E-01   1.454258E+00
  7.537688E-01   1.457396E+00
  7.638191E-01   1.459185E+00
  7.738693E-01   1.459610E+00
  7.839196E-01   1.458655E+00
  7.939698E-01   1.456309E+00
  8.040201E-01   1.452560E+00
  8.140704E-01   1.447400E+00
  8.241206E-01   1.440822E+00
  8.341709E-01   1.432820E+00
  8.442211E-01   1.423393E+00
  8.542714E-01   1.412538E+00
  8.643216E-01   1.400258E+00
  8.743719E-01   1.386555E+00
  8.844221E-01   1.371435E+00
  8.944724E-01   1.354907E+00
  9.045226E-01   1.336980E+00
  9.145729E-01   1.317668E+00
  9.246231E-01   1.296987E+00
  9.346734E-01   1.274953E+00
  9.447236E-01   1.251587E+00
  9.547739E-01   1.226915E+00
  9.648241E-01   1.200961E+00
  9.748744E-01   1.173755E+00
  9.849246E-01   1.145329E+00
  9.949749E-01   1.115720E+00
  1.005025E+00   1.084966E+00
  1.015075E+00   1.053110E+00
  1.025126E+00   1.020197E+00
  1.035176E+00   9.862779E-01
  1.045226E+00   9.514055E-01
  1.055276E+00   9.156375E-01
  1.065327E+00   8.790359E-01
  1.075377E+00   8.416670E-01
  1.085427E+00   8.036018E-01
  1.095477E+00   7.649161E-01
  1.105528E+00   7.256909E-01
  1.115578E+00   6.860130E-01
  1.125628E+00   6.459747E-01
  1.135678E+00   6.056746E-01
  1.145729E+00   5.652183E-01
  1.155779E+00   5.247182E-01
  1.165829E+00   4.842948E-01
  1.175879E+00   4.440769E-01
  1.185930E+00   4.042030E-01
  1.195980E+00   3.648215E-01
  1.206030E+00   3.260927E-01
  1.216080E+00   2.881898E-01
  1.226131E+00   2.513010E-01
  1.236181E+00   2.156318E-01
  1.246231E+00   1.814083E-01
  1.256281E+00   1.488814E-01
  1.266332E+00   1.183328E-01
  1.276382E+00   9.008432E-02
  1.286432E+00   6.451139E-02
  1.296482E+00   4.206721E-02
  1.306533E+00   2.332832E-02
  1.316583E+00   9.100943E-03
  1.326633E+00   7.992121E-04
  1.336683E+00   0.000000E+00
  1.346734E+00   0.000000E+00
  1.356784E+00   0.000000E+00
  1.366834E+00   0.000000E+00
  1.376884E+00   0.000000E+00
  1.386935E+00   0.000000E+00
  1.396985E+00   0.000000E+00
  1.407035E+00   0.000000E+00
  1.417085E+00   0.000000E+00
  1.427136E+00   0.000000E+00
  1.437186E+00   0.000000E+00
  1.447236E+00   0.000000E+00
  1.457286E+00   0.000000E+00
  1.467337E+00   0.000000E+00
  1.477387E+00   0.000000E+00
  1.487437E+00   0.000000E+00
  1.497487E+00   0.000000E+00
  1.507538E+00   0.000000E+00
  1.517588E+00   0.000000E+00
  1.527638E+00   0.000000E+00
  1.537688E+00   0.000000E+00
  1.547739E+00   0.000000E+00
  1.557789E+00   0.000000E+00
  1.567839E+00   0.000000E+00
  1.577889E+00   0.000000E+00
  1.587940E+00   0.000000E+00
  1.597990E+00   0.000000E+00
  1.608040E+00   0.000000E+00
  1.618090E+00   0.000000E+00
  1.628141E+00   0.000000E+00
  1.638191E+00   0.000000E+00
  1.648241E+00   0.000000E+00
  1.658291E+00   0.000000E+00
  1.668342E+00   0.000000E+00
  1.678392E+00   0.000000E+00
  1.688442E+00   0.000000E+00
  1.698492E+00   0.000000E+00
  1.708543E+00   0.000000E+00
  1.718593E+00   0.000000E+00
  1.728643E+00   0.000000E+00
  1.738693E+00   0.000000E+00
  1.748744E+00   0.000000E+00
  1.758794E+00   0.000000E+00
  1.768844E+00   0.000000E+00
  1.778894E+00   0.000000E+00
  1.788945E+00   0.000000E+00
  1.798995E+00   0.000000E+00
  1.809045E+00   0.000000E+00
  1.819095E+00   0.000000E+00
  1.829146E+00   0.000000E+00
  1.839196E+00   0.000000E+00
  1.849246E+00   0.000000E+00
  1.859296E+00   0.000000E+00
  1.869347E+00   0.000000E+00
  1.879397E+00   0.000000E+00
  1.889447E+00   0.000000E+00
  1.899497E+00   0.000000E+00
  1.909548E+00   0.000000E+00
  1.919598E+00   0.000000E+00
  1.929648E+00   0.000000E+00
  1.939698E+00   0.000000E+00
  1.949749E+00   0.000000E+00
  1.959799E+00   0.000000E+00
  1.969849E+00   0.000000E+00
  1.979899E+00   0.000000E+00
  1.989950E+00   0.000000E+00
  2.000000E+00   0.000000E+00
