#     kf [fm-1]   gap           
  0.000000E+00   0.000000E+00
  1.005025E-02   0.000000E+00
  2.010050E-02   0.000000E+00
  3.015075E-02   5.153121E-04
  4.020101E-02   3.354476E-03
  5.025126E-02   8.652040E-03
  6.030151E-02   1.637993E-02
  7.035176E-02   2.650684E-02
  8.040201E-02   3.899832E-02
  9.045226E-02   5.381677E-02
  1.005025E-01   7.092157E-02
  1.105528E-01   9.026913E-02
  1.206030E-01   1.118129E-01
  1.306533E-01   1.355037E-01
  1.407035E-01   1.612894E-01
  1.507538E-01   1.891153E-01
  1.608040E-01   2.189245E-01
  1.708543E-01   2.506572E-01
  1.809045E-01   2.842517E-01
  1.909548E-01   3.196441E-01
  2.010050E-01   3.567682E-01
  2.110553E-01   3.955561E-01
  2.211055E-01   4.359380E-01
  2.311558E-01   4.778426E-01
  2.412060E-01   5.211970E-01
  2.512563E-01   5.659267E-01
  2.613065E-01   6.119562E-01
  2.713568E-01   6.592087E-01
  2.814070E-01   7.076065E-01
  2.914573E-01   7.570711E-01
  3.015075E-01   8.075230E-01
  3.115578E-01   8.588822E-01
  3.216080E-01   9.110685E-01
  3.316583E-01   9.640009E-01
  3.417085E-01   1.017598E+00
  3.517588E-01   1.071780E+00
  3.618090E-01   1.126464E+00
  3.718593E-01   1.181570E+00
  3.819095E-01   1.237017E+00
  3.919598E-01   1.292724E+00
  4.020101E-01   1.348611E+00
  4.120603E-01   1.404599E+00
  4.221106E-01   1.460608E+00
  4.321608E-01   1.516560E+00
  4.422111E-01   1.572378E+00
  4.522613E-01   1.627984E+00
  4.623116E-01   1.683304E+00
  4.723618E-01   1.738261E+00
  4.824121E-01   1.792783E+00
  4.924623E-01   1.846796E+00
  5.025126E-01   1.900230E+00
  5.125628E-01   1.953013E+00
  5.226131E-01   2.005077E+00
  5.326633E-01   2.056353E+00
  5.427136E-01   2.106777E+00
  5.527638E-01   2.156282E+00
  5.628141E-01   2.204805E+00
  5.728643E-01   2.252283E+00
  5.829146E-01   2.298657E+00
  5.929648E-01   2.343867E+00
  6.030151E-01   2.387855E+00
  6.130653E-01   2.430566E+00
  6.231156E-01   2.471945E+00
  6.331658E-01   2.511939E+00
  6.432161E-01   2.550497E+00
  6.532663E-01   2.587570E+00
  6.633166E-01   2.623108E+00
  6.733668E-01   2.657067E+00
  6.834171E-01   2.689401E+00
  6.934673E-01   2.720068E+00
  7.035176E-01   2.749026E+00
  7.135678E-01   2.776237E+00
  7.236181E-01   2.801661E+00
  7.336683E-01   2.825264E+00
  7.437186E-01   2.847012E+00
  7.537688E-01   2.866871E+00
  7.638191E-01   2.884811E+00
  7.738693E-01   2.900805E+00
  7.839196E-01   2.914824E+00
  7.939698E-01   2.926845E+00
  8.040201E-01   2.936844E+00
  8.140704E-01   2.944800E+00
  8.241206E-01   2.950694E+00
  8.341709E-01   2.954510E+00
  8.442211E-01   2.956233E+00
  8.542714E-01   2.955849E+00
  8.643216E-01   2.953349E+00
  8.743719E-01   2.948724E+00
  8.844221E-01   2.941967E+00
  8.944724E-01   2.933076E+00
  9.045226E-01   2.922049E+00
  9.145729E-01   2.908886E+00
  9.246231E-01   2.893592E+00
  9.346734E-01   2.876172E+00
  9.447236E-01   2.856635E+00
  9.547739E-01   2.834992E+00
  9.648241E-01   2.811258E+00
  9.748744E-01   2.785450E+00
  9.849246E-01   2.757586E+00
  9.949749E-01   2.727691E+00
  1.005025E+00   2.695789E+00
  1.015075E+00   2.661911E+00
  1.025126E+00   2.626087E+00
  1.035176E+00   2.588353E+00
  1.045226E+00   2.548748E+00
  1.055276E+00   2.507313E+00
  1.065327E+00   2.464095E+00
  1.075377E+00   2.419143E+00
  1.085427E+00   2.372508E+00
  1.095477E+00   2.324247E+00
  1.105528E+00   2.274421E+00
  1.115578E+00   2.223091E+00
  1.125628E+00   2.170327E+00
  1.135678E+00   2.116199E+00
  1.145729E+00   2.060782E+00
  1.155779E+00   2.004154E+00
  1.165829E+00   1.946399E+00
  1.175879E+00   1.887602E+00
  1.185930E+00   1.827854E+00
  1.195980E+00   1.767249E+00
  1.206030E+00   1.705883E+00
  1.216080E+00   1.643859E+00
  1.226131E+00   1.581280E+00
  1.236181E+00   1.518255E+00
  1.246231E+00   1.454895E+00
  1.256281E+00   1.391315E+00
  1.266332E+00   1.327632E+00
  1.276382E+00   1.263967E+00
  1.286432E+00   1.200443E+00
  1.296482E+00   1.137185E+00
  1.306533E+00   1.074321E+00
  1.316583E+00   1.011981E+00
  1.326633E+00   9.502970E-01
  1.336683E+00   8.894008E-01
  1.346734E+00   8.294270E-01
  1.356784E+00   7.705105E-01
  1.366834E+00   7.127867E-01
  1.376884E+00   6.563910E-01
  1.386935E+00   6.014587E-01
  1.396985E+00   5.481246E-01
  1.407035E+00   4.965224E-01
  1.417085E+00   4.467845E-01
  1.427136E+00   3.990414E-01
  1.437186E+00   3.534216E-01
  1.447236E+00   3.100509E-01
  1.457286E+00   2.690524E-01
  1.467337E+00   2.305454E-01
  1.477387E+00   1.946459E-01
  1.487437E+00   1.614653E-01
  1.497487E+00   1.311108E-01
  1.507538E+00   1.036846E-01
  1.517588E+00   7.928358E-02
  1.527638E+00   5.799917E-02
  1.537688E+00   3.991684E-02
  1.547739E+00   2.511591E-02
  1.557789E+00   1.366926E-02
  1.567839E+00   5.643077E-03
  1.577889E+00   1.096692E-03
  1.587940E+00   0.000000E+00
  1.597990E+00   0.000000E+00
  1.608040E+00   0.000000E+00
  1.618090E+00   0.000000E+00
  1.628141E+00   0.000000E+00
  1.638191E+00   0.000000E+00
  1.648241E+00   0.000000E+00
  1.658291E+00   0.000000E+00
  1.668342E+00   0.000000E+00
  1.678392E+00   0.000000E+00
  1.688442E+00   0.000000E+00
  1.698492E+00   0.000000E+00
  1.708543E+00   0.000000E+00
  1.718593E+00   0.000000E+00
  1.728643E+00   0.000000E+00
  1.738693E+00   0.000000E+00
  1.748744E+00   0.000000E+00
  1.758794E+00   0.000000E+00
  1.768844E+00   0.000000E+00
  1.778894E+00   0.000000E+00
  1.788945E+00   0.000000E+00
  1.798995E+00   0.000000E+00
  1.809045E+00   0.000000E+00
  1.819095E+00   0.000000E+00
  1.829146E+00   0.000000E+00
  1.839196E+00   0.000000E+00
  1.849246E+00   0.000000E+00
  1.859296E+00   0.000000E+00
  1.869347E+00   0.000000E+00
  1.879397E+00   0.000000E+00
  1.889447E+00   0.000000E+00
  1.899497E+00   0.000000E+00
  1.909548E+00   0.000000E+00
  1.919598E+00   0.000000E+00
  1.929648E+00   0.000000E+00
  1.939698E+00   0.000000E+00
  1.949749E+00   0.000000E+00
  1.959799E+00   0.000000E+00
  1.969849E+00   0.000000E+00
  1.979899E+00   0.000000E+00
  1.989950E+00   0.000000E+00
  2.000000E+00   0.000000E+00
