#     kf [fm-1]   gap           
  0.000000E+00   0.000000E+00
  1.005025E-02   0.000000E+00
  2.010050E-02   0.000000E+00
  3.015075E-02   0.000000E+00
  4.020101E-02   1.037953E-04
  5.025126E-02   1.437405E-03
  6.030151E-02   4.299157E-03
  7.035176E-02   8.674713E-03
  8.040201E-02   1.454663E-02
  9.045226E-02   2.189444E-02
  1.005025E-01   3.069467E-02
  1.105528E-01   4.092100E-02
  1.206030E-01   5.254428E-02
  1.306533E-01   6.553272E-02
  1.407035E-01   7.985194E-02
  1.507538E-01   9.546516E-02
  1.608040E-01   1.123333E-01
  1.708543E-01   1.304150E-01
  1.809045E-01   1.496672E-01
  1.909548E-01   1.700447E-01
  2.010050E-01   1.915008E-01
  2.110553E-01   2.139872E-01
  2.211055E-01   2.374543E-01
  2.311558E-01   2.618513E-01
  2.412060E-01   2.871264E-01
  2.512563E-01   3.132269E-01
  2.613065E-01   3.400994E-01
  2.713568E-01   3.676900E-01
  2.814070E-01   3.959445E-01
  2.914573E-01   4.248084E-01
  3.015075E-01   4.542271E-01
  3.115578E-01   4.841460E-01
  3.216080E-01   5.145108E-01
  3.316583E-01   5.452675E-01
  3.417085E-01   5.763624E-01
  3.517588E-01   6.077426E-01
  3.618090E-01   6.393555E-01
  3.718593E-01   6.711495E-01
  3.819095E-01   7.030737E-01
  3.919598E-01   7.350781E-01
  4.020101E-01   7.671137E-01
  4.120603E-01   7.991324E-01
  4.221106E-01   8.310873E-01
  4.321608E-01   8.629326E-01
  4.422111E-01   8.946236E-01
  4.522613E-01   9.261168E-01
  4.623116E-01   9.573700E-01
  4.723618E-01   9.883421E-01
  4.824121E-01   1.018993E+00
  4.924623E-01   1.049285E+00
  5.025126E-01   1.079180E+00
  5.125628E-01   1.108642E+00
  5.226131E-01   1.137637E+00
  5.326633E-01   1.166130E+00
  5.427136E-01   1.194089E+00
  5.527638E-01   1.221484E+00
  5.628141E-01   1.248283E+00
  5.728643E-01   1.274459E+00
  5.829146E-01   1.299982E+00
  5.929648E-01   1.324827E+00
  6.030151E-01   1.348968E+00
  6.130653E-01   1.372379E+00
  6.231156E-01   1.395038E+00
  6.331658E-01   1.416922E+00
  6.432161E-01   1.438008E+00
  6.532663E-01   1.458275E+00
  6.633166E-01   1.477704E+00
  6.733668E-01   1.496276E+00
  6.834171E-01   1.513971E+00
  6.934673E-01   1.530771E+00
  7.035176E-01   1.546661E+00
  7.135678E-01   1.561623E+00
  7.236181E-01   1.575641E+00
  7.336683E-01   1.588702E+00
  7.437186E-01   1.600789E+00
  7.537688E-01   1.611890E+00
  7.638191E-01   1.621991E+00
  7.738693E-01   1.631079E+00
  7.839196E-01   1.639142E+00
  7.939698E-01   1.646169E+00
  8.040201E-01   1.652148E+00
  8.140704E-01   1.657069E+00
  8.241206E-01   1.660922E+00
  8.341709E-01   1.663698E+00
  8.442211E-01   1.665386E+00
  8.542714E-01   1.665980E+00
  8.643216E-01   1.665471E+00
  8.743719E-01   1.663852E+00
  8.844221E-01   1.661116E+00
  8.944724E-01   1.657257E+00
  9.045226E-01   1.652269E+00
  9.145729E-01   1.646149E+00
  9.246231E-01   1.638892E+00
  9.346734E-01   1.630496E+00
  9.447236E-01   1.620956E+00
  9.547739E-01   1.610273E+00
  9.648241E-01   1.598446E+00
  9.748744E-01   1.585476E+00
  9.849246E-01   1.571363E+00
  9.949749E-01   1.556112E+00
  1.005025E+00   1.539725E+00
  1.015075E+00   1.522210E+00
  1.025126E+00   1.503571E+00
  1.035176E+00   1.483819E+00
  1.045226E+00   1.462962E+00
  1.055276E+00   1.441014E+00
  1.065327E+00   1.417987E+00
  1.075377E+00   1.393898E+00
  1.085427E+00   1.368764E+00
  1.095477E+00   1.342605E+00
  1.105528E+00   1.315444E+00
  1.115578E+00   1.287306E+00
  1.125628E+00   1.258218E+00
  1.135678E+00   1.228211E+00
  1.145729E+00   1.197317E+00
  1.155779E+00   1.165574E+00
  1.165829E+00   1.133019E+00
  1.175879E+00   1.099697E+00
  1.185930E+00   1.065652E+00
  1.195980E+00   1.030934E+00
  1.206030E+00   9.955964E-01
  1.216080E+00   9.596944E-01
  1.226131E+00   9.232886E-01
  1.236181E+00   8.864426E-01
  1.246231E+00   8.492239E-01
  1.256281E+00   8.117037E-01
  1.266332E+00   7.739566E-01
  1.276382E+00   7.360612E-01
  1.286432E+00   6.980994E-01
  1.296482E+00   6.601567E-01
  1.306533E+00   6.223216E-01
  1.316583E+00   5.846861E-01
  1.326633E+00   5.473448E-01
  1.336683E+00   5.103951E-01
  1.346734E+00   4.739369E-01
  1.356784E+00   4.380717E-01
  1.366834E+00   4.029033E-01
  1.376884E+00   3.685363E-01
  1.386935E+00   3.350764E-01
  1.396985E+00   3.026297E-01
  1.407035E+00   2.713022E-01
  1.417085E+00   2.411993E-01
  1.427136E+00   2.124252E-01
  1.437186E+00   1.850827E-01
  1.447236E+00   1.592719E-01
  1.457286E+00   1.350904E-01
  1.467337E+00   1.126323E-01
  1.477387E+00   9.198773E-02
  1.487437E+00   7.324213E-02
  1.497487E+00   5.647598E-02
  1.507538E+00   4.176412E-02
  1.517588E+00   2.917525E-02
  1.527638E+00   1.877153E-02
  1.537688E+00   1.060815E-02
  1.547739E+00   4.732942E-03
  1.557789E+00   1.186120E-03
  1.567839E+00   0.000000E+00
  1.577889E+00   0.000000E+00
  1.587940E+00   0.000000E+00
  1.597990E+00   0.000000E+00
  1.608040E+00   0.000000E+00
  1.618090E+00   0.000000E+00
  1.628141E+00   0.000000E+00
  1.638191E+00   0.000000E+00
  1.648241E+00   0.000000E+00
  1.658291E+00   0.000000E+00
  1.668342E+00   0.000000E+00
  1.678392E+00   0.000000E+00
  1.688442E+00   0.000000E+00
  1.698492E+00   0.000000E+00
  1.708543E+00   0.000000E+00
  1.718593E+00   0.000000E+00
  1.728643E+00   0.000000E+00
  1.738693E+00   0.000000E+00
  1.748744E+00   0.000000E+00
  1.758794E+00   0.000000E+00
  1.768844E+00   0.000000E+00
  1.778894E+00   0.000000E+00
  1.788945E+00   0.000000E+00
  1.798995E+00   0.000000E+00
  1.809045E+00   0.000000E+00
  1.819095E+00   0.000000E+00
  1.829146E+00   0.000000E+00
  1.839196E+00   0.000000E+00
  1.849246E+00   0.000000E+00
  1.859296E+00   0.000000E+00
  1.869347E+00   0.000000E+00
  1.879397E+00   0.000000E+00
  1.889447E+00   0.000000E+00
  1.899497E+00   0.000000E+00
  1.909548E+00   0.000000E+00
  1.919598E+00   0.000000E+00
  1.929648E+00   0.000000E+00
  1.939698E+00   0.000000E+00
  1.949749E+00   0.000000E+00
  1.959799E+00   0.000000E+00
  1.969849E+00   0.000000E+00
  1.979899E+00   0.000000E+00
  1.989950E+00   0.000000E+00
  2.000000E+00   0.000000E+00
