
#   rho [fm-3]      T [MeV]      kf [fm-1]       k [fm-1]       Gap(k) [MeV]       auxgap
    5.000000E-02    0.000000E+00    1.139717E+00    0.000000E+00    1.138681E+00
    5.000000E-02    0.000000E+00    1.139717E+00    1.010101E-01    1.134866E+00
    5.000000E-02    0.000000E+00    1.139717E+00    2.020202E-01    1.123509E+00
    5.000000E-02    0.000000E+00    1.139717E+00    3.030303E-01    1.104505E+00
    5.000000E-02    0.000000E+00    1.139717E+00    4.040404E-01    1.077922E+00
    5.000000E-02    0.000000E+00    1.139717E+00    5.050505E-01    1.043719E+00
    5.000000E-02    0.000000E+00    1.139717E+00    6.060606E-01    1.001814E+00
    5.000000E-02    0.000000E+00    1.139717E+00    7.070707E-01    9.521340E-01
    5.000000E-02    0.000000E+00    1.139717E+00    8.080808E-01    8.945998E-01
    5.000000E-02    0.000000E+00    1.139717E+00    9.090909E-01    8.291885E-01
    5.000000E-02    0.000000E+00    1.139717E+00    1.010101E+00    7.559668E-01
    5.000000E-02    0.000000E+00    1.139717E+00    1.111111E+00    6.751719E-01
    5.000000E-02    0.000000E+00    1.139717E+00    1.212121E+00    5.872381E-01
    5.000000E-02    0.000000E+00    1.139717E+00    1.313131E+00    4.927664E-01
    5.000000E-02    0.000000E+00    1.139717E+00    1.414141E+00    3.924748E-01
    5.000000E-02    0.000000E+00    1.139717E+00    1.515152E+00    2.870821E-01
    5.000000E-02    0.000000E+00    1.139717E+00    1.616162E+00    1.773039E-01
    5.000000E-02    0.000000E+00    1.139717E+00    1.717172E+00    6.402763E-02
    5.000000E-02    0.000000E+00    1.139717E+00    1.818182E+00   -5.143373E-02
    5.000000E-02    0.000000E+00    1.139717E+00    1.919192E+00   -1.671806E-01
    5.000000E-02    0.000000E+00    1.139717E+00    2.020202E+00   -2.807494E-01
    5.000000E-02    0.000000E+00    1.139717E+00    2.121212E+00   -3.876813E-01
    5.000000E-02    0.000000E+00    1.139717E+00    2.222222E+00   -4.840416E-01
    5.000000E-02    0.000000E+00    1.139717E+00    2.323232E+00   -5.659146E-01
    5.000000E-02    0.000000E+00    1.139717E+00    2.424242E+00   -6.291770E-01
    5.000000E-02    0.000000E+00    1.139717E+00    2.525253E+00   -6.692157E-01
    5.000000E-02    0.000000E+00    1.139717E+00    2.626263E+00   -6.897483E-01
    5.000000E-02    0.000000E+00    1.139717E+00    2.727273E+00   -6.891046E-01
    5.000000E-02    0.000000E+00    1.139717E+00    2.828283E+00   -6.711817E-01
    5.000000E-02    0.000000E+00    1.139717E+00    2.929293E+00   -6.362443E-01
    5.000000E-02    0.000000E+00    1.139717E+00    3.030303E+00   -5.843385E-01
    5.000000E-02    0.000000E+00    1.139717E+00    3.131313E+00   -5.177621E-01
    5.000000E-02    0.000000E+00    1.139717E+00    3.232323E+00   -4.407617E-01
    5.000000E-02    0.000000E+00    1.139717E+00    3.333333E+00   -3.582141E-01
    5.000000E-02    0.000000E+00    1.139717E+00    3.434343E+00   -2.803612E-01
    5.000000E-02    0.000000E+00    1.139717E+00    3.535354E+00   -2.097118E-01
    5.000000E-02    0.000000E+00    1.139717E+00    3.636364E+00   -1.492050E-01
    5.000000E-02    0.000000E+00    1.139717E+00    3.737374E+00   -1.049992E-01
    5.000000E-02    0.000000E+00    1.139717E+00    3.838384E+00   -6.702178E-02
    5.000000E-02    0.000000E+00    1.139717E+00    3.939394E+00   -4.432253E-02
    5.000000E-02    0.000000E+00    1.139717E+00    4.040404E+00   -2.620755E-02
    5.000000E-02    0.000000E+00    1.139717E+00    4.141414E+00   -1.546055E-02
    5.000000E-02    0.000000E+00    1.139717E+00    4.242424E+00   -8.559244E-03
    5.000000E-02    0.000000E+00    1.139717E+00    4.343434E+00   -4.314199E-03
    5.000000E-02    0.000000E+00    1.139717E+00    4.444444E+00   -2.300913E-03
    5.000000E-02    0.000000E+00    1.139717E+00    4.545455E+00   -9.005011E-04
    5.000000E-02    0.000000E+00    1.139717E+00    4.646465E+00   -5.011990E-04
    5.000000E-02    0.000000E+00    1.139717E+00    4.747475E+00   -1.818026E-04
    5.000000E-02    0.000000E+00    1.139717E+00    4.848485E+00   -8.566102E-05
    5.000000E-02    0.000000E+00    1.139717E+00    4.949495E+00   -3.178528E-05
    5.000000E-02    0.000000E+00    1.139717E+00    5.050505E+00   -9.822045E-06
    5.000000E-02    0.000000E+00    1.139717E+00    5.151515E+00   -4.666137E-06
    5.000000E-02    0.000000E+00    1.139717E+00    5.252525E+00   -1.654497E-06
    5.000000E-02    0.000000E+00    1.139717E+00    5.353535E+00   -5.780935E-07
    5.000000E-02    0.000000E+00    1.139717E+00    5.454545E+00   -2.129735E-07
    5.000000E-02    0.000000E+00    1.139717E+00    5.555556E+00   -8.203257E-08
    5.000000E-02    0.000000E+00    1.139717E+00    5.656566E+00   -3.006842E-08
    5.000000E-02    0.000000E+00    1.139717E+00    5.757576E+00   -1.138111E-08
    5.000000E-02    0.000000E+00    1.139717E+00    5.858586E+00   -6.844552E-09
    5.000000E-02    0.000000E+00    1.139717E+00    5.959596E+00   -3.850646E-09
    5.000000E-02    0.000000E+00    1.139717E+00    6.060606E+00   -8.567391E-10
    5.000000E-02    0.000000E+00    1.139717E+00    6.161616E+00   -2.790304E-10
    5.000000E-02    0.000000E+00    1.139717E+00    6.262626E+00   -2.185077E-10
    5.000000E-02    0.000000E+00    1.139717E+00    6.363636E+00   -1.579850E-10
    5.000000E-02    0.000000E+00    1.139717E+00    6.464646E+00   -9.746228E-11
    5.000000E-02    0.000000E+00    1.139717E+00    6.565657E+00   -3.693957E-11
    5.000000E-02    0.000000E+00    1.139717E+00    6.666667E+00   -2.171900E-13
    5.000000E-02    0.000000E+00    1.139717E+00    6.767677E+00   -1.876797E-13
    5.000000E-02    0.000000E+00    1.139717E+00    6.868687E+00   -1.581695E-13
    5.000000E-02    0.000000E+00    1.139717E+00    6.969697E+00   -1.286592E-13
    5.000000E-02    0.000000E+00    1.139717E+00    7.070707E+00   -9.914889E-14
    5.000000E-02    0.000000E+00    1.139717E+00    7.171717E+00   -6.963861E-14
    5.000000E-02    0.000000E+00    1.139717E+00    7.272727E+00   -4.012833E-14
    5.000000E-02    0.000000E+00    1.139717E+00    7.373737E+00   -1.061805E-14
    5.000000E-02    0.000000E+00    1.139717E+00    7.474747E+00   -2.139077E-19
    5.000000E-02    0.000000E+00    1.139717E+00    7.575758E+00   -1.910922E-19
    5.000000E-02    0.000000E+00    1.139717E+00    7.676768E+00   -1.682766E-19
    5.000000E-02    0.000000E+00    1.139717E+00    7.777778E+00   -1.454611E-19
    5.000000E-02    0.000000E+00    1.139717E+00    7.878788E+00   -1.226455E-19
    5.000000E-02    0.000000E+00    1.139717E+00    7.979798E+00   -9.983000E-20
    5.000000E-02    0.000000E+00    1.139717E+00    8.080808E+00   -7.701446E-20
    5.000000E-02    0.000000E+00    1.139717E+00    8.181818E+00   -5.419891E-20
    5.000000E-02    0.000000E+00    1.139717E+00    8.282828E+00   -3.138336E-20
    5.000000E-02    0.000000E+00    1.139717E+00    8.383838E+00   -8.567819E-21
    5.000000E-02    0.000000E+00    1.139717E+00    8.484848E+00   -2.009895E-30
    5.000000E-02    0.000000E+00    1.139717E+00    8.585859E+00   -1.837746E-30
    5.000000E-02    0.000000E+00    1.139717E+00    8.686869E+00   -1.665597E-30
    5.000000E-02    0.000000E+00    1.139717E+00    8.787879E+00   -1.493448E-30
    5.000000E-02    0.000000E+00    1.139717E+00    8.888889E+00   -1.321299E-30
    5.000000E-02    0.000000E+00    1.139717E+00    8.989899E+00   -1.149150E-30
    5.000000E-02    0.000000E+00    1.139717E+00    9.090909E+00   -9.770013E-31
    5.000000E-02    0.000000E+00    1.139717E+00    9.191919E+00   -8.048523E-31
    5.000000E-02    0.000000E+00    1.139717E+00    9.292929E+00   -6.327033E-31
    5.000000E-02    0.000000E+00    1.139717E+00    9.393939E+00   -4.605543E-31
    5.000000E-02    0.000000E+00    1.139717E+00    9.494949E+00   -2.884053E-31
    5.000000E-02    0.000000E+00    1.139717E+00    9.595960E+00   -1.162563E-31
    5.000000E-02    0.000000E+00    1.139717E+00    9.696970E+00   -8.730638E-33
    5.000000E-02    0.000000E+00    1.139717E+00    9.797980E+00   -9.244105E-33
    5.000000E-02    0.000000E+00    1.139717E+00    9.898990E+00   -9.757571E-33
    5.000000E-02    0.000000E+00    1.139717E+00    1.000000E+01   -1.027104E-32

    5.000000E-02    1.000000E-01    1.139717E+00    0.000000E+00    1.138681E+00
    5.000000E-02    1.000000E-01    1.139717E+00    1.010101E-01    1.134866E+00
    5.000000E-02    1.000000E-01    1.139717E+00    2.020202E-01    1.123509E+00
    5.000000E-02    1.000000E-01    1.139717E+00    3.030303E-01    1.104505E+00
    5.000000E-02    1.000000E-01    1.139717E+00    4.040404E-01    1.077922E+00
    5.000000E-02    1.000000E-01    1.139717E+00    5.050505E-01    1.043719E+00
    5.000000E-02    1.000000E-01    1.139717E+00    6.060606E-01    1.001814E+00
    5.000000E-02    1.000000E-01    1.139717E+00    7.070707E-01    9.521340E-01
    5.000000E-02    1.000000E-01    1.139717E+00    8.080808E-01    8.945998E-01
    5.000000E-02    1.000000E-01    1.139717E+00    9.090909E-01    8.291885E-01
    5.000000E-02    1.000000E-01    1.139717E+00    1.010101E+00    7.559668E-01
    5.000000E-02    1.000000E-01    1.139717E+00    1.111111E+00    6.751719E-01
    5.000000E-02    1.000000E-01    1.139717E+00    1.212121E+00    5.872381E-01
    5.000000E-02    1.000000E-01    1.139717E+00    1.313131E+00    4.927664E-01
    5.000000E-02    1.000000E-01    1.139717E+00    1.414141E+00    3.924748E-01
    5.000000E-02    1.000000E-01    1.139717E+00    1.515152E+00    2.870821E-01
    5.000000E-02    1.000000E-01    1.139717E+00    1.616162E+00    1.773039E-01
    5.000000E-02    1.000000E-01    1.139717E+00    1.717172E+00    6.402763E-02
    5.000000E-02    1.000000E-01    1.139717E+00    1.818182E+00   -5.143373E-02
    5.000000E-02    1.000000E-01    1.139717E+00    1.919192E+00   -1.671806E-01
    5.000000E-02    1.000000E-01    1.139717E+00    2.020202E+00   -2.807494E-01
    5.000000E-02    1.000000E-01    1.139717E+00    2.121212E+00   -3.876813E-01
    5.000000E-02    1.000000E-01    1.139717E+00    2.222222E+00   -4.840416E-01
    5.000000E-02    1.000000E-01    1.139717E+00    2.323232E+00   -5.659146E-01
    5.000000E-02    1.000000E-01    1.139717E+00    2.424242E+00   -6.291770E-01
    5.000000E-02    1.000000E-01    1.139717E+00    2.525253E+00   -6.692157E-01
    5.000000E-02    1.000000E-01    1.139717E+00    2.626263E+00   -6.897483E-01
    5.000000E-02    1.000000E-01    1.139717E+00    2.727273E+00   -6.891046E-01
    5.000000E-02    1.000000E-01    1.139717E+00    2.828283E+00   -6.711817E-01
    5.000000E-02    1.000000E-01    1.139717E+00    2.929293E+00   -6.362443E-01
    5.000000E-02    1.000000E-01    1.139717E+00    3.030303E+00   -5.843385E-01
    5.000000E-02    1.000000E-01    1.139717E+00    3.131313E+00   -5.177621E-01
    5.000000E-02    1.000000E-01    1.139717E+00    3.232323E+00   -4.407617E-01
    5.000000E-02    1.000000E-01    1.139717E+00    3.333333E+00   -3.582141E-01
    5.000000E-02    1.000000E-01    1.139717E+00    3.434343E+00   -2.803612E-01
    5.000000E-02    1.000000E-01    1.139717E+00    3.535354E+00   -2.097118E-01
    5.000000E-02    1.000000E-01    1.139717E+00    3.636364E+00   -1.492050E-01
    5.000000E-02    1.000000E-01    1.139717E+00    3.737374E+00   -1.049992E-01
    5.000000E-02    1.000000E-01    1.139717E+00    3.838384E+00   -6.702178E-02
    5.000000E-02    1.000000E-01    1.139717E+00    3.939394E+00   -4.432253E-02
    5.000000E-02    1.000000E-01    1.139717E+00    4.040404E+00   -2.620755E-02
    5.000000E-02    1.000000E-01    1.139717E+00    4.141414E+00   -1.546055E-02
    5.000000E-02    1.000000E-01    1.139717E+00    4.242424E+00   -8.559244E-03
    5.000000E-02    1.000000E-01    1.139717E+00    4.343434E+00   -4.314199E-03
    5.000000E-02    1.000000E-01    1.139717E+00    4.444444E+00   -2.300913E-03
    5.000000E-02    1.000000E-01    1.139717E+00    4.545455E+00   -9.005011E-04
    5.000000E-02    1.000000E-01    1.139717E+00    4.646465E+00   -5.011990E-04
    5.000000E-02    1.000000E-01    1.139717E+00    4.747475E+00   -1.818026E-04
    5.000000E-02    1.000000E-01    1.139717E+00    4.848485E+00   -8.566102E-05
    5.000000E-02    1.000000E-01    1.139717E+00    4.949495E+00   -3.178528E-05
    5.000000E-02    1.000000E-01    1.139717E+00    5.050505E+00   -9.822045E-06
    5.000000E-02    1.000000E-01    1.139717E+00    5.151515E+00   -4.666137E-06
    5.000000E-02    1.000000E-01    1.139717E+00    5.252525E+00   -1.654497E-06
    5.000000E-02    1.000000E-01    1.139717E+00    5.353535E+00   -5.780935E-07
    5.000000E-02    1.000000E-01    1.139717E+00    5.454545E+00   -2.129735E-07
    5.000000E-02    1.000000E-01    1.139717E+00    5.555556E+00   -8.203257E-08
    5.000000E-02    1.000000E-01    1.139717E+00    5.656566E+00   -3.006842E-08
    5.000000E-02    1.000000E-01    1.139717E+00    5.757576E+00   -1.138111E-08
    5.000000E-02    1.000000E-01    1.139717E+00    5.858586E+00   -6.844552E-09
    5.000000E-02    1.000000E-01    1.139717E+00    5.959596E+00   -3.850646E-09
    5.000000E-02    1.000000E-01    1.139717E+00    6.060606E+00   -8.567391E-10
    5.000000E-02    1.000000E-01    1.139717E+00    6.161616E+00   -2.790304E-10
    5.000000E-02    1.000000E-01    1.139717E+00    6.262626E+00   -2.185077E-10
    5.000000E-02    1.000000E-01    1.139717E+00    6.363636E+00   -1.579850E-10
    5.000000E-02    1.000000E-01    1.139717E+00    6.464646E+00   -9.746228E-11
    5.000000E-02    1.000000E-01    1.139717E+00    6.565657E+00   -3.693957E-11
    5.000000E-02    1.000000E-01    1.139717E+00    6.666667E+00   -2.171900E-13
    5.000000E-02    1.000000E-01    1.139717E+00    6.767677E+00   -1.876797E-13
    5.000000E-02    1.000000E-01    1.139717E+00    6.868687E+00   -1.581695E-13
    5.000000E-02    1.000000E-01    1.139717E+00    6.969697E+00   -1.286592E-13
    5.000000E-02    1.000000E-01    1.139717E+00    7.070707E+00   -9.914889E-14
    5.000000E-02    1.000000E-01    1.139717E+00    7.171717E+00   -6.963861E-14
    5.000000E-02    1.000000E-01    1.139717E+00    7.272727E+00   -4.012833E-14
    5.000000E-02    1.000000E-01    1.139717E+00    7.373737E+00   -1.061805E-14
    5.000000E-02    1.000000E-01    1.139717E+00    7.474747E+00   -2.139077E-19
    5.000000E-02    1.000000E-01    1.139717E+00    7.575758E+00   -1.910922E-19
    5.000000E-02    1.000000E-01    1.139717E+00    7.676768E+00   -1.682766E-19
    5.000000E-02    1.000000E-01    1.139717E+00    7.777778E+00   -1.454611E-19
    5.000000E-02    1.000000E-01    1.139717E+00    7.878788E+00   -1.226455E-19
    5.000000E-02    1.000000E-01    1.139717E+00    7.979798E+00   -9.983000E-20
    5.000000E-02    1.000000E-01    1.139717E+00    8.080808E+00   -7.701446E-20
    5.000000E-02    1.000000E-01    1.139717E+00    8.181818E+00   -5.419891E-20
    5.000000E-02    1.000000E-01    1.139717E+00    8.282828E+00   -3.138336E-20
    5.000000E-02    1.000000E-01    1.139717E+00    8.383838E+00   -8.567819E-21
    5.000000E-02    1.000000E-01    1.139717E+00    8.484848E+00   -2.009895E-30
    5.000000E-02    1.000000E-01    1.139717E+00    8.585859E+00   -1.837746E-30
    5.000000E-02    1.000000E-01    1.139717E+00    8.686869E+00   -1.665597E-30
    5.000000E-02    1.000000E-01    1.139717E+00    8.787879E+00   -1.493448E-30
    5.000000E-02    1.000000E-01    1.139717E+00    8.888889E+00   -1.321299E-30
    5.000000E-02    1.000000E-01    1.139717E+00    8.989899E+00   -1.149150E-30
    5.000000E-02    1.000000E-01    1.139717E+00    9.090909E+00   -9.770013E-31
    5.000000E-02    1.000000E-01    1.139717E+00    9.191919E+00   -8.048523E-31
    5.000000E-02    1.000000E-01    1.139717E+00    9.292929E+00   -6.327033E-31
    5.000000E-02    1.000000E-01    1.139717E+00    9.393939E+00   -4.605543E-31
    5.000000E-02    1.000000E-01    1.139717E+00    9.494949E+00   -2.884053E-31
    5.000000E-02    1.000000E-01    1.139717E+00    9.595960E+00   -1.162563E-31
    5.000000E-02    1.000000E-01    1.139717E+00    9.696970E+00   -8.730638E-33
    5.000000E-02    1.000000E-01    1.139717E+00    9.797980E+00   -9.244105E-33
    5.000000E-02    1.000000E-01    1.139717E+00    9.898990E+00   -9.757571E-33
    5.000000E-02    1.000000E-01    1.139717E+00    1.000000E+01   -1.027104E-32

    5.000000E-02    2.000000E-01    1.139717E+00    0.000000E+00    6.507080E-01
    5.000000E-02    2.000000E-01    1.139717E+00    1.010101E-01    6.485236E-01
    5.000000E-02    2.000000E-01    1.139717E+00    2.020202E-01    6.420212E-01
    5.000000E-02    2.000000E-01    1.139717E+00    3.030303E-01    6.311403E-01
    5.000000E-02    2.000000E-01    1.139717E+00    4.040404E-01    6.159202E-01
    5.000000E-02    2.000000E-01    1.139717E+00    5.050505E-01    5.963379E-01
    5.000000E-02    2.000000E-01    1.139717E+00    6.060606E-01    5.723472E-01
    5.000000E-02    2.000000E-01    1.139717E+00    7.070707E-01    5.439081E-01
    5.000000E-02    2.000000E-01    1.139717E+00    8.080808E-01    5.109775E-01
    5.000000E-02    2.000000E-01    1.139717E+00    9.090909E-01    4.735464E-01
    5.000000E-02    2.000000E-01    1.139717E+00    1.010101E+00    4.316583E-01
    5.000000E-02    2.000000E-01    1.139717E+00    1.111111E+00    3.854549E-01
    5.000000E-02    2.000000E-01    1.139717E+00    1.212121E+00    3.351902E-01
    5.000000E-02    2.000000E-01    1.139717E+00    1.313131E+00    2.812120E-01
    5.000000E-02    2.000000E-01    1.139717E+00    1.414141E+00    2.239329E-01
    5.000000E-02    2.000000E-01    1.139717E+00    1.515152E+00    1.637638E-01
    5.000000E-02    2.000000E-01    1.139717E+00    1.616162E+00    1.011131E-01
    5.000000E-02    2.000000E-01    1.139717E+00    1.717172E+00    3.648623E-02
    5.000000E-02    2.000000E-01    1.139717E+00    1.818182E+00   -2.936972E-02
    5.000000E-02    2.000000E-01    1.139717E+00    1.919192E+00   -9.537167E-02
    5.000000E-02    2.000000E-01    1.139717E+00    2.020202E+00   -1.601192E-01
    5.000000E-02    2.000000E-01    1.139717E+00    2.121212E+00   -2.210703E-01
    5.000000E-02    2.000000E-01    1.139717E+00    2.222222E+00   -2.759859E-01
    5.000000E-02    2.000000E-01    1.139717E+00    2.323232E+00   -3.226367E-01
    5.000000E-02    2.000000E-01    1.139717E+00    2.424242E+00   -3.586751E-01
    5.000000E-02    2.000000E-01    1.139717E+00    2.525253E+00   -3.814741E-01
    5.000000E-02    2.000000E-01    1.139717E+00    2.626263E+00   -3.931551E-01
    5.000000E-02    2.000000E-01    1.139717E+00    2.727273E+00   -3.927682E-01
    5.000000E-02    2.000000E-01    1.139717E+00    2.828283E+00   -3.825358E-01
    5.000000E-02    2.000000E-01    1.139717E+00    2.929293E+00   -3.626099E-01
    5.000000E-02    2.000000E-01    1.139717E+00    3.030303E+00   -3.330175E-01
    5.000000E-02    2.000000E-01    1.139717E+00    3.131313E+00   -2.950678E-01
    5.000000E-02    2.000000E-01    1.139717E+00    3.232323E+00   -2.511805E-01
    5.000000E-02    2.000000E-01    1.139717E+00    3.333333E+00   -2.041349E-01
    5.000000E-02    2.000000E-01    1.139717E+00    3.434343E+00   -1.597669E-01
    5.000000E-02    2.000000E-01    1.139717E+00    3.535354E+00   -1.195050E-01
    5.000000E-02    2.000000E-01    1.139717E+00    3.636364E+00   -8.502413E-02
    5.000000E-02    2.000000E-01    1.139717E+00    3.737374E+00   -5.983318E-02
    5.000000E-02    2.000000E-01    1.139717E+00    3.838384E+00   -3.819172E-02
    5.000000E-02    2.000000E-01    1.139717E+00    3.939394E+00   -2.525675E-02
    5.000000E-02    2.000000E-01    1.139717E+00    4.040404E+00   -1.493410E-02
    5.000000E-02    2.000000E-01    1.139717E+00    4.141414E+00   -8.810071E-03
    5.000000E-02    2.000000E-01    1.139717E+00    4.242424E+00   -4.877449E-03
    5.000000E-02    2.000000E-01    1.139717E+00    4.343434E+00   -2.458458E-03
    5.000000E-02    2.000000E-01    1.139717E+00    4.444444E+00   -1.311200E-03
    5.000000E-02    2.000000E-01    1.139717E+00    4.545455E+00   -5.131786E-04
    5.000000E-02    2.000000E-01    1.139717E+00    4.646465E+00   -2.856295E-04
    5.000000E-02    2.000000E-01    1.139717E+00    4.747475E+00   -1.036150E-04
    5.000000E-02    2.000000E-01    1.139717E+00    4.848485E+00   -4.882342E-05
    5.000000E-02    2.000000E-01    1.139717E+00    4.949495E+00   -1.811846E-05
    5.000000E-02    2.000000E-01    1.139717E+00    5.050505E+00   -5.599963E-06
    5.000000E-02    2.000000E-01    1.139717E+00    5.151515E+00   -2.660643E-06
    5.000000E-02    2.000000E-01    1.139717E+00    5.252525E+00   -9.436267E-07
    5.000000E-02    2.000000E-01    1.139717E+00    5.353535E+00   -3.297963E-07
    5.000000E-02    2.000000E-01    1.139717E+00    5.454545E+00   -1.215262E-07
    5.000000E-02    2.000000E-01    1.139717E+00    5.555556E+00   -4.681721E-08
    5.000000E-02    2.000000E-01    1.139717E+00    5.656566E+00   -1.716313E-08
    5.000000E-02    2.000000E-01    1.139717E+00    5.757576E+00   -6.497109E-09
    5.000000E-02    2.000000E-01    1.139717E+00    5.858586E+00   -3.907466E-09
    5.000000E-02    2.000000E-01    1.139717E+00    5.959596E+00   -2.198311E-09
    5.000000E-02    2.000000E-01    1.139717E+00    6.060606E+00   -4.891562E-10
    5.000000E-02    2.000000E-01    1.139717E+00    6.161616E+00   -1.593456E-10
    5.000000E-02    2.000000E-01    1.139717E+00    6.262626E+00   -1.247830E-10
    5.000000E-02    2.000000E-01    1.139717E+00    6.363636E+00   -9.022036E-11
    5.000000E-02    2.000000E-01    1.139717E+00    6.464646E+00   -5.565774E-11
    5.000000E-02    2.000000E-01    1.139717E+00    6.565657E+00   -2.109511E-11
    5.000000E-02    2.000000E-01    1.139717E+00    6.666667E+00   -1.241029E-13
    5.000000E-02    2.000000E-01    1.139717E+00    6.767677E+00   -1.072406E-13
    5.000000E-02    2.000000E-01    1.139717E+00    6.868687E+00   -9.037840E-14
    5.000000E-02    2.000000E-01    1.139717E+00    6.969697E+00   -7.351616E-14
    5.000000E-02    2.000000E-01    1.139717E+00    7.070707E+00   -5.665391E-14
    5.000000E-02    2.000000E-01    1.139717E+00    7.171717E+00   -3.979167E-14
    5.000000E-02    2.000000E-01    1.139717E+00    7.272727E+00   -2.292942E-14
    5.000000E-02    2.000000E-01    1.139717E+00    7.373737E+00   -6.067181E-15
    5.000000E-02    2.000000E-01    1.139717E+00    7.474747E+00   -1.223418E-19
    5.000000E-02    2.000000E-01    1.139717E+00    7.575758E+00   -1.092927E-19
    5.000000E-02    2.000000E-01    1.139717E+00    7.676768E+00   -9.624369E-20
    5.000000E-02    2.000000E-01    1.139717E+00    7.777778E+00   -8.319463E-20
    5.000000E-02    2.000000E-01    1.139717E+00    7.878788E+00   -7.014556E-20
    5.000000E-02    2.000000E-01    1.139717E+00    7.979798E+00   -5.709650E-20
    5.000000E-02    2.000000E-01    1.139717E+00    8.080808E+00   -4.404744E-20
    5.000000E-02    2.000000E-01    1.139717E+00    8.181818E+00   -3.099838E-20
    5.000000E-02    2.000000E-01    1.139717E+00    8.282828E+00   -1.794932E-20
    5.000000E-02    2.000000E-01    1.139717E+00    8.383838E+00   -4.900255E-21
    5.000000E-02    2.000000E-01    1.139717E+00    8.484848E+00   -1.152070E-30
    5.000000E-02    2.000000E-01    1.139717E+00    8.585859E+00   -1.053392E-30
    5.000000E-02    2.000000E-01    1.139717E+00    8.686869E+00   -9.547138E-31
    5.000000E-02    2.000000E-01    1.139717E+00    8.787879E+00   -8.560357E-31
    5.000000E-02    2.000000E-01    1.139717E+00    8.888889E+00   -7.573576E-31
    5.000000E-02    2.000000E-01    1.139717E+00    8.989899E+00   -6.586795E-31
    5.000000E-02    2.000000E-01    1.139717E+00    9.090909E+00   -5.600014E-31
    5.000000E-02    2.000000E-01    1.139717E+00    9.191919E+00   -4.613233E-31
    5.000000E-02    2.000000E-01    1.139717E+00    9.292929E+00   -3.626452E-31
    5.000000E-02    2.000000E-01    1.139717E+00    9.393939E+00   -2.639671E-31
    5.000000E-02    2.000000E-01    1.139717E+00    9.494949E+00   -1.652890E-31
    5.000000E-02    2.000000E-01    1.139717E+00    9.595960E+00   -6.661086E-32
    5.000000E-02    2.000000E-01    1.139717E+00    9.696970E+00   -4.975100E-33
    5.000000E-02    2.000000E-01    1.139717E+00    9.797980E+00   -5.267718E-33
    5.000000E-02    2.000000E-01    1.139717E+00    9.898990E+00   -5.560335E-33
    5.000000E-02    2.000000E-01    1.139717E+00    1.000000E+01   -5.852953E-33

    5.000000E-02    3.000000E-01    1.139717E+00    0.000000E+00    2.006681E-01
    5.000000E-02    3.000000E-01    1.139717E+00    1.010101E-01    1.999945E-01
    5.000000E-02    3.000000E-01    1.139717E+00    2.020202E-01    1.979892E-01
    5.000000E-02    3.000000E-01    1.139717E+00    3.030303E-01    1.946336E-01
    5.000000E-02    3.000000E-01    1.139717E+00    4.040404E-01    1.899399E-01
    5.000000E-02    3.000000E-01    1.139717E+00    5.050505E-01    1.839010E-01
    5.000000E-02    3.000000E-01    1.139717E+00    6.060606E-01    1.765025E-01
    5.000000E-02    3.000000E-01    1.139717E+00    7.070707E-01    1.677323E-01
    5.000000E-02    3.000000E-01    1.139717E+00    8.080808E-01    1.575770E-01
    5.000000E-02    3.000000E-01    1.139717E+00    9.090909E-01    1.460338E-01
    5.000000E-02    3.000000E-01    1.139717E+00    1.010101E+00    1.331162E-01
    5.000000E-02    3.000000E-01    1.139717E+00    1.111111E+00    1.188679E-01
    5.000000E-02    3.000000E-01    1.139717E+00    1.212121E+00    1.033672E-01
    5.000000E-02    3.000000E-01    1.139717E+00    1.313131E+00    8.672125E-02
    5.000000E-02    3.000000E-01    1.139717E+00    1.414141E+00    6.905727E-02
    5.000000E-02    3.000000E-01    1.139717E+00    1.515152E+00    5.050200E-02
    5.000000E-02    3.000000E-01    1.139717E+00    1.616162E+00    3.118135E-02
    5.000000E-02    3.000000E-01    1.139717E+00    1.717172E+00    1.125119E-02
    5.000000E-02    3.000000E-01    1.139717E+00    1.818182E+00   -9.058074E-03
    5.000000E-02    3.000000E-01    1.139717E+00    1.919192E+00   -2.941242E-02
    5.000000E-02    3.000000E-01    1.139717E+00    2.020202E+00   -4.937997E-02
    5.000000E-02    3.000000E-01    1.139717E+00    2.121212E+00   -6.817677E-02
    5.000000E-02    3.000000E-01    1.139717E+00    2.222222E+00   -8.511229E-02
    5.000000E-02    3.000000E-01    1.139717E+00    2.323232E+00   -9.949905E-02
    5.000000E-02    3.000000E-01    1.139717E+00    2.424242E+00   -1.106130E-01
    5.000000E-02    3.000000E-01    1.139717E+00    2.525253E+00   -1.176441E-01
    5.000000E-02    3.000000E-01    1.139717E+00    2.626263E+00   -1.212464E-01
    5.000000E-02    3.000000E-01    1.139717E+00    2.727273E+00   -1.211271E-01
    5.000000E-02    3.000000E-01    1.139717E+00    2.828283E+00   -1.179715E-01
    5.000000E-02    3.000000E-01    1.139717E+00    2.929293E+00   -1.118265E-01
    5.000000E-02    3.000000E-01    1.139717E+00    3.030303E+00   -1.027004E-01
    5.000000E-02    3.000000E-01    1.139717E+00    3.131313E+00   -9.099698E-02
    5.000000E-02    3.000000E-01    1.139717E+00    3.232323E+00   -7.746244E-02
    5.000000E-02    3.000000E-01    1.139717E+00    3.333333E+00   -6.295387E-02
    5.000000E-02    3.000000E-01    1.139717E+00    3.434343E+00   -4.927107E-02
    5.000000E-02    3.000000E-01    1.139717E+00    3.535354E+00   -3.685457E-02
    5.000000E-02    3.000000E-01    1.139717E+00    3.636364E+00   -2.622089E-02
    5.000000E-02    3.000000E-01    1.139717E+00    3.737374E+00   -1.845217E-02
    5.000000E-02    3.000000E-01    1.139717E+00    3.838384E+00   -1.177808E-02
    5.000000E-02    3.000000E-01    1.139717E+00    3.939394E+00   -7.789017E-03
    5.000000E-02    3.000000E-01    1.139717E+00    4.040404E+00   -4.605580E-03
    5.000000E-02    3.000000E-01    1.139717E+00    4.141414E+00   -2.716968E-03
    5.000000E-02    3.000000E-01    1.139717E+00    4.242424E+00   -1.504173E-03
    5.000000E-02    3.000000E-01    1.139717E+00    4.343434E+00   -7.581719E-04
    5.000000E-02    3.000000E-01    1.139717E+00    4.444444E+00   -4.043651E-04
    5.000000E-02    3.000000E-01    1.139717E+00    4.545455E+00   -1.582607E-04
    5.000000E-02    3.000000E-01    1.139717E+00    4.646465E+00   -8.808610E-05
    5.000000E-02    3.000000E-01    1.139717E+00    4.747475E+00   -3.195409E-05
    5.000000E-02    3.000000E-01    1.139717E+00    4.848485E+00   -1.505676E-05
    5.000000E-02    3.000000E-01    1.139717E+00    4.949495E+00   -5.587582E-06
    5.000000E-02    3.000000E-01    1.139717E+00    5.050505E+00   -1.726976E-06
    5.000000E-02    3.000000E-01    1.139717E+00    5.151515E+00   -8.205161E-07
    5.000000E-02    3.000000E-01    1.139717E+00    5.252525E+00   -2.910042E-07
    5.000000E-02    3.000000E-01    1.139717E+00    5.353535E+00   -1.017052E-07
    5.000000E-02    3.000000E-01    1.139717E+00    5.454545E+00   -3.747710E-08
    5.000000E-02    3.000000E-01    1.139717E+00    5.555556E+00   -1.443779E-08
    5.000000E-02    3.000000E-01    1.139717E+00    5.656566E+00   -5.292867E-09
    5.000000E-02    3.000000E-01    1.139717E+00    5.757576E+00   -2.003615E-09
    5.000000E-02    3.000000E-01    1.139717E+00    5.858586E+00   -1.205006E-09
    5.000000E-02    3.000000E-01    1.139717E+00    5.959596E+00   -6.779272E-10
    5.000000E-02    3.000000E-01    1.139717E+00    6.060606E+00   -1.508486E-10
    5.000000E-02    3.000000E-01    1.139717E+00    6.161616E+00   -4.913977E-11
    5.000000E-02    3.000000E-01    1.139717E+00    6.262626E+00   -3.848118E-11
    5.000000E-02    3.000000E-01    1.139717E+00    6.363636E+00   -2.782259E-11
    5.000000E-02    3.000000E-01    1.139717E+00    6.464646E+00   -1.716400E-11
    5.000000E-02    3.000000E-01    1.139717E+00    6.565657E+00   -6.505411E-12
    5.000000E-02    3.000000E-01    1.139717E+00    6.666667E+00   -3.827135E-14
    5.000000E-02    3.000000E-01    1.139717E+00    6.767677E+00   -3.307130E-14
    5.000000E-02    3.000000E-01    1.139717E+00    6.868687E+00   -2.787125E-14
    5.000000E-02    3.000000E-01    1.139717E+00    6.969697E+00   -2.267121E-14
    5.000000E-02    3.000000E-01    1.139717E+00    7.070707E+00   -1.747116E-14
    5.000000E-02    3.000000E-01    1.139717E+00    7.171717E+00   -1.227111E-14
    5.000000E-02    3.000000E-01    1.139717E+00    7.272727E+00   -7.071068E-15
    5.000000E-02    3.000000E-01    1.139717E+00    7.373737E+00   -1.871022E-15
    5.000000E-02    3.000000E-01    1.139717E+00    7.474747E+00   -3.772824E-20
    5.000000E-02    3.000000E-01    1.139717E+00    7.575758E+00   -3.370412E-20
    5.000000E-02    3.000000E-01    1.139717E+00    7.676768E+00   -2.968000E-20
    5.000000E-02    3.000000E-01    1.139717E+00    7.777778E+00   -2.565588E-20
    5.000000E-02    3.000000E-01    1.139717E+00    7.878788E+00   -2.163176E-20
    5.000000E-02    3.000000E-01    1.139717E+00    7.979798E+00   -1.760764E-20
    5.000000E-02    3.000000E-01    1.139717E+00    8.080808E+00   -1.358352E-20
    5.000000E-02    3.000000E-01    1.139717E+00    8.181818E+00   -9.559399E-21
    5.000000E-02    3.000000E-01    1.139717E+00    8.282828E+00   -5.535279E-21
    5.000000E-02    3.000000E-01    1.139717E+00    8.383838E+00   -1.511160E-21
    5.000000E-02    3.000000E-01    1.139717E+00    8.484848E+00   -3.552598E-31
    5.000000E-02    3.000000E-01    1.139717E+00    8.585859E+00   -3.248308E-31
    5.000000E-02    3.000000E-01    1.139717E+00    8.686869E+00   -2.944018E-31
    5.000000E-02    3.000000E-01    1.139717E+00    8.787879E+00   -2.639728E-31
    5.000000E-02    3.000000E-01    1.139717E+00    8.888889E+00   -2.335438E-31
    5.000000E-02    3.000000E-01    1.139717E+00    8.989899E+00   -2.031148E-31
    5.000000E-02    3.000000E-01    1.139717E+00    9.090909E+00   -1.726857E-31
    5.000000E-02    3.000000E-01    1.139717E+00    9.191919E+00   -1.422567E-31
    5.000000E-02    3.000000E-01    1.139717E+00    9.292929E+00   -1.118277E-31
    5.000000E-02    3.000000E-01    1.139717E+00    9.393939E+00   -8.139872E-32
    5.000000E-02    3.000000E-01    1.139717E+00    9.494949E+00   -5.096971E-32
    5.000000E-02    3.000000E-01    1.139717E+00    9.595960E+00   -2.054069E-32
    5.000000E-02    3.000000E-01    1.139717E+00    9.696970E+00   -1.534299E-33
    5.000000E-02    3.000000E-01    1.139717E+00    9.797980E+00   -1.624541E-33
    5.000000E-02    3.000000E-01    1.139717E+00    9.898990E+00   -1.714782E-33
    5.000000E-02    3.000000E-01    1.139717E+00    1.000000E+01   -1.805024E-33

    5.000000E-02    4.000000E-01    1.139717E+00    0.000000E+00    2.363159E-01
    5.000000E-02    4.000000E-01    1.139717E+00    1.010101E-01    2.355226E-01
    5.000000E-02    4.000000E-01    1.139717E+00    2.020202E-01    2.331612E-01
    5.000000E-02    4.000000E-01    1.139717E+00    3.030303E-01    2.292098E-01
    5.000000E-02    4.000000E-01    1.139717E+00    4.040404E-01    2.236826E-01
    5.000000E-02    4.000000E-01    1.139717E+00    5.050505E-01    2.165714E-01
    5.000000E-02    4.000000E-01    1.139717E+00    6.060606E-01    2.078593E-01
    5.000000E-02    4.000000E-01    1.139717E+00    7.070707E-01    1.975318E-01
    5.000000E-02    4.000000E-01    1.139717E+00    8.080808E-01    1.855733E-01
    5.000000E-02    4.000000E-01    1.139717E+00    9.090909E-01    1.719803E-01
    5.000000E-02    4.000000E-01    1.139717E+00    1.010101E+00    1.567685E-01
    5.000000E-02    4.000000E-01    1.139717E+00    1.111111E+00    1.399891E-01
    5.000000E-02    4.000000E-01    1.139717E+00    1.212121E+00    1.217340E-01
    5.000000E-02    4.000000E-01    1.139717E+00    1.313131E+00    1.021295E-01
    5.000000E-02    4.000000E-01    1.139717E+00    1.414141E+00    8.132523E-02
    5.000000E-02    4.000000E-01    1.139717E+00    1.515152E+00    5.947054E-02
    5.000000E-02    4.000000E-01    1.139717E+00    1.616162E+00    3.671378E-02
    5.000000E-02    4.000000E-01    1.139717E+00    1.717172E+00    1.323858E-02
    5.000000E-02    4.000000E-01    1.139717E+00    1.818182E+00   -1.068360E-02
    5.000000E-02    4.000000E-01    1.139717E+00    1.919192E+00   -3.465930E-02
    5.000000E-02    4.000000E-01    1.139717E+00    2.020202E+00   -5.817968E-02
    5.000000E-02    4.000000E-01    1.139717E+00    2.121212E+00   -8.032126E-02
    5.000000E-02    4.000000E-01    1.139717E+00    2.222222E+00   -1.002705E-01
    5.000000E-02    4.000000E-01    1.139717E+00    2.323232E+00   -1.172176E-01
    5.000000E-02    4.000000E-01    1.139717E+00    2.424242E+00   -1.303094E-01
    5.000000E-02    4.000000E-01    1.139717E+00    2.525253E+00   -1.385916E-01
    5.000000E-02    4.000000E-01    1.139717E+00    2.626263E+00   -1.428348E-01
    5.000000E-02    4.000000E-01    1.139717E+00    2.727273E+00   -1.426938E-01
    5.000000E-02    4.000000E-01    1.139717E+00    2.828283E+00   -1.389761E-01
    5.000000E-02    4.000000E-01    1.139717E+00    2.929293E+00   -1.317367E-01
    5.000000E-02    4.000000E-01    1.139717E+00    3.030303E+00   -1.209855E-01
    5.000000E-02    4.000000E-01    1.139717E+00    3.131313E+00   -1.071982E-01
    5.000000E-02    4.000000E-01    1.139717E+00    3.232323E+00   -9.125386E-02
    5.000000E-02    4.000000E-01    1.139717E+00    3.333333E+00   -7.416214E-02
    5.000000E-02    4.000000E-01    1.139717E+00    3.434343E+00   -5.804324E-02
    5.000000E-02    4.000000E-01    1.139717E+00    3.535354E+00   -4.341610E-02
    5.000000E-02    4.000000E-01    1.139717E+00    3.636364E+00   -3.088921E-02
    5.000000E-02    4.000000E-01    1.139717E+00    3.737374E+00   -2.173735E-02
    5.000000E-02    4.000000E-01    1.139717E+00    3.838384E+00   -1.387501E-02
    5.000000E-02    4.000000E-01    1.139717E+00    3.939394E+00   -9.175744E-03
    5.000000E-02    4.000000E-01    1.139717E+00    4.040404E+00   -5.425534E-03
    5.000000E-02    4.000000E-01    1.139717E+00    4.141414E+00   -3.200680E-03
    5.000000E-02    4.000000E-01    1.139717E+00    4.242424E+00   -1.771964E-03
    5.000000E-02    4.000000E-01    1.139717E+00    4.343434E+00   -8.931488E-04
    5.000000E-02    4.000000E-01    1.139717E+00    4.444444E+00   -4.763530E-04
    5.000000E-02    4.000000E-01    1.139717E+00    4.545455E+00   -1.864345E-04
    5.000000E-02    4.000000E-01    1.139717E+00    4.646465E+00   -1.037671E-04
    5.000000E-02    4.000000E-01    1.139717E+00    4.747475E+00   -3.764222E-05
    5.000000E-02    4.000000E-01    1.139717E+00    4.848485E+00   -1.773691E-05
    5.000000E-02    4.000000E-01    1.139717E+00    4.949495E+00   -6.582107E-06
    5.000000E-02    4.000000E-01    1.139717E+00    5.050505E+00   -2.034316E-06
    5.000000E-02    4.000000E-01    1.139717E+00    5.151515E+00   -9.665283E-07
    5.000000E-02    4.000000E-01    1.139717E+00    5.252525E+00   -3.427807E-07
    5.000000E-02    4.000000E-01    1.139717E+00    5.353535E+00   -1.197980E-07
    5.000000E-02    4.000000E-01    1.139717E+00    5.454545E+00   -4.414315E-08
    5.000000E-02    4.000000E-01    1.139717E+00    5.555556E+00   -1.700558E-08
    5.000000E-02    4.000000E-01    1.139717E+00    5.656566E+00   -6.234128E-09
    5.000000E-02    4.000000E-01    1.139717E+00    5.757576E+00   -2.359906E-09
    5.000000E-02    4.000000E-01    1.139717E+00    5.858586E+00   -1.419281E-09
    5.000000E-02    4.000000E-01    1.139717E+00    5.959596E+00   -7.984759E-10
    5.000000E-02    4.000000E-01    1.139717E+00    6.060606E+00   -1.776709E-10
    5.000000E-02    4.000000E-01    1.139717E+00    6.161616E+00   -5.787631E-11
    5.000000E-02    4.000000E-01    1.139717E+00    6.262626E+00   -4.532274E-11
    5.000000E-02    4.000000E-01    1.139717E+00    6.363636E+00   -3.276916E-11
    5.000000E-02    4.000000E-01    1.139717E+00    6.464646E+00   -2.021558E-11
    5.000000E-02    4.000000E-01    1.139717E+00    6.565657E+00   -7.662005E-12
    5.000000E-02    4.000000E-01    1.139717E+00    6.666667E+00   -4.507341E-14
    5.000000E-02    4.000000E-01    1.139717E+00    6.767677E+00   -3.894914E-14
    5.000000E-02    4.000000E-01    1.139717E+00    6.868687E+00   -3.282488E-14
    5.000000E-02    4.000000E-01    1.139717E+00    6.969697E+00   -2.670062E-14
    5.000000E-02    4.000000E-01    1.139717E+00    7.070707E+00   -2.057635E-14
    5.000000E-02    4.000000E-01    1.139717E+00    7.171717E+00   -1.445209E-14
    5.000000E-02    4.000000E-01    1.139717E+00    7.272727E+00   -8.327826E-15
    5.000000E-02    4.000000E-01    1.139717E+00    7.373737E+00   -2.203563E-15
    5.000000E-02    4.000000E-01    1.139717E+00    7.474747E+00   -4.443021E-20
    5.000000E-02    4.000000E-01    1.139717E+00    7.575758E+00   -3.969125E-20
    5.000000E-02    4.000000E-01    1.139717E+00    7.676768E+00   -3.495230E-20
    5.000000E-02    4.000000E-01    1.139717E+00    7.777778E+00   -3.021334E-20
    5.000000E-02    4.000000E-01    1.139717E+00    7.878788E+00   -2.547438E-20
    5.000000E-02    4.000000E-01    1.139717E+00    7.979798E+00   -2.073543E-20
    5.000000E-02    4.000000E-01    1.139717E+00    8.080808E+00   -1.599647E-20
    5.000000E-02    4.000000E-01    1.139717E+00    8.181818E+00   -1.125751E-20
    5.000000E-02    4.000000E-01    1.139717E+00    8.282828E+00   -6.518556E-21
    5.000000E-02    4.000000E-01    1.139717E+00    8.383838E+00   -1.779599E-21
    5.000000E-02    4.000000E-01    1.139717E+00    8.484848E+00   -4.183695E-31
    5.000000E-02    4.000000E-01    1.139717E+00    8.585859E+00   -3.825351E-31
    5.000000E-02    4.000000E-01    1.139717E+00    8.686869E+00   -3.467006E-31
    5.000000E-02    4.000000E-01    1.139717E+00    8.787879E+00   -3.108661E-31
    5.000000E-02    4.000000E-01    1.139717E+00    8.888889E+00   -2.750317E-31
    5.000000E-02    4.000000E-01    1.139717E+00    8.989899E+00   -2.391972E-31
    5.000000E-02    4.000000E-01    1.139717E+00    9.090909E+00   -2.033627E-31
    5.000000E-02    4.000000E-01    1.139717E+00    9.191919E+00   -1.675283E-31
    5.000000E-02    4.000000E-01    1.139717E+00    9.292929E+00   -1.316938E-31
    5.000000E-02    4.000000E-01    1.139717E+00    9.393939E+00   -9.585934E-32
    5.000000E-02    4.000000E-01    1.139717E+00    9.494949E+00   -6.002487E-32
    5.000000E-02    4.000000E-01    1.139717E+00    9.595960E+00   -2.419041E-32
    5.000000E-02    4.000000E-01    1.139717E+00    9.696970E+00   -1.807703E-33
    5.000000E-02    4.000000E-01    1.139717E+00    9.797980E+00   -1.914022E-33
    5.000000E-02    4.000000E-01    1.139717E+00    9.898990E+00   -2.020340E-33
    5.000000E-02    4.000000E-01    1.139717E+00    1.000000E+01   -2.126659E-33

    5.000000E-02    5.000000E-01    1.139717E+00    0.000000E+00    1.336273E-01
    5.000000E-02    5.000000E-01    1.139717E+00    1.010101E-01    1.331788E-01
    5.000000E-02    5.000000E-01    1.139717E+00    2.020202E-01    1.318436E-01
    5.000000E-02    5.000000E-01    1.139717E+00    3.030303E-01    1.296095E-01
    5.000000E-02    5.000000E-01    1.139717E+00    4.040404E-01    1.264843E-01
    5.000000E-02    5.000000E-01    1.139717E+00    5.050505E-01    1.224635E-01
    5.000000E-02    5.000000E-01    1.139717E+00    6.060606E-01    1.175376E-01
    5.000000E-02    5.000000E-01    1.139717E+00    7.070707E-01    1.116983E-01
    5.000000E-02    5.000000E-01    1.139717E+00    8.080808E-01    1.049368E-01
    5.000000E-02    5.000000E-01    1.139717E+00    9.090909E-01    9.725109E-02
    5.000000E-02    5.000000E-01    1.139717E+00    1.010101E+00    8.864992E-02
    5.000000E-02    5.000000E-01    1.139717E+00    1.111111E+00    7.916217E-02
    5.000000E-02    5.000000E-01    1.139717E+00    1.212121E+00    6.883980E-02
    5.000000E-02    5.000000E-01    1.139717E+00    1.313131E+00    5.775408E-02
    5.000000E-02    5.000000E-01    1.139717E+00    1.414141E+00    4.598967E-02
    5.000000E-02    5.000000E-01    1.139717E+00    1.515152E+00    3.363102E-02
    5.000000E-02    5.000000E-01    1.139717E+00    1.616162E+00    2.076202E-02
    5.000000E-02    5.000000E-01    1.139717E+00    1.717172E+00    7.486540E-03
    5.000000E-02    5.000000E-01    1.139717E+00    1.818182E+00   -6.041879E-03
    5.000000E-02    5.000000E-01    1.139717E+00    1.919192E+00   -1.960073E-02
    5.000000E-02    5.000000E-01    1.139717E+00    2.020202E+00   -3.290221E-02
    5.000000E-02    5.000000E-01    1.139717E+00    2.121212E+00   -4.542407E-02
    5.000000E-02    5.000000E-01    1.139717E+00    2.222222E+00   -5.670618E-02
    5.000000E-02    5.000000E-01    1.139717E+00    2.323232E+00   -6.629050E-02
    5.000000E-02    5.000000E-01    1.139717E+00    2.424242E+00   -7.369459E-02
    5.000000E-02    5.000000E-01    1.139717E+00    2.525253E+00   -7.837870E-02
    5.000000E-02    5.000000E-01    1.139717E+00    2.626263E+00   -8.077860E-02
    5.000000E-02    5.000000E-01    1.139717E+00    2.727273E+00   -8.069906E-02
    5.000000E-02    5.000000E-01    1.139717E+00    2.828283E+00   -7.859667E-02
    5.000000E-02    5.000000E-01    1.139717E+00    2.929293E+00   -7.450262E-02
    5.000000E-02    5.000000E-01    1.139717E+00    3.030303E+00   -6.842247E-02
    5.000000E-02    5.000000E-01    1.139717E+00    3.131313E+00   -6.062522E-02
    5.000000E-02    5.000000E-01    1.139717E+00    3.232323E+00   -5.160805E-02
    5.000000E-02    5.000000E-01    1.139717E+00    3.333333E+00   -4.194196E-02
    5.000000E-02    5.000000E-01    1.139717E+00    3.434343E+00   -3.282603E-02
    5.000000E-02    5.000000E-01    1.139717E+00    3.535354E+00   -2.455375E-02
    5.000000E-02    5.000000E-01    1.139717E+00    3.636364E+00   -1.746924E-02
    5.000000E-02    5.000000E-01    1.139717E+00    3.737374E+00   -1.229345E-02
    5.000000E-02    5.000000E-01    1.139717E+00    3.838384E+00   -7.846949E-03
    5.000000E-02    5.000000E-01    1.139717E+00    3.939394E+00   -5.189300E-03
    5.000000E-02    5.000000E-01    1.139717E+00    4.040404E+00   -3.068386E-03
    5.000000E-02    5.000000E-01    1.139717E+00    4.141414E+00   -1.810129E-03
    5.000000E-02    5.000000E-01    1.139717E+00    4.242424E+00   -1.002125E-03
    5.000000E-02    5.000000E-01    1.139717E+00    4.343434E+00   -5.051156E-04
    5.000000E-02    5.000000E-01    1.139717E+00    4.444444E+00   -2.693987E-04
    5.000000E-02    5.000000E-01    1.139717E+00    4.545455E+00   -1.054368E-04
    5.000000E-02    5.000000E-01    1.139717E+00    4.646465E+00   -5.868471E-05
    5.000000E-02    5.000000E-01    1.139717E+00    4.747475E+00   -2.128821E-05
    5.000000E-02    5.000000E-01    1.139717E+00    4.848485E+00   -1.003092E-05
    5.000000E-02    5.000000E-01    1.139717E+00    4.949495E+00   -3.722418E-06
    5.000000E-02    5.000000E-01    1.139717E+00    5.050505E+00   -1.150467E-06
    5.000000E-02    5.000000E-01    1.139717E+00    5.151515E+00   -5.465980E-07
    5.000000E-02    5.000000E-01    1.139717E+00    5.252525E+00   -1.938494E-07
    5.000000E-02    5.000000E-01    1.139717E+00    5.353535E+00   -6.774728E-08
    5.000000E-02    5.000000E-01    1.139717E+00    5.454545E+00   -2.496323E-08
    5.000000E-02    5.000000E-01    1.139717E+00    5.555556E+00   -9.616672E-09
    5.000000E-02    5.000000E-01    1.139717E+00    5.656566E+00   -3.525378E-09
    5.000000E-02    5.000000E-01    1.139717E+00    5.757576E+00   -1.334511E-09
    5.000000E-02    5.000000E-01    1.139717E+00    5.858586E+00   -8.025922E-10
    5.000000E-02    5.000000E-01    1.139717E+00    5.959596E+00   -4.515315E-10
    5.000000E-02    5.000000E-01    1.139717E+00    6.060606E+00   -1.004709E-10
    5.000000E-02    5.000000E-01    1.139717E+00    6.161616E+00   -3.272803E-11
    5.000000E-02    5.000000E-01    1.139717E+00    6.262626E+00   -2.562921E-11
    5.000000E-02    5.000000E-01    1.139717E+00    6.363636E+00   -1.853038E-11
    5.000000E-02    5.000000E-01    1.139717E+00    6.464646E+00   -1.143155E-11
    5.000000E-02    5.000000E-01    1.139717E+00    6.565657E+00   -4.332727E-12
    5.000000E-02    5.000000E-01    1.139717E+00    6.666667E+00   -2.548739E-14
    5.000000E-02    5.000000E-01    1.139717E+00    6.767677E+00   -2.202434E-14
    5.000000E-02    5.000000E-01    1.139717E+00    6.868687E+00   -1.856129E-14
    5.000000E-02    5.000000E-01    1.139717E+00    6.969697E+00   -1.509824E-14
    5.000000E-02    5.000000E-01    1.139717E+00    7.070707E+00   -1.163519E-14
    5.000000E-02    5.000000E-01    1.139717E+00    7.171717E+00   -8.172135E-15
    5.000000E-02    5.000000E-01    1.139717E+00    7.272727E+00   -4.709085E-15
    5.000000E-02    5.000000E-01    1.139717E+00    7.373737E+00   -1.246035E-15
    5.000000E-02    5.000000E-01    1.139717E+00    7.474747E+00   -2.512234E-20
    5.000000E-02    5.000000E-01    1.139717E+00    7.575758E+00   -2.244278E-20
    5.000000E-02    5.000000E-01    1.139717E+00    7.676768E+00   -1.976321E-20
    5.000000E-02    5.000000E-01    1.139717E+00    7.777778E+00   -1.708364E-20
    5.000000E-02    5.000000E-01    1.139717E+00    7.878788E+00   -1.440408E-20
    5.000000E-02    5.000000E-01    1.139717E+00    7.979798E+00   -1.172451E-20
    5.000000E-02    5.000000E-01    1.139717E+00    8.080808E+00   -9.044945E-21
    5.000000E-02    5.000000E-01    1.139717E+00    8.181818E+00   -6.365378E-21
    5.000000E-02    5.000000E-01    1.139717E+00    8.282828E+00   -3.685812E-21
    5.000000E-02    5.000000E-01    1.139717E+00    8.383838E+00   -1.006245E-21
    5.000000E-02    5.000000E-01    1.139717E+00    8.484848E+00   -2.365713E-31
    5.000000E-02    5.000000E-01    1.139717E+00    8.585859E+00   -2.163084E-31
    5.000000E-02    5.000000E-01    1.139717E+00    8.686869E+00   -1.960454E-31
    5.000000E-02    5.000000E-01    1.139717E+00    8.787879E+00   -1.757825E-31
    5.000000E-02    5.000000E-01    1.139717E+00    8.888889E+00   -1.555195E-31
    5.000000E-02    5.000000E-01    1.139717E+00    8.989899E+00   -1.352566E-31
    5.000000E-02    5.000000E-01    1.139717E+00    9.090909E+00   -1.149936E-31
    5.000000E-02    5.000000E-01    1.139717E+00    9.191919E+00   -9.473067E-32
    5.000000E-02    5.000000E-01    1.139717E+00    9.292929E+00   -7.446772E-32
    5.000000E-02    5.000000E-01    1.139717E+00    9.393939E+00   -5.420477E-32
    5.000000E-02    5.000000E-01    1.139717E+00    9.494949E+00   -3.394182E-32
    5.000000E-02    5.000000E-01    1.139717E+00    9.595960E+00   -1.367886E-32
    5.000000E-02    5.000000E-01    1.139717E+00    9.696970E+00   -1.022348E-33
    5.000000E-02    5.000000E-01    1.139717E+00    9.797980E+00   -1.082477E-33
    5.000000E-02    5.000000E-01    1.139717E+00    9.898990E+00   -1.142605E-33
    5.000000E-02    5.000000E-01    1.139717E+00    1.000000E+01   -1.202733E-33

    5.000000E-02    6.000000E-01    1.139717E+00    0.000000E+00    5.033566E-02
    5.000000E-02    6.000000E-01    1.139717E+00    1.010101E-01    5.016667E-02
    5.000000E-02    6.000000E-01    1.139717E+00    2.020202E-01    4.966363E-02
    5.000000E-02    6.000000E-01    1.139717E+00    3.030303E-01    4.882188E-02
    5.000000E-02    6.000000E-01    1.139717E+00    4.040404E-01    4.764444E-02
    5.000000E-02    6.000000E-01    1.139717E+00    5.050505E-01    4.612956E-02
    5.000000E-02    6.000000E-01    1.139717E+00    6.060606E-01    4.427367E-02
    5.000000E-02    6.000000E-01    1.139717E+00    7.070707E-01    4.207368E-02
    5.000000E-02    6.000000E-01    1.139717E+00    8.080808E-01    3.952625E-02
    5.000000E-02    6.000000E-01    1.139717E+00    9.090909E-01    3.663067E-02
    5.000000E-02    6.000000E-01    1.139717E+00    1.010101E+00    3.339028E-02
    5.000000E-02    6.000000E-01    1.139717E+00    1.111111E+00    2.981601E-02
    5.000000E-02    6.000000E-01    1.139717E+00    1.212121E+00    2.592751E-02
    5.000000E-02    6.000000E-01    1.139717E+00    1.313131E+00    2.175169E-02
    5.000000E-02    6.000000E-01    1.139717E+00    1.414141E+00    1.732050E-02
    5.000000E-02    6.000000E-01    1.139717E+00    1.515152E+00    1.266578E-02
    5.000000E-02    6.000000E-01    1.139717E+00    1.616162E+00    7.819128E-03
    5.000000E-02    6.000000E-01    1.139717E+00    1.717172E+00    2.819655E-03
    5.000000E-02    6.000000E-01    1.139717E+00    1.818182E+00   -2.274846E-03
    5.000000E-02    6.000000E-01    1.139717E+00    1.919192E+00   -7.380590E-03
    5.000000E-02    6.000000E-01    1.139717E+00    2.020202E+00   -1.238926E-02
    5.000000E-02    6.000000E-01    1.139717E+00    2.121212E+00   -1.710421E-02
    5.000000E-02    6.000000E-01    1.139717E+00    2.222222E+00   -2.135223E-02
    5.000000E-02    6.000000E-01    1.139717E+00    2.323232E+00   -2.496089E-02
    5.000000E-02    6.000000E-01    1.139717E+00    2.424242E+00   -2.774857E-02
    5.000000E-02    6.000000E-01    1.139717E+00    2.525253E+00   -2.951206E-02
    5.000000E-02    6.000000E-01    1.139717E+00    2.626263E+00   -3.041548E-02
    5.000000E-02    6.000000E-01    1.139717E+00    2.727273E+00   -3.038533E-02
    5.000000E-02    6.000000E-01    1.139717E+00    2.828283E+00   -2.959356E-02
    5.000000E-02    6.000000E-01    1.139717E+00    2.929293E+00   -2.805192E-02
    5.000000E-02    6.000000E-01    1.139717E+00    3.030303E+00   -2.576250E-02
    5.000000E-02    6.000000E-01    1.139717E+00    3.131313E+00   -2.282659E-02
    5.000000E-02    6.000000E-01    1.139717E+00    3.232323E+00   -1.943140E-02
    5.000000E-02    6.000000E-01    1.139717E+00    3.333333E+00   -1.579190E-02
    5.000000E-02    6.000000E-01    1.139717E+00    3.434343E+00   -1.235956E-02
    5.000000E-02    6.000000E-01    1.139717E+00    3.535354E+00   -9.244893E-03
    5.000000E-02    6.000000E-01    1.139717E+00    3.636364E+00   -6.577449E-03
    5.000000E-02    6.000000E-01    1.139717E+00    3.737374E+00   -4.628679E-03
    5.000000E-02    6.000000E-01    1.139717E+00    3.838384E+00   -2.954498E-03
    5.000000E-02    6.000000E-01    1.139717E+00    3.939394E+00   -1.953852E-03
    5.000000E-02    6.000000E-01    1.139717E+00    4.040404E+00   -1.155296E-03
    5.000000E-02    6.000000E-01    1.139717E+00    4.141414E+00   -6.815428E-04
    5.000000E-02    6.000000E-01    1.139717E+00    4.242424E+00   -3.773168E-04
    5.000000E-02    6.000000E-01    1.139717E+00    4.343434E+00   -1.901849E-04
    5.000000E-02    6.000000E-01    1.139717E+00    4.444444E+00   -1.014336E-04
    5.000000E-02    6.000000E-01    1.139717E+00    4.545455E+00   -3.969918E-05
    5.000000E-02    6.000000E-01    1.139717E+00    4.646465E+00   -2.209612E-05
    5.000000E-02    6.000000E-01    1.139717E+00    4.747475E+00   -8.015596E-06
    5.000000E-02    6.000000E-01    1.139717E+00    4.848485E+00   -3.776952E-06
    5.000000E-02    6.000000E-01    1.139717E+00    4.949495E+00   -1.401635E-06
    5.000000E-02    6.000000E-01    1.139717E+00    5.050505E+00   -4.332112E-07
    5.000000E-02    6.000000E-01    1.139717E+00    5.151515E+00   -2.058266E-07
    5.000000E-02    6.000000E-01    1.139717E+00    5.252525E+00   -7.299891E-08
    5.000000E-02    6.000000E-01    1.139717E+00    5.353535E+00   -2.551310E-08
    5.000000E-02    6.000000E-01    1.139717E+00    5.454545E+00   -9.401306E-09
    5.000000E-02    6.000000E-01    1.139717E+00    5.555556E+00   -3.621800E-09
    5.000000E-02    6.000000E-01    1.139717E+00    5.656566E+00   -1.327748E-09
    5.000000E-02    6.000000E-01    1.139717E+00    5.757576E+00   -5.026200E-10
    5.000000E-02    6.000000E-01    1.139717E+00    5.858586E+00   -3.022838E-10
    5.000000E-02    6.000000E-01    1.139717E+00    5.959596E+00   -1.700626E-10
    5.000000E-02    6.000000E-01    1.139717E+00    6.060606E+00   -3.784140E-11
    5.000000E-02    6.000000E-01    1.139717E+00    6.161616E+00   -1.232706E-11
    5.000000E-02    6.000000E-01    1.139717E+00    6.262626E+00   -9.653280E-12
    5.000000E-02    6.000000E-01    1.139717E+00    6.363636E+00   -6.979496E-12
    5.000000E-02    6.000000E-01    1.139717E+00    6.464646E+00   -4.305713E-12
    5.000000E-02    6.000000E-01    1.139717E+00    6.565657E+00   -1.631929E-12
    5.000000E-02    6.000000E-01    1.139717E+00    6.666667E+00   -9.600608E-15
    5.000000E-02    6.000000E-01    1.139717E+00    6.767677E+00   -8.296144E-15
    5.000000E-02    6.000000E-01    1.139717E+00    6.868687E+00   -6.991679E-15
    5.000000E-02    6.000000E-01    1.139717E+00    6.969697E+00   -5.687215E-15
    5.000000E-02    6.000000E-01    1.139717E+00    7.070707E+00   -4.382751E-15
    5.000000E-02    6.000000E-01    1.139717E+00    7.171717E+00   -3.078286E-15
    5.000000E-02    6.000000E-01    1.139717E+00    7.272727E+00   -1.773822E-15
    5.000000E-02    6.000000E-01    1.139717E+00    7.373737E+00   -4.693575E-16
    5.000000E-02    6.000000E-01    1.139717E+00    7.474747E+00   -9.464159E-21
    5.000000E-02    6.000000E-01    1.139717E+00    7.575758E+00   -8.454705E-21
    5.000000E-02    6.000000E-01    1.139717E+00    7.676768E+00   -7.445252E-21
    5.000000E-02    6.000000E-01    1.139717E+00    7.777778E+00   -6.435798E-21
    5.000000E-02    6.000000E-01    1.139717E+00    7.878788E+00   -5.426344E-21
    5.000000E-02    6.000000E-01    1.139717E+00    7.979798E+00   -4.416890E-21
    5.000000E-02    6.000000E-01    1.139717E+00    8.080808E+00   -3.407437E-21
    5.000000E-02    6.000000E-01    1.139717E+00    8.181818E+00   -2.397983E-21
    5.000000E-02    6.000000E-01    1.139717E+00    8.282828E+00   -1.388529E-21
    5.000000E-02    6.000000E-01    1.139717E+00    8.383838E+00   -3.790756E-22
    5.000000E-02    6.000000E-01    1.139717E+00    8.484848E+00   -8.915991E-32
    5.000000E-02    6.000000E-01    1.139717E+00    8.585859E+00   -8.152310E-32
    5.000000E-02    6.000000E-01    1.139717E+00    8.686869E+00   -7.388629E-32
    5.000000E-02    6.000000E-01    1.139717E+00    8.787879E+00   -6.624948E-32
    5.000000E-02    6.000000E-01    1.139717E+00    8.888889E+00   -5.861266E-32
    5.000000E-02    6.000000E-01    1.139717E+00    8.989899E+00   -5.097585E-32
    5.000000E-02    6.000000E-01    1.139717E+00    9.090909E+00   -4.333904E-32
    5.000000E-02    6.000000E-01    1.139717E+00    9.191919E+00   -3.570223E-32
    5.000000E-02    6.000000E-01    1.139717E+00    9.292929E+00   -2.806542E-32
    5.000000E-02    6.000000E-01    1.139717E+00    9.393939E+00   -2.042861E-32
    5.000000E-02    6.000000E-01    1.139717E+00    9.494949E+00   -1.279180E-32
    5.000000E-02    6.000000E-01    1.139717E+00    9.595960E+00   -5.154987E-33
    5.000000E-02    6.000000E-01    1.139717E+00    9.696970E+00   -3.849220E-34
    5.000000E-02    6.000000E-01    1.139717E+00    9.797980E+00   -4.075612E-34
    5.000000E-02    6.000000E-01    1.139717E+00    9.898990E+00   -4.302004E-34
    5.000000E-02    6.000000E-01    1.139717E+00    1.000000E+01   -4.528396E-34

