#     k [MeV]       Xi [MeV]       1/2/Xi [MeV-1]     e(k) [MeV]     Xi_qp [MeV]


# rho=   0.08000 temp=   0.20000
    0.123500E+01    0.417041E+02    0.119892E-01   -0.238916E+02    0.367548E+02
    0.645811E+01    0.416802E+02    0.119961E-01   -0.238720E+02    0.367352E+02
    0.156566E+02    0.415622E+02    0.120302E-01   -0.237602E+02    0.366234E+02
    0.285002E+02    0.412324E+02    0.121264E-01   -0.234547E+02    0.363179E+02
    0.445250E+02    0.405541E+02    0.123292E-01   -0.227880E+02    0.356512E+02
    0.631518E+02    0.393941E+02    0.126923E-01   -0.216157E+02    0.344789E+02
    0.837074E+02    0.376438E+02    0.132824E-01   -0.198583E+02    0.327215E+02
    0.105449E+03    0.352506E+02    0.141841E-01   -0.174703E+02    0.303335E+02
    0.127591E+03    0.322369E+02    0.155102E-01   -0.145323E+02    0.273954E+02
    0.149332E+03    0.287001E+02    0.174215E-01   -0.112091E+02    0.240722E+02
    0.169888E+03    0.248234E+02    0.201423E-01   -0.773148E+01    0.205946E+02
    0.188515E+03    0.208534E+02    0.239769E-01   -0.427263E+01    0.171358E+02
    0.204539E+03    0.170811E+02    0.292722E-01   -0.104432E+01    0.139075E+02
    0.217383E+03    0.138136E+02    0.361961E-01    0.171522E+01    0.111480E+02
    0.226582E+03    0.113345E+02    0.441131E-01    0.379019E+01    0.907298E+01
    0.231805E+03    0.987243E+01    0.506461E-01    0.500682E+01    0.785635E+01
    0.233112E+03    0.950054E+01    0.526286E-01    0.531556E+01    0.754761E+01
    0.233419E+03    0.941288E+01    0.531187E-01    0.538828E+01    0.747489E+01
    0.233966E+03    0.925630E+01    0.540173E-01    0.551808E+01    0.734509E+01
    0.234743E+03    0.903274E+01    0.553542E-01    0.570323E+01    0.715994E+01
    0.235740E+03    0.874488E+01    0.571763E-01    0.594120E+01    0.692197E+01
    0.236938E+03    0.839654E+01    0.595483E-01    0.622870E+01    0.663447E+01
    0.238318E+03    0.799286E+01    0.625558E-01    0.656170E+01    0.630147E+01
    0.239858E+03    0.753894E+01    0.663223E-01    0.693545E+01    0.592772E+01
    0.241533E+03    0.703971E+01    0.710257E-01    0.734455E+01    0.551862E+01
    0.243314E+03    0.650349E+01    0.768818E-01    0.778288E+01    0.508029E+01
    0.245173E+03    0.594075E+01    0.841644E-01    0.824372E+01    0.461945E+01
    0.247079E+03    0.535820E+01    0.933149E-01    0.871980E+01    0.414337E+01
    0.249001E+03    0.476369E+01    0.104961E+00    0.920344E+01    0.365973E+01
    0.250906E+03    0.416740E+01    0.119979E+00    0.968672E+01    0.317646E+01
    0.252765E+03    0.357991E+01    0.139668E+00    0.101615E+02    0.270163E+01
    0.254547E+03    0.301184E+01    0.166011E+00    0.106198E+02    0.224340E+01
    0.256221E+03    0.247463E+01    0.202051E+00    0.110536E+02    0.181002E+01
    0.257761E+03    0.198158E+01    0.252324E+00    0.114551E+02    0.141052E+01
    0.259142E+03    0.155140E+01    0.322289E+00    0.118172E+02    0.105725E+01
    0.260340E+03    0.120838E+01    0.413779E+00    0.121331E+02    0.769018E+00
    0.261336E+03    0.974365E+00    0.513155E+00    0.123970E+02    0.566588E+00
    0.262114E+03    0.862416E+00    0.579766E+00    0.126038E+02    0.454562E+00
    0.262661E+03    0.755440E+00    0.661866E+00    0.127495E+02    0.410701E+00
    0.262968E+03    0.955042E+00    0.523537E+00    0.128315E+02    0.400835E+00
    0.263112E+03    0.332637E+00    0.150314E+01    0.128701E+02    0.400040E+00
    0.263419E+03    0.788290E+00    0.634285E+00    0.129522E+02    0.406586E+00
    0.263966E+03    0.801143E+00    0.624108E+00    0.130988E+02    0.445230E+00
    0.264743E+03    0.933888E+00    0.535396E+00    0.133079E+02    0.552662E+00
    0.265740E+03    0.115651E+01    0.432335E+00    0.135767E+02    0.754972E+00
    0.266938E+03    0.149727E+01    0.333941E+00    0.139015E+02    0.104994E+01
    0.268318E+03    0.193512E+01    0.258382E+00    0.142778E+02    0.141699E+01
    0.269858E+03    0.244220E+01    0.204734E+00    0.147002E+02    0.183738E+01
    0.271533E+03    0.300135E+01    0.166592E+00    0.151627E+02    0.229953E+01
    0.273314E+03    0.360023E+01    0.138880E+00    0.156584E+02    0.279526E+01
    0.275173E+03    0.422843E+01    0.118247E+00    0.161800E+02    0.331686E+01
    0.277079E+03    0.487554E+01    0.102553E+00    0.167194E+02    0.385625E+01
    0.279001E+03    0.553043E+01    0.904088E-01    0.172680E+02    0.440487E+01
    0.280906E+03    0.618207E+01    0.808791E-01    0.178170E+02    0.495382E+01
    0.282765E+03    0.682358E+01    0.732754E-01    0.183572E+02    0.549399E+01
    0.284547E+03    0.744139E+01    0.671918E-01    0.188793E+02    0.601612E+01
    0.286221E+03    0.802318E+01    0.623194E-01    0.193742E+02    0.651101E+01
    0.287761E+03    0.856205E+01    0.583973E-01    0.198329E+02    0.696975E+01
    0.289142E+03    0.904621E+01    0.552718E-01    0.202470E+02    0.738387E+01
    0.290340E+03    0.946792E+01    0.528099E-01    0.206087E+02    0.774557E+01
    0.291336E+03    0.982024E+01    0.509152E-01    0.209111E+02    0.804791E+01
    0.292114E+03    0.100960E+02    0.495244E-01    0.211482E+02    0.828502E+01
    0.292661E+03    0.102902E+02    0.485900E-01    0.213154E+02    0.845224E+01
    0.292968E+03    0.103992E+02    0.480808E-01    0.214095E+02    0.854628E+01
    0.293562E+03    0.106108E+02    0.471217E-01    0.215921E+02    0.872896E+01
    0.295789E+03    0.114072E+02    0.438319E-01    0.222808E+02    0.941758E+01
    0.299778E+03    0.128468E+02    0.389203E-01    0.235330E+02    0.106699E+02
    0.305503E+03    0.149435E+02    0.334593E-01    0.253718E+02    0.125087E+02
    0.312925E+03    0.177182E+02    0.282195E-01    0.278276E+02    0.149644E+02
    0.321999E+03    0.211978E+02    0.235873E-01    0.309401E+02    0.180769E+02
    0.332672E+03    0.254146E+02    0.196738E-01    0.347726E+02    0.219094E+02
    0.344892E+03    0.304070E+02    0.164436E-01    0.393871E+02    0.265239E+02
    0.358606E+03    0.362184E+02    0.138051E-01    0.448499E+02    0.319867E+02
    0.373763E+03    0.428983E+02    0.116555E-01    0.512553E+02    0.383922E+02
    0.390320E+03    0.504992E+02    0.990114E-02    0.586404E+02    0.457773E+02
    0.408242E+03    0.590807E+02    0.846300E-02    0.670413E+02    0.541781E+02
    0.427505E+03    0.687087E+02    0.727710E-02    0.764895E+02    0.636263E+02
    0.448095E+03    0.794581E+02    0.629262E-02    0.870146E+02    0.741515E+02
    0.470017E+03    0.914142E+02    0.546961E-02    0.986716E+02    0.858084E+02
    0.493289E+03    0.104675E+03    0.477669E-02    0.111555E+03    0.986916E+02
    0.517951E+03    0.119355E+03    0.418919E-02    0.125794E+03    0.112930E+03
    0.544063E+03    0.135585E+03    0.368774E-02    0.141546E+03    0.128683E+03
    0.571711E+03    0.153518E+03    0.325696E-02    0.158983E+03    0.146120E+03
    0.601008E+03    0.173336E+03    0.288457E-02    0.178269E+03    0.165406E+03
    0.632104E+03    0.195250E+03    0.256081E-02    0.199586E+03    0.186723E+03
    0.665189E+03    0.219510E+03    0.227780E-02    0.223126E+03    0.210262E+03
    0.700506E+03    0.246416E+03    0.202909E-02    0.249051E+03    0.236187E+03
    0.738363E+03    0.276349E+03    0.180931E-02    0.278243E+03    0.265380E+03
    0.779154E+03    0.309797E+03    0.161396E-02    0.311254E+03    0.298391E+03
    0.823388E+03    0.347464E+03    0.143900E-02    0.349322E+03    0.336459E+03
    0.871732E+03    0.390421E+03    0.128067E-02    0.393780E+03    0.380916E+03
    0.925076E+03    0.440263E+03    0.113569E-02    0.446551E+03    0.433687E+03
    0.984645E+03    0.499383E+03    0.100124E-02    0.509414E+03    0.496551E+03
    0.105218E+04    0.571379E+03    0.875077E-03    0.585916E+03    0.573052E+03
    0.113026E+04    0.661682E+03    0.755650E-03    0.681116E+03    0.668253E+03
    0.122298E+04    0.778780E+03    0.642030E-03    0.800377E+03    0.787514E+03
    0.133733E+04    0.936729E+03    0.533772E-03    0.955808E+03    0.942945E+03
    0.148686E+04    0.116315E+04    0.429867E-03    0.117792E+04    0.116506E+04
    0.170381E+04    0.153195E+04    0.326382E-03    0.154487E+04    0.153201E+04
    0.210432E+04    0.234361E+04    0.213346E-03    0.235647E+04    0.234361E+04
