
#   rho [fm-3]      T [MeV]      kf [fm-1]       k [fm-1]       Gap(k) [MeV]       auxgap
    1.000000E-02    0.000000E+00    6.665105E-01    1.000000E+01   -1.592620E-32
    1.000000E-02    0.000000E+00    6.665105E-01    9.898990E+00   -1.530919E-32
    1.000000E-02    0.000000E+00    6.665105E-01    9.797980E+00   -1.469217E-32
    1.000000E-02    0.000000E+00    6.665105E-01    9.696970E+00   -1.407516E-32
    1.000000E-02    0.000000E+00    6.665105E-01    9.595960E+00   -1.345814E-32
    1.000000E-02    0.000000E+00    6.665105E-01    9.494949E+00   -1.284113E-32
    1.000000E-02    0.000000E+00    6.665105E-01    9.393939E+00   -1.222411E-32
    1.000000E-02    0.000000E+00    6.665105E-01    9.292929E+00   -1.160710E-32
    1.000000E-02    0.000000E+00    6.665105E-01    9.191919E+00   -1.099008E-32
    1.000000E-02    0.000000E+00    6.665105E-01    9.090909E+00   -1.037307E-32
    1.000000E-02    0.000000E+00    6.665105E-01    8.989899E+00   -9.756053E-33
    1.000000E-02    0.000000E+00    6.665105E-01    8.888889E+00   -9.139039E-33
    1.000000E-02    0.000000E+00    6.665105E-01    8.787879E+00   -8.522024E-33
    1.000000E-02    0.000000E+00    6.665105E-01    8.686869E+00   -5.571744E-20
    1.000000E-02    0.000000E+00    6.665105E-01    8.585859E+00   -1.301666E-19
    1.000000E-02    0.000000E+00    6.665105E-01    8.484848E+00   -2.046157E-19
    1.000000E-02    0.000000E+00    6.665105E-01    8.383838E+00   -2.790648E-19
    1.000000E-02    0.000000E+00    6.665105E-01    8.282828E+00   -3.535139E-19
    1.000000E-02    0.000000E+00    6.665105E-01    8.181818E+00   -4.279630E-19
    1.000000E-02    0.000000E+00    6.665105E-01    8.080808E+00   -5.024121E-19
    1.000000E-02    0.000000E+00    6.665105E-01    7.979798E+00   -5.768613E-19
    1.000000E-02    0.000000E+00    6.665105E-01    7.878788E+00   -6.513104E-19
    1.000000E-02    0.000000E+00    6.665105E-01    7.777778E+00   -7.257595E-19
    1.000000E-02    0.000000E+00    6.665105E-01    7.676768E+00   -8.002086E-19
    1.000000E-02    0.000000E+00    6.665105E-01    7.575758E+00   -8.746577E-19
    1.000000E-02    0.000000E+00    6.665105E-01    7.474747E+00   -9.491068E-19
    1.000000E-02    0.000000E+00    6.665105E-01    7.373737E+00   -1.023556E-18
    1.000000E-02    0.000000E+00    6.665105E-01    7.272727E+00   -2.561922E-12
    1.000000E-02    0.000000E+00    6.665105E-01    7.171717E+00   -1.418942E-11
    1.000000E-02    0.000000E+00    6.665105E-01    7.070707E+00   -2.581691E-11
    1.000000E-02    0.000000E+00    6.665105E-01    6.969697E+00   -3.744440E-11
    1.000000E-02    0.000000E+00    6.665105E-01    6.868687E+00   -4.907190E-11
    1.000000E-02    0.000000E+00    6.665105E-01    6.767677E+00   -6.069939E-11
    1.000000E-02    0.000000E+00    6.665105E-01    6.666667E+00   -7.232688E-11
    1.000000E-02    0.000000E+00    6.665105E-01    6.565657E+00   -8.395438E-11
    1.000000E-02    0.000000E+00    6.665105E-01    6.464646E+00   -9.558187E-11
    1.000000E-02    0.000000E+00    6.665105E-01    6.363636E+00   -1.072094E-10
    1.000000E-02    0.000000E+00    6.665105E-01    6.262626E+00   -1.188369E-10
    1.000000E-02    0.000000E+00    6.665105E-01    6.161616E+00   -1.304644E-10
    1.000000E-02    0.000000E+00    6.665105E-01    6.060606E+00   -1.420918E-10
    1.000000E-02    0.000000E+00    6.665105E-01    5.959596E+00   -9.721124E-07
    1.000000E-02    0.000000E+00    6.665105E-01    5.858586E+00   -1.979953E-06
    1.000000E-02    0.000000E+00    6.665105E-01    5.757576E+00   -2.987793E-06
    1.000000E-02    0.000000E+00    6.665105E-01    5.656566E+00   -3.995634E-06
    1.000000E-02    0.000000E+00    6.665105E-01    5.555556E+00   -5.003474E-06
    1.000000E-02    0.000000E+00    6.665105E-01    5.454545E+00   -6.011315E-06
    1.000000E-02    0.000000E+00    6.665105E-01    5.353535E+00   -7.019155E-06
    1.000000E-02    0.000000E+00    6.665105E-01    5.252525E+00   -8.026996E-06
    1.000000E-02    0.000000E+00    6.665105E-01    5.151515E+00   -9.034837E-06
    1.000000E-02    0.000000E+00    6.665105E-01    5.050505E+00   -1.004268E-05
    1.000000E-02    0.000000E+00    6.665105E-01    4.949495E+00   -1.182932E-03
    1.000000E-02    0.000000E+00    6.665105E-01    4.848485E+00   -2.425337E-03
    1.000000E-02    0.000000E+00    6.665105E-01    4.747475E+00   -3.667742E-03
    1.000000E-02    0.000000E+00    6.665105E-01    4.646465E+00   -4.910146E-03
    1.000000E-02    0.000000E+00    6.665105E-01    4.545455E+00   -6.152551E-03
    1.000000E-02    0.000000E+00    6.665105E-01    4.444444E+00   -7.394956E-03
    1.000000E-02    0.000000E+00    6.665105E-01    4.343434E+00   -8.637360E-03
    1.000000E-02    0.000000E+00    6.665105E-01    4.242424E+00   -1.490856E-02
    1.000000E-02    0.000000E+00    6.665105E-01    4.141414E+00   -4.302288E-02
    1.000000E-02    0.000000E+00    6.665105E-01    4.040404E+00   -7.113720E-02
    1.000000E-02    0.000000E+00    6.665105E-01    3.939394E+00   -9.925152E-02
    1.000000E-02    0.000000E+00    6.665105E-01    3.838384E+00   -1.273658E-01
    1.000000E-02    0.000000E+00    6.665105E-01    3.737374E+00   -1.554802E-01
    1.000000E-02    0.000000E+00    6.665105E-01    3.636364E+00   -2.321086E-01
    1.000000E-02    0.000000E+00    6.665105E-01    3.535354E+00   -3.245353E-01
    1.000000E-02    0.000000E+00    6.665105E-01    3.434343E+00   -4.169621E-01
    1.000000E-02    0.000000E+00    6.665105E-01    3.333333E+00   -5.298573E-01
    1.000000E-02    0.000000E+00    6.665105E-01    3.232323E+00   -6.541401E-01
    1.000000E-02    0.000000E+00    6.665105E-01    3.131313E+00   -7.720135E-01
    1.000000E-02    0.000000E+00    6.665105E-01    3.030303E+00   -8.740608E-01
    1.000000E-02    0.000000E+00    6.665105E-01    2.929293E+00   -9.532739E-01
    1.000000E-02    0.000000E+00    6.665105E-01    2.828283E+00   -1.009636E+00
    1.000000E-02    0.000000E+00    6.665105E-01    2.727273E+00   -1.042128E+00
    1.000000E-02    0.000000E+00    6.665105E-01    2.626263E+00   -1.048501E+00
    1.000000E-02    0.000000E+00    6.665105E-01    2.525253E+00   -1.025188E+00
    1.000000E-02    0.000000E+00    6.665105E-01    2.424242E+00   -9.688661E-01
    1.000000E-02    0.000000E+00    6.665105E-01    2.323232E+00   -8.783169E-01
    1.000000E-02    0.000000E+00    6.665105E-01    2.222222E+00   -7.555049E-01
    1.000000E-02    0.000000E+00    6.665105E-01    2.121212E+00   -6.053001E-01
    1.000000E-02    0.000000E+00    6.665105E-01    2.020202E+00   -4.340975E-01
    1.000000E-02    0.000000E+00    6.665105E-01    1.919192E+00   -2.482238E-01
    1.000000E-02    0.000000E+00    6.665105E-01    1.818182E+00   -5.288785E-02
    1.000000E-02    0.000000E+00    6.665105E-01    1.717172E+00    1.490915E-01
    1.000000E-02    0.000000E+00    6.665105E-01    1.616162E+00    3.545605E-01
    1.000000E-02    0.000000E+00    6.665105E-01    1.515152E+00    5.617609E-01
    1.000000E-02    0.000000E+00    6.665105E-01    1.414141E+00    7.695081E-01
    1.000000E-02    0.000000E+00    6.665105E-01    1.313131E+00    9.767907E-01
    1.000000E-02    0.000000E+00    6.665105E-01    1.212121E+00    1.182519E+00
    1.000000E-02    0.000000E+00    6.665105E-01    1.111111E+00    1.385351E+00
    1.000000E-02    0.000000E+00    6.665105E-01    1.010101E+00    1.583431E+00
    1.000000E-02    0.000000E+00    6.665105E-01    9.090909E-01    1.774474E+00
    1.000000E-02    0.000000E+00    6.665105E-01    8.080808E-01    1.955537E+00
    1.000000E-02    0.000000E+00    6.665105E-01    7.070707E-01    2.123556E+00
    1.000000E-02    0.000000E+00    6.665105E-01    6.060606E-01    2.275357E+00
    1.000000E-02    0.000000E+00    6.665105E-01    5.050505E-01    2.408020E+00
    1.000000E-02    0.000000E+00    6.665105E-01    4.040404E-01    2.519172E+00
    1.000000E-02    0.000000E+00    6.665105E-01    3.030303E-01    2.607031E+00
    1.000000E-02    0.000000E+00    6.665105E-01    2.020202E-01    2.670441E+00
    1.000000E-02    0.000000E+00    6.665105E-01    1.010101E-01    2.708749E+00
    1.000000E-02    0.000000E+00    6.665105E-01    1.804112E-16    2.721593E+00

    1.000000E-02    2.000000E-01    6.665105E-01    1.000000E+01   -1.471078E-32
    1.000000E-02    2.000000E-01    6.665105E-01    9.898990E+00   -1.414083E-32
    1.000000E-02    2.000000E-01    6.665105E-01    9.797980E+00   -1.357088E-32
    1.000000E-02    2.000000E-01    6.665105E-01    9.696970E+00   -1.300093E-32
    1.000000E-02    2.000000E-01    6.665105E-01    9.595960E+00   -1.243099E-32
    1.000000E-02    2.000000E-01    6.665105E-01    9.494949E+00   -1.186104E-32
    1.000000E-02    2.000000E-01    6.665105E-01    9.393939E+00   -1.129109E-32
    1.000000E-02    2.000000E-01    6.665105E-01    9.292929E+00   -1.072114E-32
    1.000000E-02    2.000000E-01    6.665105E-01    9.191919E+00   -1.015119E-32
    1.000000E-02    2.000000E-01    6.665105E-01    9.090909E+00   -9.581247E-33
    1.000000E-02    2.000000E-01    6.665105E-01    8.989899E+00   -9.011299E-33
    1.000000E-02    2.000000E-01    6.665105E-01    8.888889E+00   -8.441351E-33
    1.000000E-02    2.000000E-01    6.665105E-01    8.787879E+00   -7.871403E-33
    1.000000E-02    2.000000E-01    6.665105E-01    8.686869E+00   -5.151115E-20
    1.000000E-02    2.000000E-01    6.665105E-01    8.585859E+00   -1.203399E-19
    1.000000E-02    2.000000E-01    6.665105E-01    8.484848E+00   -1.891686E-19
    1.000000E-02    2.000000E-01    6.665105E-01    8.383838E+00   -2.579973E-19
    1.000000E-02    2.000000E-01    6.665105E-01    8.282828E+00   -3.268260E-19
    1.000000E-02    2.000000E-01    6.665105E-01    8.181818E+00   -3.956547E-19
    1.000000E-02    2.000000E-01    6.665105E-01    8.080808E+00   -4.644834E-19
    1.000000E-02    2.000000E-01    6.665105E-01    7.979798E+00   -5.333121E-19
    1.000000E-02    2.000000E-01    6.665105E-01    7.878788E+00   -6.021408E-19
    1.000000E-02    2.000000E-01    6.665105E-01    7.777778E+00   -6.709695E-19
    1.000000E-02    2.000000E-01    6.665105E-01    7.676768E+00   -7.397982E-19
    1.000000E-02    2.000000E-01    6.665105E-01    7.575758E+00   -8.086269E-19
    1.000000E-02    2.000000E-01    6.665105E-01    7.474747E+00   -8.774556E-19
    1.000000E-02    2.000000E-01    6.665105E-01    7.373737E+00   -9.462844E-19
    1.000000E-02    2.000000E-01    6.665105E-01    7.272727E+00   -2.366808E-12
    1.000000E-02    2.000000E-01    6.665105E-01    7.171717E+00   -1.310876E-11
    1.000000E-02    2.000000E-01    6.665105E-01    7.070707E+00   -2.385071E-11
    1.000000E-02    2.000000E-01    6.665105E-01    6.969697E+00   -3.459267E-11
    1.000000E-02    2.000000E-01    6.665105E-01    6.868687E+00   -4.533462E-11
    1.000000E-02    2.000000E-01    6.665105E-01    6.767677E+00   -5.607657E-11
    1.000000E-02    2.000000E-01    6.665105E-01    6.666667E+00   -6.681852E-11
    1.000000E-02    2.000000E-01    6.665105E-01    6.565657E+00   -7.756048E-11
    1.000000E-02    2.000000E-01    6.665105E-01    6.464646E+00   -8.830243E-11
    1.000000E-02    2.000000E-01    6.665105E-01    6.363636E+00   -9.904438E-11
    1.000000E-02    2.000000E-01    6.665105E-01    6.262626E+00   -1.097863E-10
    1.000000E-02    2.000000E-01    6.665105E-01    6.161616E+00   -1.205283E-10
    1.000000E-02    2.000000E-01    6.665105E-01    6.060606E+00   -1.312702E-10
    1.000000E-02    2.000000E-01    6.665105E-01    5.959596E+00   -8.979073E-07
    1.000000E-02    2.000000E-01    6.665105E-01    5.858586E+00   -1.828816E-06
    1.000000E-02    2.000000E-01    6.665105E-01    5.757576E+00   -2.759724E-06
    1.000000E-02    2.000000E-01    6.665105E-01    5.656566E+00   -3.690632E-06
    1.000000E-02    2.000000E-01    6.665105E-01    5.555556E+00   -4.621540E-06
    1.000000E-02    2.000000E-01    6.665105E-01    5.454545E+00   -5.552448E-06
    1.000000E-02    2.000000E-01    6.665105E-01    5.353535E+00   -6.483356E-06
    1.000000E-02    2.000000E-01    6.665105E-01    5.252525E+00   -7.414265E-06
    1.000000E-02    2.000000E-01    6.665105E-01    5.151515E+00   -8.345173E-06
    1.000000E-02    2.000000E-01    6.665105E-01    5.050505E+00   -9.276081E-06
    1.000000E-02    2.000000E-01    6.665105E-01    4.949495E+00   -1.092653E-03
    1.000000E-02    2.000000E-01    6.665105E-01    4.848485E+00   -2.240239E-03
    1.000000E-02    2.000000E-01    6.665105E-01    4.747475E+00   -3.387826E-03
    1.000000E-02    2.000000E-01    6.665105E-01    4.646465E+00   -4.535413E-03
    1.000000E-02    2.000000E-01    6.665105E-01    4.545455E+00   -5.683000E-03
    1.000000E-02    2.000000E-01    6.665105E-01    4.444444E+00   -6.830586E-03
    1.000000E-02    2.000000E-01    6.665105E-01    4.343434E+00   -7.978173E-03
    1.000000E-02    2.000000E-01    6.665105E-01    4.242424E+00   -1.377088E-02
    1.000000E-02    2.000000E-01    6.665105E-01    4.141414E+00   -3.974017E-02
    1.000000E-02    2.000000E-01    6.665105E-01    4.040404E+00   -6.570946E-02
    1.000000E-02    2.000000E-01    6.665105E-01    3.939394E+00   -9.167875E-02
    1.000000E-02    2.000000E-01    6.665105E-01    3.838384E+00   -1.176480E-01
    1.000000E-02    2.000000E-01    6.665105E-01    3.737374E+00   -1.436173E-01
    1.000000E-02    2.000000E-01    6.665105E-01    3.636364E+00   -2.144020E-01
    1.000000E-02    2.000000E-01    6.665105E-01    3.535354E+00   -2.997806E-01
    1.000000E-02    2.000000E-01    6.665105E-01    3.434343E+00   -3.851591E-01
    1.000000E-02    2.000000E-01    6.665105E-01    3.333333E+00   -4.894481E-01
    1.000000E-02    2.000000E-01    6.665105E-01    3.232323E+00   -6.042605E-01
    1.000000E-02    2.000000E-01    6.665105E-01    3.131313E+00   -7.131567E-01
    1.000000E-02    2.000000E-01    6.665105E-01    3.030303E+00   -8.074385E-01
    1.000000E-02    2.000000E-01    6.665105E-01    2.929293E+00   -8.806332E-01
    1.000000E-02    2.000000E-01    6.665105E-01    2.828283E+00   -9.327247E-01
    1.000000E-02    2.000000E-01    6.665105E-01    2.727273E+00   -9.627709E-01
    1.000000E-02    2.000000E-01    6.665105E-01    2.626263E+00   -9.686930E-01
    1.000000E-02    2.000000E-01    6.665105E-01    2.525253E+00   -9.471927E-01
    1.000000E-02    2.000000E-01    6.665105E-01    2.424242E+00   -8.951972E-01
    1.000000E-02    2.000000E-01    6.665105E-01    2.323232E+00   -8.115770E-01
    1.000000E-02    2.000000E-01    6.665105E-01    2.222222E+00   -6.981426E-01
    1.000000E-02    2.000000E-01    6.665105E-01    2.121212E+00   -5.593888E-01
    1.000000E-02    2.000000E-01    6.665105E-01    2.020202E+00   -4.012196E-01
    1.000000E-02    2.000000E-01    6.665105E-01    1.919192E+00   -2.294773E-01
    1.000000E-02    2.000000E-01    6.665105E-01    1.818182E+00   -4.897280E-02
    1.000000E-02    2.000000E-01    6.665105E-01    1.717172E+00    1.376937E-01
    1.000000E-02    2.000000E-01    6.665105E-01    1.616162E+00    3.276084E-01
    1.000000E-02    2.000000E-01    6.665105E-01    1.515152E+00    5.191465E-01
    1.000000E-02    2.000000E-01    6.665105E-01    1.414141E+00    7.112128E-01
    1.000000E-02    2.000000E-01    6.665105E-01    1.313131E+00    9.028743E-01
    1.000000E-02    2.000000E-01    6.665105E-01    1.212121E+00    1.093124E+00
    1.000000E-02    2.000000E-01    6.665105E-01    1.111111E+00    1.280723E+00
    1.000000E-02    2.000000E-01    6.665105E-01    1.010101E+00    1.463961E+00
    1.000000E-02    2.000000E-01    6.665105E-01    9.090909E-01    1.640728E+00
    1.000000E-02    2.000000E-01    6.665105E-01    8.080808E-01    1.808308E+00
    1.000000E-02    2.000000E-01    6.665105E-01    7.070707E-01    1.963863E+00
    1.000000E-02    2.000000E-01    6.665105E-01    6.060606E-01    2.104449E+00
    1.000000E-02    2.000000E-01    6.665105E-01    5.050505E-01    2.227351E+00
    1.000000E-02    2.000000E-01    6.665105E-01    4.040404E-01    2.330352E+00
    1.000000E-02    2.000000E-01    6.665105E-01    3.030303E-01    2.411785E+00
    1.000000E-02    2.000000E-01    6.665105E-01    2.020202E-01    2.470567E+00
    1.000000E-02    2.000000E-01    6.665105E-01    1.010101E-01    2.506083E+00
    1.000000E-02    2.000000E-01    6.665105E-01    1.804112E-16    2.517991E+00

    1.000000E-02    4.000000E-01    6.665105E-01    1.000000E+01   -1.437254E-32
    1.000000E-02    4.000000E-01    6.665105E-01    9.898990E+00   -1.381571E-32
    1.000000E-02    4.000000E-01    6.665105E-01    9.797980E+00   -1.325888E-32
    1.000000E-02    4.000000E-01    6.665105E-01    9.696970E+00   -1.270204E-32
    1.000000E-02    4.000000E-01    6.665105E-01    9.595960E+00   -1.214521E-32
    1.000000E-02    4.000000E-01    6.665105E-01    9.494949E+00   -1.158838E-32
    1.000000E-02    4.000000E-01    6.665105E-01    9.393939E+00   -1.103155E-32
    1.000000E-02    4.000000E-01    6.665105E-01    9.292929E+00   -1.047472E-32
    1.000000E-02    4.000000E-01    6.665105E-01    9.191919E+00   -9.917893E-33
    1.000000E-02    4.000000E-01    6.665105E-01    9.090909E+00   -9.361063E-33
    1.000000E-02    4.000000E-01    6.665105E-01    8.989899E+00   -8.804232E-33
    1.000000E-02    4.000000E-01    6.665105E-01    8.888889E+00   -8.247402E-33
    1.000000E-02    4.000000E-01    6.665105E-01    8.787879E+00   -7.690572E-33
    1.000000E-02    4.000000E-01    6.665105E-01    8.686869E+00   -5.030764E-20
    1.000000E-02    4.000000E-01    6.665105E-01    8.585859E+00   -1.175282E-19
    1.000000E-02    4.000000E-01    6.665105E-01    8.484848E+00   -1.847488E-19
    1.000000E-02    4.000000E-01    6.665105E-01    8.383838E+00   -2.519694E-19
    1.000000E-02    4.000000E-01    6.665105E-01    8.282828E+00   -3.191900E-19
    1.000000E-02    4.000000E-01    6.665105E-01    8.181818E+00   -3.864106E-19
    1.000000E-02    4.000000E-01    6.665105E-01    8.080808E+00   -4.536312E-19
    1.000000E-02    4.000000E-01    6.665105E-01    7.979798E+00   -5.208518E-19
    1.000000E-02    4.000000E-01    6.665105E-01    7.878788E+00   -5.880723E-19
    1.000000E-02    4.000000E-01    6.665105E-01    7.777778E+00   -6.552929E-19
    1.000000E-02    4.000000E-01    6.665105E-01    7.676768E+00   -7.225135E-19
    1.000000E-02    4.000000E-01    6.665105E-01    7.575758E+00   -7.897341E-19
    1.000000E-02    4.000000E-01    6.665105E-01    7.474747E+00   -8.569547E-19
    1.000000E-02    4.000000E-01    6.665105E-01    7.373737E+00   -9.241753E-19
    1.000000E-02    4.000000E-01    6.665105E-01    7.272727E+00   -2.311812E-12
    1.000000E-02    4.000000E-01    6.665105E-01    7.171717E+00   -1.280416E-11
    1.000000E-02    4.000000E-01    6.665105E-01    7.070707E+00   -2.329651E-11
    1.000000E-02    4.000000E-01    6.665105E-01    6.969697E+00   -3.378886E-11
    1.000000E-02    4.000000E-01    6.665105E-01    6.868687E+00   -4.428121E-11
    1.000000E-02    4.000000E-01    6.665105E-01    6.767677E+00   -5.477356E-11
    1.000000E-02    4.000000E-01    6.665105E-01    6.666667E+00   -6.526591E-11
    1.000000E-02    4.000000E-01    6.665105E-01    6.565657E+00   -7.575826E-11
    1.000000E-02    4.000000E-01    6.665105E-01    6.464646E+00   -8.625061E-11
    1.000000E-02    4.000000E-01    6.665105E-01    6.363636E+00   -9.674296E-11
    1.000000E-02    4.000000E-01    6.665105E-01    6.262626E+00   -1.072353E-10
    1.000000E-02    4.000000E-01    6.665105E-01    6.161616E+00   -1.177277E-10
    1.000000E-02    4.000000E-01    6.665105E-01    6.060606E+00   -1.282200E-10
    1.000000E-02    4.000000E-01    6.665105E-01    5.959596E+00   -8.771491E-07
    1.000000E-02    4.000000E-01    6.665105E-01    5.858586E+00   -1.786536E-06
    1.000000E-02    4.000000E-01    6.665105E-01    5.757576E+00   -2.695923E-06
    1.000000E-02    4.000000E-01    6.665105E-01    5.656566E+00   -3.605310E-06
    1.000000E-02    4.000000E-01    6.665105E-01    5.555556E+00   -4.514697E-06
    1.000000E-02    4.000000E-01    6.665105E-01    5.454545E+00   -5.424085E-06
    1.000000E-02    4.000000E-01    6.665105E-01    5.353535E+00   -6.333472E-06
    1.000000E-02    4.000000E-01    6.665105E-01    5.252525E+00   -7.242859E-06
    1.000000E-02    4.000000E-01    6.665105E-01    5.151515E+00   -8.152246E-06
    1.000000E-02    4.000000E-01    6.665105E-01    5.050505E+00   -9.061633E-06
    1.000000E-02    4.000000E-01    6.665105E-01    4.949495E+00   -1.067404E-03
    1.000000E-02    4.000000E-01    6.665105E-01    4.848485E+00   -2.188473E-03
    1.000000E-02    4.000000E-01    6.665105E-01    4.747475E+00   -3.309542E-03
    1.000000E-02    4.000000E-01    6.665105E-01    4.646465E+00   -4.430610E-03
    1.000000E-02    4.000000E-01    6.665105E-01    4.545455E+00   -5.551679E-03
    1.000000E-02    4.000000E-01    6.665105E-01    4.444444E+00   -6.672748E-03
    1.000000E-02    4.000000E-01    6.665105E-01    4.343434E+00   -7.793817E-03
    1.000000E-02    4.000000E-01    6.665105E-01    4.242424E+00   -1.345267E-02
    1.000000E-02    4.000000E-01    6.665105E-01    4.141414E+00   -3.882191E-02
    1.000000E-02    4.000000E-01    6.665105E-01    4.040404E+00   -6.419114E-02
    1.000000E-02    4.000000E-01    6.665105E-01    3.939394E+00   -8.956037E-02
    1.000000E-02    4.000000E-01    6.665105E-01    3.838384E+00   -1.149296E-01
    1.000000E-02    4.000000E-01    6.665105E-01    3.737374E+00   -1.402988E-01
    1.000000E-02    4.000000E-01    6.665105E-01    3.636364E+00   -2.094478E-01
    1.000000E-02    4.000000E-01    6.665105E-01    3.535354E+00   -2.928534E-01
    1.000000E-02    4.000000E-01    6.665105E-01    3.434343E+00   -3.762590E-01
    1.000000E-02    4.000000E-01    6.665105E-01    3.333333E+00   -4.781379E-01
    1.000000E-02    4.000000E-01    6.665105E-01    3.232323E+00   -5.902970E-01
    1.000000E-02    4.000000E-01    6.665105E-01    3.131313E+00   -6.966767E-01
    1.000000E-02    4.000000E-01    6.665105E-01    3.030303E+00   -7.887800E-01
    1.000000E-02    4.000000E-01    6.665105E-01    2.929293E+00   -8.602834E-01
    1.000000E-02    4.000000E-01    6.665105E-01    2.828283E+00   -9.111713E-01
    1.000000E-02    4.000000E-01    6.665105E-01    2.727273E+00   -9.405233E-01
    1.000000E-02    4.000000E-01    6.665105E-01    2.626263E+00   -9.463087E-01
    1.000000E-02    4.000000E-01    6.665105E-01    2.525253E+00   -9.253059E-01
    1.000000E-02    4.000000E-01    6.665105E-01    2.424242E+00   -8.745138E-01
    1.000000E-02    4.000000E-01    6.665105E-01    2.323232E+00   -7.928295E-01
    1.000000E-02    4.000000E-01    6.665105E-01    2.222222E+00   -6.820224E-01
    1.000000E-02    4.000000E-01    6.665105E-01    2.121212E+00   -5.464838E-01
    1.000000E-02    4.000000E-01    6.665105E-01    2.020202E+00   -3.919817E-01
    1.000000E-02    4.000000E-01    6.665105E-01    1.919192E+00   -2.242235E-01
    1.000000E-02    4.000000E-01    6.665105E-01    1.818182E+00   -4.790902E-02
    1.000000E-02    4.000000E-01    6.665105E-01    1.717172E+00    1.344212E-01
    1.000000E-02    4.000000E-01    6.665105E-01    1.616162E+00    3.199208E-01
    1.000000E-02    4.000000E-01    6.665105E-01    1.515152E+00    5.070027E-01
    1.000000E-02    4.000000E-01    6.665105E-01    1.414141E+00    6.945971E-01
    1.000000E-02    4.000000E-01    6.665105E-01    1.313131E+00    8.817920E-01
    1.000000E-02    4.000000E-01    6.665105E-01    1.212121E+00    1.067604E+00
    1.000000E-02    4.000000E-01    6.665105E-01    1.111111E+00    1.250821E+00
    1.000000E-02    4.000000E-01    6.665105E-01    1.010101E+00    1.429774E+00
    1.000000E-02    4.000000E-01    6.665105E-01    9.090909E-01    1.602401E+00
    1.000000E-02    4.000000E-01    6.665105E-01    8.080808E-01    1.766050E+00
    1.000000E-02    4.000000E-01    6.665105E-01    7.070707E-01    1.917955E+00
    1.000000E-02    4.000000E-01    6.665105E-01    6.060606E-01    2.055245E+00
    1.000000E-02    4.000000E-01    6.665105E-01    5.050505E-01    2.175271E+00
    1.000000E-02    4.000000E-01    6.665105E-01    4.040404E-01    2.275869E+00
    1.000000E-02    4.000000E-01    6.665105E-01    3.030303E-01    2.355410E+00
    1.000000E-02    4.000000E-01    6.665105E-01    2.020202E-01    2.412830E+00
    1.000000E-02    4.000000E-01    6.665105E-01    1.010101E-01    2.447524E+00
    1.000000E-02    4.000000E-01    6.665105E-01    1.804112E-16    2.459156E+00

    1.000000E-02    6.000000E-01    6.665105E-01    1.000000E+01   -1.169876E-32
    1.000000E-02    6.000000E-01    6.665105E-01    9.898990E+00   -1.124552E-32
    1.000000E-02    6.000000E-01    6.665105E-01    9.797980E+00   -1.079227E-32
    1.000000E-02    6.000000E-01    6.665105E-01    9.696970E+00   -1.033903E-32
    1.000000E-02    6.000000E-01    6.665105E-01    9.595960E+00   -9.885784E-33
    1.000000E-02    6.000000E-01    6.665105E-01    9.494949E+00   -9.432540E-33
    1.000000E-02    6.000000E-01    6.665105E-01    9.393939E+00   -8.979295E-33
    1.000000E-02    6.000000E-01    6.665105E-01    9.292929E+00   -8.526051E-33
    1.000000E-02    6.000000E-01    6.665105E-01    9.191919E+00   -8.072806E-33
    1.000000E-02    6.000000E-01    6.665105E-01    9.090909E+00   -7.619562E-33
    1.000000E-02    6.000000E-01    6.665105E-01    8.989899E+00   -7.166317E-33
    1.000000E-02    6.000000E-01    6.665105E-01    8.888889E+00   -6.713073E-33
    1.000000E-02    6.000000E-01    6.665105E-01    8.787879E+00   -6.259828E-33
    1.000000E-02    6.000000E-01    6.665105E-01    8.686869E+00   -4.095458E-20
    1.000000E-02    6.000000E-01    6.665105E-01    8.585859E+00   -9.567771E-20
    1.000000E-02    6.000000E-01    6.665105E-01    8.484848E+00   -1.504008E-19
    1.000000E-02    6.000000E-01    6.665105E-01    8.383838E+00   -2.051240E-19
    1.000000E-02    6.000000E-01    6.665105E-01    8.282828E+00   -2.598471E-19
    1.000000E-02    6.000000E-01    6.665105E-01    8.181818E+00   -3.145702E-19
    1.000000E-02    6.000000E-01    6.665105E-01    8.080808E+00   -3.692933E-19
    1.000000E-02    6.000000E-01    6.665105E-01    7.979798E+00   -4.240165E-19
    1.000000E-02    6.000000E-01    6.665105E-01    7.878788E+00   -4.787396E-19
    1.000000E-02    6.000000E-01    6.665105E-01    7.777778E+00   -5.334627E-19
    1.000000E-02    6.000000E-01    6.665105E-01    7.676768E+00   -5.881859E-19
    1.000000E-02    6.000000E-01    6.665105E-01    7.575758E+00   -6.429090E-19
    1.000000E-02    6.000000E-01    6.665105E-01    7.474747E+00   -6.976321E-19
    1.000000E-02    6.000000E-01    6.665105E-01    7.373737E+00   -7.523552E-19
    1.000000E-02    6.000000E-01    6.665105E-01    7.272727E+00   -1.881487E-12
    1.000000E-02    6.000000E-01    6.665105E-01    7.171717E+00   -1.042077E-11
    1.000000E-02    6.000000E-01    6.665105E-01    7.070707E+00   -1.896006E-11
    1.000000E-02    6.000000E-01    6.665105E-01    6.969697E+00   -2.749935E-11
    1.000000E-02    6.000000E-01    6.665105E-01    6.868687E+00   -3.603863E-11
    1.000000E-02    6.000000E-01    6.665105E-01    6.767677E+00   -4.457792E-11
    1.000000E-02    6.000000E-01    6.665105E-01    6.666667E+00   -5.311720E-11
    1.000000E-02    6.000000E-01    6.665105E-01    6.565657E+00   -6.165649E-11
    1.000000E-02    6.000000E-01    6.665105E-01    6.464646E+00   -7.019578E-11
    1.000000E-02    6.000000E-01    6.665105E-01    6.363636E+00   -7.873506E-11
    1.000000E-02    6.000000E-01    6.665105E-01    6.262626E+00   -8.727435E-11
    1.000000E-02    6.000000E-01    6.665105E-01    6.161616E+00   -9.581364E-11
    1.000000E-02    6.000000E-01    6.665105E-01    6.060606E+00   -1.043529E-10
    1.000000E-02    6.000000E-01    6.665105E-01    5.959596E+00   -7.139153E-07
    1.000000E-02    6.000000E-01    6.665105E-01    5.858586E+00   -1.454069E-06
    1.000000E-02    6.000000E-01    6.665105E-01    5.757576E+00   -2.194223E-06
    1.000000E-02    6.000000E-01    6.665105E-01    5.656566E+00   -2.934377E-06
    1.000000E-02    6.000000E-01    6.665105E-01    5.555556E+00   -3.674531E-06
    1.000000E-02    6.000000E-01    6.665105E-01    5.454545E+00   -4.414685E-06
    1.000000E-02    6.000000E-01    6.665105E-01    5.353535E+00   -5.154839E-06
    1.000000E-02    6.000000E-01    6.665105E-01    5.252525E+00   -5.894992E-06
    1.000000E-02    6.000000E-01    6.665105E-01    5.151515E+00   -6.635146E-06
    1.000000E-02    6.000000E-01    6.665105E-01    5.050505E+00   -7.375300E-06
    1.000000E-02    6.000000E-01    6.665105E-01    4.949495E+00   -8.687839E-04
    1.000000E-02    6.000000E-01    6.665105E-01    4.848485E+00   -1.781247E-03
    1.000000E-02    6.000000E-01    6.665105E-01    4.747475E+00   -2.693710E-03
    1.000000E-02    6.000000E-01    6.665105E-01    4.646465E+00   -3.606173E-03
    1.000000E-02    6.000000E-01    6.665105E-01    4.545455E+00   -4.518636E-03
    1.000000E-02    6.000000E-01    6.665105E-01    4.444444E+00   -5.431099E-03
    1.000000E-02    6.000000E-01    6.665105E-01    4.343434E+00   -6.343562E-03
    1.000000E-02    6.000000E-01    6.665105E-01    4.242424E+00   -1.094948E-02
    1.000000E-02    6.000000E-01    6.665105E-01    4.141414E+00   -3.159833E-02
    1.000000E-02    6.000000E-01    6.665105E-01    4.040404E+00   -5.224717E-02
    1.000000E-02    6.000000E-01    6.665105E-01    3.939394E+00   -7.289602E-02
    1.000000E-02    6.000000E-01    6.665105E-01    3.838384E+00   -9.354486E-02
    1.000000E-02    6.000000E-01    6.665105E-01    3.737374E+00   -1.141937E-01
    1.000000E-02    6.000000E-01    6.665105E-01    3.636364E+00   -1.704773E-01
    1.000000E-02    6.000000E-01    6.665105E-01    3.535354E+00   -2.383652E-01
    1.000000E-02    6.000000E-01    6.665105E-01    3.434343E+00   -3.062531E-01
    1.000000E-02    6.000000E-01    6.665105E-01    3.333333E+00   -3.891783E-01
    1.000000E-02    6.000000E-01    6.665105E-01    3.232323E+00   -4.804728E-01
    1.000000E-02    6.000000E-01    6.665105E-01    3.131313E+00   -5.670648E-01
    1.000000E-02    6.000000E-01    6.665105E-01    3.030303E+00   -6.420384E-01
    1.000000E-02    6.000000E-01    6.665105E-01    2.929293E+00   -7.002471E-01
    1.000000E-02    6.000000E-01    6.665105E-01    2.828283E+00   -7.416777E-01
    1.000000E-02    6.000000E-01    6.665105E-01    2.727273E+00   -7.655810E-01
    1.000000E-02    6.000000E-01    6.665105E-01    2.626263E+00   -7.703034E-01
    1.000000E-02    6.000000E-01    6.665105E-01    2.525253E+00   -7.532219E-01
    1.000000E-02    6.000000E-01    6.665105E-01    2.424242E+00   -7.118924E-01
    1.000000E-02    6.000000E-01    6.665105E-01    2.323232E+00   -6.454162E-01
    1.000000E-02    6.000000E-01    6.665105E-01    2.222222E+00   -5.552319E-01
    1.000000E-02    6.000000E-01    6.665105E-01    2.121212E+00   -4.449126E-01
    1.000000E-02    6.000000E-01    6.665105E-01    2.020202E+00   -3.191521E-01
    1.000000E-02    6.000000E-01    6.665105E-01    1.919192E+00   -1.825952E-01
    1.000000E-02    6.000000E-01    6.665105E-01    1.818182E+00   -3.906715E-02
    1.000000E-02    6.000000E-01    6.665105E-01    1.717172E+00    1.093655E-01
    1.000000E-02    6.000000E-01    6.665105E-01    1.616162E+00    2.603857E-01
    1.000000E-02    6.000000E-01    6.665105E-01    1.515152E+00    4.127014E-01
    1.000000E-02    6.000000E-01    6.665105E-01    1.414141E+00    5.654413E-01
    1.000000E-02    6.000000E-01    6.665105E-01    1.313131E+00    7.178635E-01
    1.000000E-02    6.000000E-01    6.665105E-01    1.212121E+00    8.691667E-01
    1.000000E-02    6.000000E-01    6.665105E-01    1.111111E+00    1.018366E+00
    1.000000E-02    6.000000E-01    6.665105E-01    1.010101E+00    1.164103E+00
    1.000000E-02    6.000000E-01    6.665105E-01    9.090909E-01    1.304702E+00
    1.000000E-02    6.000000E-01    6.665105E-01    8.080808E-01    1.438008E+00
    1.000000E-02    6.000000E-01    6.665105E-01    7.070707E-01    1.561771E+00
    1.000000E-02    6.000000E-01    6.665105E-01    6.060606E-01    1.673653E+00
    1.000000E-02    6.000000E-01    6.665105E-01    5.050505E-01    1.771495E+00
    1.000000E-02    6.000000E-01    6.665105E-01    4.040404E-01    1.853523E+00
    1.000000E-02    6.000000E-01    6.665105E-01    3.030303E-01    1.918397E+00
    1.000000E-02    6.000000E-01    6.665105E-01    2.020202E-01    1.965238E+00
    1.000000E-02    6.000000E-01    6.665105E-01    1.010101E-01    1.993544E+00
    1.000000E-02    6.000000E-01    6.665105E-01    1.804112E-16    2.003035E+00

    1.000000E-02    7.000000E-01    6.665105E-01    1.000000E+01   -9.555510E-33
    1.000000E-02    7.000000E-01    6.665105E-01    9.898990E+00   -9.185300E-33
    1.000000E-02    7.000000E-01    6.665105E-01    9.797980E+00   -8.815089E-33
    1.000000E-02    7.000000E-01    6.665105E-01    9.696970E+00   -8.444878E-33
    1.000000E-02    7.000000E-01    6.665105E-01    9.595960E+00   -8.074667E-33
    1.000000E-02    7.000000E-01    6.665105E-01    9.494949E+00   -7.704456E-33
    1.000000E-02    7.000000E-01    6.665105E-01    9.393939E+00   -7.334246E-33
    1.000000E-02    7.000000E-01    6.665105E-01    9.292929E+00   -6.964035E-33
    1.000000E-02    7.000000E-01    6.665105E-01    9.191919E+00   -6.593824E-33
    1.000000E-02    7.000000E-01    6.665105E-01    9.090909E+00   -6.223613E-33
    1.000000E-02    7.000000E-01    6.665105E-01    8.989899E+00   -5.853402E-33
    1.000000E-02    7.000000E-01    6.665105E-01    8.888889E+00   -5.483191E-33
    1.000000E-02    7.000000E-01    6.665105E-01    8.787879E+00   -5.112981E-33
    1.000000E-02    7.000000E-01    6.665105E-01    8.686869E+00   -3.345600E-20
    1.000000E-02    7.000000E-01    6.665105E-01    8.585859E+00   -7.815958E-20
    1.000000E-02    7.000000E-01    6.665105E-01    8.484848E+00   -1.228632E-19
    1.000000E-02    7.000000E-01    6.665105E-01    8.383838E+00   -1.675668E-19
    1.000000E-02    7.000000E-01    6.665105E-01    8.282828E+00   -2.122703E-19
    1.000000E-02    7.000000E-01    6.665105E-01    8.181818E+00   -2.569739E-19
    1.000000E-02    7.000000E-01    6.665105E-01    8.080808E+00   -3.016775E-19
    1.000000E-02    7.000000E-01    6.665105E-01    7.979798E+00   -3.463811E-19
    1.000000E-02    7.000000E-01    6.665105E-01    7.878788E+00   -3.910847E-19
    1.000000E-02    7.000000E-01    6.665105E-01    7.777778E+00   -4.357883E-19
    1.000000E-02    7.000000E-01    6.665105E-01    7.676768E+00   -4.804919E-19
    1.000000E-02    7.000000E-01    6.665105E-01    7.575758E+00   -5.251955E-19
    1.000000E-02    7.000000E-01    6.665105E-01    7.474747E+00   -5.698990E-19
    1.000000E-02    7.000000E-01    6.665105E-01    7.373737E+00   -6.146026E-19
    1.000000E-02    7.000000E-01    6.665105E-01    7.272727E+00   -1.536683E-12
    1.000000E-02    7.000000E-01    6.665105E-01    7.171717E+00   -8.511043E-12
    1.000000E-02    7.000000E-01    6.665105E-01    7.070707E+00   -1.548540E-11
    1.000000E-02    7.000000E-01    6.665105E-01    6.969697E+00   -2.245976E-11
    1.000000E-02    7.000000E-01    6.665105E-01    6.868687E+00   -2.943412E-11
    1.000000E-02    7.000000E-01    6.665105E-01    6.767677E+00   -3.640849E-11
    1.000000E-02    7.000000E-01    6.665105E-01    6.666667E+00   -4.338285E-11
    1.000000E-02    7.000000E-01    6.665105E-01    6.565657E+00   -5.035721E-11
    1.000000E-02    7.000000E-01    6.665105E-01    6.464646E+00   -5.733157E-11
    1.000000E-02    7.000000E-01    6.665105E-01    6.363636E+00   -6.430593E-11
    1.000000E-02    7.000000E-01    6.665105E-01    6.262626E+00   -7.128029E-11
    1.000000E-02    7.000000E-01    6.665105E-01    6.161616E+00   -7.825465E-11
    1.000000E-02    7.000000E-01    6.665105E-01    6.060606E+00   -8.522901E-11
    1.000000E-02    7.000000E-01    6.665105E-01    5.959596E+00   -5.830948E-07
    1.000000E-02    7.000000E-01    6.665105E-01    5.858586E+00   -1.187620E-06
    1.000000E-02    7.000000E-01    6.665105E-01    5.757576E+00   -1.792146E-06
    1.000000E-02    7.000000E-01    6.665105E-01    5.656566E+00   -2.396671E-06
    1.000000E-02    7.000000E-01    6.665105E-01    5.555556E+00   -3.001196E-06
    1.000000E-02    7.000000E-01    6.665105E-01    5.454545E+00   -3.605722E-06
    1.000000E-02    7.000000E-01    6.665105E-01    5.353535E+00   -4.210247E-06
    1.000000E-02    7.000000E-01    6.665105E-01    5.252525E+00   -4.814772E-06
    1.000000E-02    7.000000E-01    6.665105E-01    5.151515E+00   -5.419298E-06
    1.000000E-02    7.000000E-01    6.665105E-01    5.050505E+00   -6.023823E-06
    1.000000E-02    7.000000E-01    6.665105E-01    4.949495E+00   -7.095949E-04
    1.000000E-02    7.000000E-01    6.665105E-01    4.848485E+00   -1.454866E-03
    1.000000E-02    7.000000E-01    6.665105E-01    4.747475E+00   -2.200136E-03
    1.000000E-02    7.000000E-01    6.665105E-01    4.646465E+00   -2.945407E-03
    1.000000E-02    7.000000E-01    6.665105E-01    4.545455E+00   -3.690678E-03
    1.000000E-02    7.000000E-01    6.665105E-01    4.444444E+00   -4.435948E-03
    1.000000E-02    7.000000E-01    6.665105E-01    4.343434E+00   -5.181219E-03
    1.000000E-02    7.000000E-01    6.665105E-01    4.242424E+00   -8.943214E-03
    1.000000E-02    7.000000E-01    6.665105E-01    4.141414E+00   -2.580868E-02
    1.000000E-02    7.000000E-01    6.665105E-01    4.040404E+00   -4.267415E-02
    1.000000E-02    7.000000E-01    6.665105E-01    3.939394E+00   -5.953961E-02
    1.000000E-02    7.000000E-01    6.665105E-01    3.838384E+00   -7.640508E-02
    1.000000E-02    7.000000E-01    6.665105E-01    3.737374E+00   -9.327055E-02
    1.000000E-02    7.000000E-01    6.665105E-01    3.636364E+00   -1.392422E-01
    1.000000E-02    7.000000E-01    6.665105E-01    3.535354E+00   -1.946921E-01
    1.000000E-02    7.000000E-01    6.665105E-01    3.434343E+00   -2.501421E-01
    1.000000E-02    7.000000E-01    6.665105E-01    3.333333E+00   -3.178750E-01
    1.000000E-02    7.000000E-01    6.665105E-01    3.232323E+00   -3.924446E-01
    1.000000E-02    7.000000E-01    6.665105E-01    3.131313E+00   -4.631743E-01
    1.000000E-02    7.000000E-01    6.665105E-01    3.030303E+00   -5.244155E-01
    1.000000E-02    7.000000E-01    6.665105E-01    2.929293E+00   -5.719645E-01
    1.000000E-02    7.000000E-01    6.665105E-01    2.828283E+00   -6.058107E-01
    1.000000E-02    7.000000E-01    6.665105E-01    2.727273E+00   -6.253417E-01
    1.000000E-02    7.000000E-01    6.665105E-01    2.626263E+00   -6.292068E-01
    1.000000E-02    7.000000E-01    6.665105E-01    2.525253E+00   -6.152627E-01
    1.000000E-02    7.000000E-01    6.665105E-01    2.424242E+00   -5.815128E-01
    1.000000E-02    7.000000E-01    6.665105E-01    2.323232E+00   -5.272219E-01
    1.000000E-02    7.000000E-01    6.665105E-01    2.222222E+00   -4.535645E-01
    1.000000E-02    7.000000E-01    6.665105E-01    2.121212E+00   -3.634582E-01
    1.000000E-02    7.000000E-01    6.665105E-01    2.020202E+00   -2.607363E-01
    1.000000E-02    7.000000E-01    6.665105E-01    1.919192E+00   -1.491920E-01
    1.000000E-02    7.000000E-01    6.665105E-01    1.818182E+00   -3.194976E-02
    1.000000E-02    7.000000E-01    6.665105E-01    1.717172E+00    8.930335E-02
    1.000000E-02    7.000000E-01    6.665105E-01    1.616162E+00    2.126745E-01
    1.000000E-02    7.000000E-01    6.665105E-01    1.515152E+00    3.371084E-01
    1.000000E-02    7.000000E-01    6.665105E-01    1.414141E+00    4.618931E-01
    1.000000E-02    7.000000E-01    6.665105E-01    1.313131E+00    5.864227E-01
    1.000000E-02    7.000000E-01    6.665105E-01    1.212121E+00    7.100426E-01
    1.000000E-02    7.000000E-01    6.665105E-01    1.111111E+00    8.319489E-01
    1.000000E-02    7.000000E-01    6.665105E-01    1.010101E+00    9.510322E-01
    1.000000E-02    7.000000E-01    6.665105E-01    9.090909E-01    1.065925E+00
    1.000000E-02    7.000000E-01    6.665105E-01    8.080808E-01    1.174869E+00
    1.000000E-02    7.000000E-01    6.665105E-01    7.070707E-01    1.276028E+00
    1.000000E-02    7.000000E-01    6.665105E-01    6.060606E-01    1.367490E+00
    1.000000E-02    7.000000E-01    6.665105E-01    5.050505E-01    1.447489E+00
    1.000000E-02    7.000000E-01    6.665105E-01    4.040404E-01    1.514570E+00
    1.000000E-02    7.000000E-01    6.665105E-01    3.030303E-01    1.567631E+00
    1.000000E-02    7.000000E-01    6.665105E-01    2.020202E-01    1.605948E+00
    1.000000E-02    7.000000E-01    6.665105E-01    1.010101E-01    1.629104E+00
    1.000000E-02    7.000000E-01    6.665105E-01    1.804112E-16    1.636869E+00

    1.000000E-02    8.000000E-01    6.665105E-01    1.000000E+01   -8.029447E-33
    1.000000E-02    8.000000E-01    6.665105E-01    9.898990E+00   -7.718358E-33
    1.000000E-02    8.000000E-01    6.665105E-01    9.797980E+00   -7.407270E-33
    1.000000E-02    8.000000E-01    6.665105E-01    9.696970E+00   -7.096181E-33
    1.000000E-02    8.000000E-01    6.665105E-01    9.595960E+00   -6.785092E-33
    1.000000E-02    8.000000E-01    6.665105E-01    9.494949E+00   -6.474003E-33
    1.000000E-02    8.000000E-01    6.665105E-01    9.393939E+00   -6.162915E-33
    1.000000E-02    8.000000E-01    6.665105E-01    9.292929E+00   -5.851826E-33
    1.000000E-02    8.000000E-01    6.665105E-01    9.191919E+00   -5.540737E-33
    1.000000E-02    8.000000E-01    6.665105E-01    9.090909E+00   -5.229649E-33
    1.000000E-02    8.000000E-01    6.665105E-01    8.989899E+00   -4.918560E-33
    1.000000E-02    8.000000E-01    6.665105E-01    8.888889E+00   -4.607471E-33
    1.000000E-02    8.000000E-01    6.665105E-01    8.787879E+00   -4.296383E-33
    1.000000E-02    8.000000E-01    6.665105E-01    8.686869E+00   -2.812112E-20
    1.000000E-02    8.000000E-01    6.665105E-01    8.585859E+00   -6.569630E-20
    1.000000E-02    8.000000E-01    6.665105E-01    8.484848E+00   -1.032715E-19
    1.000000E-02    8.000000E-01    6.665105E-01    8.383838E+00   -1.408467E-19
    1.000000E-02    8.000000E-01    6.665105E-01    8.282828E+00   -1.784218E-19
    1.000000E-02    8.000000E-01    6.665105E-01    8.181818E+00   -2.159970E-19
    1.000000E-02    8.000000E-01    6.665105E-01    8.080808E+00   -2.535722E-19
    1.000000E-02    8.000000E-01    6.665105E-01    7.979798E+00   -2.911474E-19
    1.000000E-02    8.000000E-01    6.665105E-01    7.878788E+00   -3.287225E-19
    1.000000E-02    8.000000E-01    6.665105E-01    7.777778E+00   -3.662977E-19
    1.000000E-02    8.000000E-01    6.665105E-01    7.676768E+00   -4.038729E-19
    1.000000E-02    8.000000E-01    6.665105E-01    7.575758E+00   -4.414481E-19
    1.000000E-02    8.000000E-01    6.665105E-01    7.474747E+00   -4.790232E-19
    1.000000E-02    8.000000E-01    6.665105E-01    7.373737E+00   -5.165984E-19
    1.000000E-02    8.000000E-01    6.665105E-01    7.272727E+00   -1.291313E-12
    1.000000E-02    8.000000E-01    6.665105E-01    7.171717E+00   -7.152044E-12
    1.000000E-02    8.000000E-01    6.665105E-01    7.070707E+00   -1.301278E-11
    1.000000E-02    8.000000E-01    6.665105E-01    6.969697E+00   -1.887351E-11
    1.000000E-02    8.000000E-01    6.665105E-01    6.868687E+00   -2.473424E-11
    1.000000E-02    8.000000E-01    6.665105E-01    6.767677E+00   -3.059497E-11
    1.000000E-02    8.000000E-01    6.665105E-01    6.666667E+00   -3.645570E-11
    1.000000E-02    8.000000E-01    6.665105E-01    6.565657E+00   -4.231643E-11
    1.000000E-02    8.000000E-01    6.665105E-01    6.464646E+00   -4.817716E-11
    1.000000E-02    8.000000E-01    6.665105E-01    6.363636E+00   -5.403790E-11
    1.000000E-02    8.000000E-01    6.665105E-01    6.262626E+00   -5.989863E-11
    1.000000E-02    8.000000E-01    6.665105E-01    6.161616E+00   -6.575936E-11
    1.000000E-02    8.000000E-01    6.665105E-01    6.060606E+00   -7.162009E-11
    1.000000E-02    8.000000E-01    6.665105E-01    5.959596E+00   -4.899504E-07
    1.000000E-02    8.000000E-01    6.665105E-01    5.858586E+00   -9.979080E-07
    1.000000E-02    8.000000E-01    6.665105E-01    5.757576E+00   -1.505866E-06
    1.000000E-02    8.000000E-01    6.665105E-01    5.656566E+00   -2.013823E-06
    1.000000E-02    8.000000E-01    6.665105E-01    5.555556E+00   -2.521781E-06
    1.000000E-02    8.000000E-01    6.665105E-01    5.454545E+00   -3.029738E-06
    1.000000E-02    8.000000E-01    6.665105E-01    5.353535E+00   -3.537696E-06
    1.000000E-02    8.000000E-01    6.665105E-01    5.252525E+00   -4.045654E-06
    1.000000E-02    8.000000E-01    6.665105E-01    5.151515E+00   -4.553611E-06
    1.000000E-02    8.000000E-01    6.665105E-01    5.050505E+00   -5.061569E-06
    1.000000E-02    8.000000E-01    6.665105E-01    4.949495E+00   -5.962469E-04
    1.000000E-02    8.000000E-01    6.665105E-01    4.848485E+00   -1.222471E-03
    1.000000E-02    8.000000E-01    6.665105E-01    4.747475E+00   -1.848695E-03
    1.000000E-02    8.000000E-01    6.665105E-01    4.646465E+00   -2.474919E-03
    1.000000E-02    8.000000E-01    6.665105E-01    4.545455E+00   -3.101143E-03
    1.000000E-02    8.000000E-01    6.665105E-01    4.444444E+00   -3.727367E-03
    1.000000E-02    8.000000E-01    6.665105E-01    4.343434E+00   -4.353591E-03
    1.000000E-02    8.000000E-01    6.665105E-01    4.242424E+00   -7.514684E-03
    1.000000E-02    8.000000E-01    6.665105E-01    4.141414E+00   -2.168626E-02
    1.000000E-02    8.000000E-01    6.665105E-01    4.040404E+00   -3.585783E-02
    1.000000E-02    8.000000E-01    6.665105E-01    3.939394E+00   -5.002940E-02
    1.000000E-02    8.000000E-01    6.665105E-01    3.838384E+00   -6.420098E-02
    1.000000E-02    8.000000E-01    6.665105E-01    3.737374E+00   -7.837255E-02
    1.000000E-02    8.000000E-01    6.665105E-01    3.636364E+00   -1.170018E-01
    1.000000E-02    8.000000E-01    6.665105E-01    3.535354E+00   -1.635956E-01
    1.000000E-02    8.000000E-01    6.665105E-01    3.434343E+00   -2.101893E-01
    1.000000E-02    8.000000E-01    6.665105E-01    3.333333E+00   -2.671049E-01
    1.000000E-02    8.000000E-01    6.665105E-01    3.232323E+00   -3.297662E-01
    1.000000E-02    8.000000E-01    6.665105E-01    3.131313E+00   -3.892019E-01
    1.000000E-02    8.000000E-01    6.665105E-01    3.030303E+00   -4.406655E-01
    1.000000E-02    8.000000E-01    6.665105E-01    2.929293E+00   -4.806252E-01
    1.000000E-02    8.000000E-01    6.665105E-01    2.828283E+00   -5.090716E-01
    1.000000E-02    8.000000E-01    6.665105E-01    2.727273E+00   -5.254903E-01
    1.000000E-02    8.000000E-01    6.665105E-01    2.626263E+00   -5.287457E-01
    1.000000E-02    8.000000E-01    6.665105E-01    2.525253E+00   -5.170365E-01
    1.000000E-02    8.000000E-01    6.665105E-01    2.424242E+00   -4.886841E-01
    1.000000E-02    8.000000E-01    6.665105E-01    2.323232E+00   -4.430701E-01
    1.000000E-02    8.000000E-01    6.665105E-01    2.222222E+00   -3.811806E-01
    1.000000E-02    8.000000E-01    6.665105E-01    2.121212E+00   -3.054663E-01
    1.000000E-02    8.000000E-01    6.665105E-01    2.020202E+00   -2.191477E-01
    1.000000E-02    8.000000E-01    6.665105E-01    1.919192E+00   -1.254118E-01
    1.000000E-02    8.000000E-01    6.665105E-01    1.818182E+00   -2.688387E-02
    1.000000E-02    8.000000E-01    6.665105E-01    1.717172E+00    7.501925E-02
    1.000000E-02    8.000000E-01    6.665105E-01    1.616162E+00    1.787069E-01
    1.000000E-02    8.000000E-01    6.665105E-01    1.515152E+00    2.832923E-01
    1.000000E-02    8.000000E-01    6.665105E-01    1.414141E+00    3.881771E-01
    1.000000E-02    8.000000E-01    6.665105E-01    1.313131E+00    4.928522E-01
    1.000000E-02    8.000000E-01    6.665105E-01    1.212121E+00    5.967677E-01
    1.000000E-02    8.000000E-01    6.665105E-01    1.111111E+00    6.992481E-01
    1.000000E-02    8.000000E-01    6.665105E-01    1.010101E+00    7.993620E-01
    1.000000E-02    8.000000E-01    6.665105E-01    9.090909E-01    8.959603E-01
    1.000000E-02    8.000000E-01    6.665105E-01    8.080808E-01    9.875652E-01
    1.000000E-02    8.000000E-01    6.665105E-01    7.070707E-01    1.072632E+00
    1.000000E-02    8.000000E-01    6.665105E-01    6.060606E-01    1.149553E+00
    1.000000E-02    8.000000E-01    6.665105E-01    5.050505E-01    1.216839E+00
    1.000000E-02    8.000000E-01    6.665105E-01    4.040404E-01    1.273264E+00
    1.000000E-02    8.000000E-01    6.665105E-01    3.030303E-01    1.317899E+00
    1.000000E-02    8.000000E-01    6.665105E-01    2.020202E-01    1.350132E+00
    1.000000E-02    8.000000E-01    6.665105E-01    1.010101E-01    1.369614E+00
    1.000000E-02    8.000000E-01    6.665105E-01    1.804112E-16    1.376146E+00

    1.000000E-02    9.000000E-01    6.665105E-01    1.000000E+01   -1.650493E-37
    1.000000E-02    9.000000E-01    6.665105E-01    9.898990E+00   -1.586535E-37
    1.000000E-02    9.000000E-01    6.665105E-01    9.797980E+00   -1.522578E-37
    1.000000E-02    9.000000E-01    6.665105E-01    9.696970E+00   -1.458620E-37
    1.000000E-02    9.000000E-01    6.665105E-01    9.595960E+00   -1.394663E-37
    1.000000E-02    9.000000E-01    6.665105E-01    9.494949E+00   -1.330706E-37
    1.000000E-02    9.000000E-01    6.665105E-01    9.393939E+00   -1.266748E-37
    1.000000E-02    9.000000E-01    6.665105E-01    9.292929E+00   -1.202791E-37
    1.000000E-02    9.000000E-01    6.665105E-01    9.191919E+00   -1.138833E-37
    1.000000E-02    9.000000E-01    6.665105E-01    9.090909E+00   -1.074876E-37
    1.000000E-02    9.000000E-01    6.665105E-01    8.989899E+00   -1.010918E-37
    1.000000E-02    9.000000E-01    6.665105E-01    8.888889E+00   -9.469609E-38
    1.000000E-02    9.000000E-01    6.665105E-01    8.787879E+00   -8.830034E-38
    1.000000E-02    9.000000E-01    6.665105E-01    8.686869E+00   -5.787065E-25
    1.000000E-02    9.000000E-01    6.665105E-01    8.585859E+00   -1.351969E-24
    1.000000E-02    9.000000E-01    6.665105E-01    8.484848E+00   -2.125231E-24
    1.000000E-02    9.000000E-01    6.665105E-01    8.383838E+00   -2.898493E-24
    1.000000E-02    9.000000E-01    6.665105E-01    8.282828E+00   -3.671755E-24
    1.000000E-02    9.000000E-01    6.665105E-01    8.181818E+00   -4.445017E-24
    1.000000E-02    9.000000E-01    6.665105E-01    8.080808E+00   -5.218280E-24
    1.000000E-02    9.000000E-01    6.665105E-01    7.979798E+00   -5.991542E-24
    1.000000E-02    9.000000E-01    6.665105E-01    7.878788E+00   -6.764804E-24
    1.000000E-02    9.000000E-01    6.665105E-01    7.777778E+00   -7.538066E-24
    1.000000E-02    9.000000E-01    6.665105E-01    7.676768E+00   -8.311328E-24
    1.000000E-02    9.000000E-01    6.665105E-01    7.575758E+00   -9.084591E-24
    1.000000E-02    9.000000E-01    6.665105E-01    7.474747E+00   -9.857853E-24
    1.000000E-02    9.000000E-01    6.665105E-01    7.373737E+00   -1.063112E-23
    1.000000E-02    9.000000E-01    6.665105E-01    7.272727E+00   -2.657614E-17
    1.000000E-02    9.000000E-01    6.665105E-01    7.171717E+00   -1.471941E-16
    1.000000E-02    9.000000E-01    6.665105E-01    7.070707E+00   -2.678122E-16
    1.000000E-02    9.000000E-01    6.665105E-01    6.969697E+00   -3.884302E-16
    1.000000E-02    9.000000E-01    6.665105E-01    6.868687E+00   -5.090482E-16
    1.000000E-02    9.000000E-01    6.665105E-01    6.767677E+00   -6.296662E-16
    1.000000E-02    9.000000E-01    6.665105E-01    6.666667E+00   -7.502842E-16
    1.000000E-02    9.000000E-01    6.665105E-01    6.565657E+00   -8.709022E-16
    1.000000E-02    9.000000E-01    6.665105E-01    6.464646E+00   -9.915202E-16
    1.000000E-02    9.000000E-01    6.665105E-01    6.363636E+00   -1.112138E-15
    1.000000E-02    9.000000E-01    6.665105E-01    6.262626E+00   -1.232756E-15
    1.000000E-02    9.000000E-01    6.665105E-01    6.161616E+00   -1.353374E-15
    1.000000E-02    9.000000E-01    6.665105E-01    6.060606E+00   -1.473992E-15
    1.000000E-02    9.000000E-01    6.665105E-01    5.959596E+00   -1.008443E-11
    1.000000E-02    9.000000E-01    6.665105E-01    5.858586E+00   -2.053949E-11
    1.000000E-02    9.000000E-01    6.665105E-01    5.757576E+00   -3.099455E-11
    1.000000E-02    9.000000E-01    6.665105E-01    5.656566E+00   -4.144961E-11
    1.000000E-02    9.000000E-01    6.665105E-01    5.555556E+00   -5.190468E-11
    1.000000E-02    9.000000E-01    6.665105E-01    5.454545E+00   -6.235974E-11
    1.000000E-02    9.000000E-01    6.665105E-01    5.353535E+00   -7.281480E-11
    1.000000E-02    9.000000E-01    6.665105E-01    5.252525E+00   -8.326986E-11
    1.000000E-02    9.000000E-01    6.665105E-01    5.151515E+00   -9.372493E-11
    1.000000E-02    9.000000E-01    6.665105E-01    5.050505E+00   -1.041800E-10
    1.000000E-02    9.000000E-01    6.665105E-01    4.949495E+00   -1.227181E-08
    1.000000E-02    9.000000E-01    6.665105E-01    4.848485E+00   -2.516059E-08
    1.000000E-02    9.000000E-01    6.665105E-01    4.747475E+00   -3.804937E-08
    1.000000E-02    9.000000E-01    6.665105E-01    4.646465E+00   -5.093815E-08
    1.000000E-02    9.000000E-01    6.665105E-01    4.545455E+00   -6.382693E-08
    1.000000E-02    9.000000E-01    6.665105E-01    4.444444E+00   -7.671571E-08
    1.000000E-02    9.000000E-01    6.665105E-01    4.343434E+00   -8.960450E-08
    1.000000E-02    9.000000E-01    6.665105E-01    4.242424E+00   -1.546632E-07
    1.000000E-02    9.000000E-01    6.665105E-01    4.141414E+00   -4.463278E-07
    1.000000E-02    9.000000E-01    6.665105E-01    4.040404E+00   -7.379925E-07
    1.000000E-02    9.000000E-01    6.665105E-01    3.939394E+00   -1.029657E-06
    1.000000E-02    9.000000E-01    6.665105E-01    3.838384E+00   -1.321322E-06
    1.000000E-02    9.000000E-01    6.665105E-01    3.737374E+00   -1.612986E-06
    1.000000E-02    9.000000E-01    6.665105E-01    3.636364E+00   -2.407983E-06
    1.000000E-02    9.000000E-01    6.665105E-01    3.535354E+00   -3.366887E-06
    1.000000E-02    9.000000E-01    6.665105E-01    3.434343E+00   -4.325791E-06
    1.000000E-02    9.000000E-01    6.665105E-01    3.333333E+00   -5.497079E-06
    1.000000E-02    9.000000E-01    6.665105E-01    3.232323E+00   -6.786543E-06
    1.000000E-02    9.000000E-01    6.665105E-01    3.131313E+00   -8.009534E-06
    1.000000E-02    9.000000E-01    6.665105E-01    3.030303E+00   -9.068358E-06
    1.000000E-02    9.000000E-01    6.665105E-01    2.929293E+00   -9.890321E-06
    1.000000E-02    9.000000E-01    6.665105E-01    2.828283E+00   -1.047526E-05
    1.000000E-02    9.000000E-01    6.665105E-01    2.727273E+00   -1.081260E-05
    1.000000E-02    9.000000E-01    6.665105E-01    2.626263E+00   -1.087897E-05
    1.000000E-02    9.000000E-01    6.665105E-01    2.525253E+00   -1.063732E-05
    1.000000E-02    9.000000E-01    6.665105E-01    2.424242E+00   -1.005310E-05
    1.000000E-02    9.000000E-01    6.665105E-01    2.323232E+00   -9.113578E-06
    1.000000E-02    9.000000E-01    6.665105E-01    2.222222E+00   -7.839060E-06
    1.000000E-02    9.000000E-01    6.665105E-01    2.121212E+00   -6.280002E-06
    1.000000E-02    9.000000E-01    6.665105E-01    2.020202E+00   -4.502698E-06
    1.000000E-02    9.000000E-01    6.665105E-01    1.919192E+00   -2.572757E-06
    1.000000E-02    9.000000E-01    6.665105E-01    1.818182E+00   -5.442176E-07
    1.000000E-02    9.000000E-01    6.665105E-01    1.717172E+00    1.553744E-06
    1.000000E-02    9.000000E-01    6.665105E-01    1.616162E+00    3.688385E-06
    1.000000E-02    9.000000E-01    6.665105E-01    1.515152E+00    5.841449E-06
    1.000000E-02    9.000000E-01    6.665105E-01    1.414141E+00    8.000616E-06
    1.000000E-02    9.000000E-01    6.665105E-01    1.313131E+00    1.015541E-05
    1.000000E-02    9.000000E-01    6.665105E-01    1.212121E+00    1.229450E-05
    1.000000E-02    9.000000E-01    6.665105E-01    1.111111E+00    1.440401E-05
    1.000000E-02    9.000000E-01    6.665105E-01    1.010101E+00    1.646479E-05
    1.000000E-02    9.000000E-01    6.665105E-01    9.090909E-01    1.845325E-05
    1.000000E-02    9.000000E-01    6.665105E-01    8.080808E-01    2.033905E-05
    1.000000E-02    9.000000E-01    6.665105E-01    7.070707E-01    2.209049E-05
    1.000000E-02    9.000000E-01    6.665105E-01    6.060606E-01    2.367452E-05
    1.000000E-02    9.000000E-01    6.665105E-01    5.050505E-01    2.506048E-05
    1.000000E-02    9.000000E-01    6.665105E-01    4.040404E-01    2.622305E-05
    1.000000E-02    9.000000E-01    6.665105E-01    3.030303E-01    2.714295E-05
    1.000000E-02    9.000000E-01    6.665105E-01    2.020202E-01    2.780739E-05
    1.000000E-02    9.000000E-01    6.665105E-01    1.010101E-01    2.820902E-05
    1.000000E-02    9.000000E-01    6.665105E-01    1.804112E-16    2.834371E-05

    1.000000E-02    1.000000E+00    6.665105E-01    1.000000E+01   -1.492459E-38
    1.000000E-02    1.000000E+00    6.665105E-01    9.898990E+00   -1.434520E-38
    1.000000E-02    1.000000E+00    6.665105E-01    9.797980E+00   -1.376581E-38
    1.000000E-02    1.000000E+00    6.665105E-01    9.696970E+00   -1.318642E-38
    1.000000E-02    1.000000E+00    6.665105E-01    9.595960E+00   -1.260703E-38
    1.000000E-02    1.000000E+00    6.665105E-01    9.494949E+00   -1.202764E-38
    1.000000E-02    1.000000E+00    6.665105E-01    9.393939E+00   -1.144826E-38
    1.000000E-02    1.000000E+00    6.665105E-01    9.292929E+00   -1.086887E-38
    1.000000E-02    1.000000E+00    6.665105E-01    9.191919E+00   -1.028948E-38
    1.000000E-02    1.000000E+00    6.665105E-01    9.090909E+00   -9.710093E-39
    1.000000E-02    1.000000E+00    6.665105E-01    8.989899E+00   -9.130705E-39
    1.000000E-02    1.000000E+00    6.665105E-01    8.888889E+00   -8.551316E-39
    1.000000E-02    1.000000E+00    6.665105E-01    8.787879E+00   -7.971928E-39
    1.000000E-02    1.000000E+00    6.665105E-01    8.686869E+00   -5.288615E-26
    1.000000E-02    1.000000E+00    6.665105E-01    8.585859E+00   -1.235521E-25
    1.000000E-02    1.000000E+00    6.665105E-01    8.484848E+00   -1.942181E-25
    1.000000E-02    1.000000E+00    6.665105E-01    8.383838E+00   -2.648841E-25
    1.000000E-02    1.000000E+00    6.665105E-01    8.282828E+00   -3.355501E-25
    1.000000E-02    1.000000E+00    6.665105E-01    8.181818E+00   -4.062161E-25
    1.000000E-02    1.000000E+00    6.665105E-01    8.080808E+00   -4.768820E-25
    1.000000E-02    1.000000E+00    6.665105E-01    7.979798E+00   -5.475480E-25
    1.000000E-02    1.000000E+00    6.665105E-01    7.878788E+00   -6.182140E-25
    1.000000E-02    1.000000E+00    6.665105E-01    7.777778E+00   -6.888800E-25
    1.000000E-02    1.000000E+00    6.665105E-01    7.676768E+00   -7.595460E-25
    1.000000E-02    1.000000E+00    6.665105E-01    7.575758E+00   -8.302119E-25
    1.000000E-02    1.000000E+00    6.665105E-01    7.474747E+00   -9.008779E-25
    1.000000E-02    1.000000E+00    6.665105E-01    7.373737E+00   -9.715439E-25
    1.000000E-02    1.000000E+00    6.665105E-01    7.272727E+00   -2.436464E-18
    1.000000E-02    1.000000E+00    6.665105E-01    7.171717E+00   -1.349456E-17
    1.000000E-02    1.000000E+00    6.665105E-01    7.070707E+00   -2.455265E-17
    1.000000E-02    1.000000E+00    6.665105E-01    6.969697E+00   -3.561074E-17
    1.000000E-02    1.000000E+00    6.665105E-01    6.868687E+00   -4.666883E-17
    1.000000E-02    1.000000E+00    6.665105E-01    6.767677E+00   -5.772692E-17
    1.000000E-02    1.000000E+00    6.665105E-01    6.666667E+00   -6.878501E-17
    1.000000E-02    1.000000E+00    6.665105E-01    6.565657E+00   -7.984311E-17
    1.000000E-02    1.000000E+00    6.665105E-01    6.464646E+00   -9.090120E-17
    1.000000E-02    1.000000E+00    6.665105E-01    6.363636E+00   -1.019593E-16
    1.000000E-02    1.000000E+00    6.665105E-01    6.262626E+00   -1.130174E-16
    1.000000E-02    1.000000E+00    6.665105E-01    6.161616E+00   -1.240755E-16
    1.000000E-02    1.000000E+00    6.665105E-01    6.060606E+00   -1.351336E-16
    1.000000E-02    1.000000E+00    6.665105E-01    5.959596E+00   -9.249270E-13
    1.000000E-02    1.000000E+00    6.665105E-01    5.858586E+00   -1.883848E-12
    1.000000E-02    1.000000E+00    6.665105E-01    5.757576E+00   -2.842769E-12
    1.000000E-02    1.000000E+00    6.665105E-01    5.656566E+00   -3.801690E-12
    1.000000E-02    1.000000E+00    6.665105E-01    5.555556E+00   -4.760611E-12
    1.000000E-02    1.000000E+00    6.665105E-01    5.454545E+00   -5.719532E-12
    1.000000E-02    1.000000E+00    6.665105E-01    5.353535E+00   -6.678454E-12
    1.000000E-02    1.000000E+00    6.665105E-01    5.252525E+00   -7.637375E-12
    1.000000E-02    1.000000E+00    6.665105E-01    5.151515E+00   -8.596296E-12
    1.000000E-02    1.000000E+00    6.665105E-01    5.050505E+00   -9.555217E-12
    1.000000E-02    1.000000E+00    6.665105E-01    4.949495E+00   -1.124892E-09
    1.000000E-02    1.000000E+00    6.665105E-01    4.848485E+00   -2.306333E-09
    1.000000E-02    1.000000E+00    6.665105E-01    4.747475E+00   -3.487774E-09
    1.000000E-02    1.000000E+00    6.665105E-01    4.646465E+00   -4.669215E-09
    1.000000E-02    1.000000E+00    6.665105E-01    4.545455E+00   -5.850656E-09
    1.000000E-02    1.000000E+00    6.665105E-01    4.444444E+00   -7.032097E-09
    1.000000E-02    1.000000E+00    6.665105E-01    4.343434E+00   -8.213537E-09
    1.000000E-02    1.000000E+00    6.665105E-01    4.242424E+00   -1.417462E-08
    1.000000E-02    1.000000E+00    6.665105E-01    4.141414E+00   -4.089660E-08
    1.000000E-02    1.000000E+00    6.665105E-01    4.040404E+00   -6.761858E-08
    1.000000E-02    1.000000E+00    6.665105E-01    3.939394E+00   -9.434056E-08
    1.000000E-02    1.000000E+00    6.665105E-01    3.838384E+00   -1.210625E-07
    1.000000E-02    1.000000E+00    6.665105E-01    3.737374E+00   -1.477845E-07
    1.000000E-02    1.000000E+00    6.665105E-01    3.636364E+00   -2.205811E-07
    1.000000E-02    1.000000E+00    6.665105E-01    3.535354E+00   -3.083817E-07
    1.000000E-02    1.000000E+00    6.665105E-01    3.434343E+00   -3.961822E-07
    1.000000E-02    1.000000E+00    6.665105E-01    3.333333E+00   -5.033806E-07
    1.000000E-02    1.000000E+00    6.665105E-01    3.232323E+00   -6.213162E-07
    1.000000E-02    1.000000E+00    6.665105E-01    3.131313E+00   -7.330610E-07
    1.000000E-02    1.000000E+00    6.665105E-01    3.030303E+00   -8.296575E-07
    1.000000E-02    1.000000E+00    6.665105E-01    2.929293E+00   -9.044405E-07
    1.000000E-02    1.000000E+00    6.665105E-01    2.828283E+00   -9.574198E-07
    1.000000E-02    1.000000E+00    6.665105E-01    2.727273E+00   -9.876461E-07
    1.000000E-02    1.000000E+00    6.665105E-01    2.626263E+00   -9.929966E-07
    1.000000E-02    1.000000E+00    6.665105E-01    2.525253E+00   -9.700894E-07
    1.000000E-02    1.000000E+00    6.665105E-01    2.424242E+00   -9.157729E-07
    1.000000E-02    1.000000E+00    6.665105E-01    2.323232E+00   -8.288988E-07
    1.000000E-02    1.000000E+00    6.665105E-01    2.222222E+00   -7.113503E-07
    1.000000E-02    1.000000E+00    6.665105E-01    2.121212E+00   -5.677775E-07
    1.000000E-02    1.000000E+00    6.665105E-01    2.020202E+00   -4.042812E-07
    1.000000E-02    1.000000E+00    6.665105E-01    1.919192E+00   -2.268933E-07
    1.000000E-02    1.000000E+00    6.665105E-01    1.818182E+00   -4.057589E-08
    1.000000E-02    1.000000E+00    6.665105E-01    1.717172E+00    1.519709E-07
    1.000000E-02    1.000000E+00    6.665105E-01    1.616162E+00    3.477452E-07
    1.000000E-02    1.000000E+00    6.665105E-01    1.515152E+00    5.450712E-07
    1.000000E-02    1.000000E+00    6.665105E-01    1.414141E+00    7.428228E-07
    1.000000E-02    1.000000E+00    6.665105E-01    1.313131E+00    9.400318E-07
    1.000000E-02    1.000000E+00    6.665105E-01    1.212121E+00    1.135668E-06
    1.000000E-02    1.000000E+00    6.665105E-01    1.111111E+00    1.328466E-06
    1.000000E-02    1.000000E+00    6.665105E-01    1.010101E+00    1.516680E-06
    1.000000E-02    1.000000E+00    6.665105E-01    9.090909E-01    1.698174E-06
    1.000000E-02    1.000000E+00    6.665105E-01    8.080808E-01    1.870208E-06
    1.000000E-02    1.000000E+00    6.665105E-01    7.070707E-01    2.029932E-06
    1.000000E-02    1.000000E+00    6.665105E-01    6.060606E-01    2.174375E-06
    1.000000E-02    1.000000E+00    6.665105E-01    5.050505E-01    2.300773E-06
    1.000000E-02    1.000000E+00    6.665105E-01    4.040404E-01    2.406832E-06
    1.000000E-02    1.000000E+00    6.665105E-01    3.030303E-01    2.490785E-06
    1.000000E-02    1.000000E+00    6.665105E-01    2.020202E-01    2.551449E-06
    1.000000E-02    1.000000E+00    6.665105E-01    1.010101E-01    2.588128E-06
    1.000000E-02    1.000000E+00    6.665105E-01    1.804112E-16    2.600431E-06

