#     k [MeV]       Xi [MeV]       1/2/Xi [MeV-1]     e(k) [MeV]     Xi_qp [MeV]


# rho=   0.03000 temp=   0.00000
    0.846253E+00    0.212575E+02    0.235211E-01   -0.112836E+02    0.190463E+02
    0.442525E+01    0.212464E+02    0.235334E-01   -0.112720E+02    0.190347E+02
    0.107283E+02    0.211907E+02    0.235952E-01   -0.112113E+02    0.189740E+02
    0.195291E+02    0.210347E+02    0.237703E-01   -0.110385E+02    0.188013E+02
    0.305096E+02    0.207084E+02    0.241448E-01   -0.106729E+02    0.184356E+02
    0.432731E+02    0.201555E+02    0.248071E-01   -0.100485E+02    0.178112E+02
    0.573584E+02    0.193216E+02    0.258777E-01   -0.914566E+01    0.169084E+02
    0.722562E+02    0.182193E+02    0.274435E-01   -0.797464E+01    0.157373E+02
    0.874282E+02    0.168170E+02    0.297319E-01   -0.655600E+01    0.143187E+02
    0.102326E+03    0.151802E+02    0.329377E-01   -0.495229E+01    0.127150E+02
    0.116411E+03    0.133977E+02    0.373200E-01   -0.326794E+01    0.110307E+02
    0.129175E+03    0.116067E+02    0.430787E-01   -0.161878E+01    0.938148E+01
    0.140155E+03    0.989609E+01    0.505250E-01   -0.115281E+00    0.787799E+01
    0.148956E+03    0.844620E+01    0.591982E-01    0.114588E+01    0.661682E+01
    0.155259E+03    0.732764E+01    0.682348E-01    0.208266E+01    0.568005E+01
    0.158838E+03    0.667352E+01    0.749230E-01    0.262743E+01    0.513528E+01
    0.159757E+03    0.651038E+01    0.768004E-01    0.276874E+01    0.499396E+01
    0.160064E+03    0.645534E+01    0.774553E-01    0.281610E+01    0.494661E+01
    0.160610E+03    0.635694E+01    0.786542E-01    0.290065E+01    0.486206E+01
    0.161388E+03    0.621669E+01    0.804287E-01    0.302132E+01    0.474138E+01
    0.162384E+03    0.603469E+01    0.828543E-01    0.317653E+01    0.458618E+01
    0.163583E+03    0.581359E+01    0.860054E-01    0.336421E+01    0.439850E+01
    0.164963E+03    0.555516E+01    0.900064E-01    0.358182E+01    0.418089E+01
    0.166503E+03    0.526176E+01    0.950252E-01    0.382636E+01    0.393635E+01
    0.168178E+03    0.493637E+01    0.101289E+00    0.409437E+01    0.366834E+01
    0.169959E+03    0.458366E+01    0.109083E+00    0.438198E+01    0.338073E+01
    0.171818E+03    0.420827E+01    0.118814E+00    0.468496E+01    0.307775E+01
    0.173724E+03    0.381509E+01    0.131059E+00    0.499869E+01    0.276401E+01
    0.175645E+03    0.340568E+01    0.146813E+00    0.531828E+01    0.244443E+01
    0.177551E+03    0.298718E+01    0.167382E+00    0.563857E+01    0.212414E+01
    0.179410E+03    0.256681E+01    0.194795E+00    0.595427E+01    0.180844E+01
    0.181191E+03    0.215188E+01    0.232355E+00    0.625998E+01    0.150273E+01
    0.182866E+03    0.174956E+01    0.285786E+00    0.655029E+01    0.121242E+01
    0.184406E+03    0.136982E+01    0.365010E+00    0.681987E+01    0.942838E+00
    0.185786E+03    0.102225E+01    0.489115E+00    0.706361E+01    0.699101E+00
    0.186984E+03    0.714558E+00    0.699733E+00    0.727678E+01    0.485930E+00
    0.187981E+03    0.454308E+00    0.110057E+01    0.745517E+01    0.307538E+00
    0.188759E+03    0.246924E+00    0.202492E+01    0.759520E+01    0.167511E+00
    0.189305E+03    0.993049E-01    0.503500E+01    0.769401E+01    0.686940E-01
    0.189612E+03    0.183224E-01    0.272890E+02    0.774961E+01    0.130965E-01
    0.189757E+03    0.167459E-01    0.298581E+02    0.777580E+01    0.130965E-01
    0.190064E+03    0.944555E-01    0.529350E+01    0.783155E+01    0.688439E-01
    0.190610E+03    0.240299E+00    0.208074E+01    0.793114E+01    0.168431E+00
    0.191388E+03    0.446448E+00    0.111995E+01    0.807338E+01    0.310670E+00
    0.192384E+03    0.707070E+00    0.707143E+00    0.825652E+01    0.493813E+00
    0.193583E+03    0.101624E+01    0.492009E+00    0.847828E+01    0.715575E+00
    0.194963E+03    0.136795E+01    0.365511E+00    0.873584E+01    0.973129E+00
    0.196503E+03    0.175587E+01    0.284760E+00    0.902581E+01    0.126311E+01
    0.198178E+03    0.217118E+01    0.230290E+00    0.934430E+01    0.158159E+01
    0.199959E+03    0.260593E+01    0.191870E+00    0.968677E+01    0.192406E+01
    0.201818E+03    0.305517E+01    0.163657E+00    0.100481E+02    0.228544E+01
    0.203724E+03    0.351177E+01    0.142378E+00    0.104229E+02    0.266016E+01
    0.205645E+03    0.396473E+01    0.126112E+00    0.108050E+02    0.304226E+01
    0.207551E+03    0.441318E+01    0.113297E+00    0.111882E+02    0.342551E+01
    0.209410E+03    0.485087E+01    0.103074E+00    0.115662E+02    0.380347E+01
    0.211191E+03    0.527001E+01    0.948764E-01    0.119323E+02    0.416960E+01
    0.212866E+03    0.566381E+01    0.882798E-01    0.122800E+02    0.451732E+01
    0.214406E+03    0.602662E+01    0.829653E-01    0.126030E+02    0.484024E+01
    0.215786E+03    0.635271E+01    0.787066E-01    0.128950E+02    0.513225E+01
    0.216984E+03    0.664835E+01    0.752066E-01    0.131504E+02    0.538768E+01
    0.217981E+03    0.689562E+01    0.725098E-01    0.133642E+02    0.560147E+01
    0.218759E+03    0.708896E+01    0.705322E-01    0.135320E+02    0.576932E+01
    0.219305E+03    0.722534E+01    0.692009E-01    0.136505E+02    0.588778E+01
    0.219612E+03    0.730179E+01    0.684764E-01    0.137171E+02    0.595444E+01
    0.220059E+03    0.741337E+01    0.674457E-01    0.138144E+02    0.605168E+01
    0.221654E+03    0.781313E+01    0.639948E-01    0.141639E+02    0.640123E+01
    0.224513E+03    0.853245E+01    0.585998E-01    0.147989E+02    0.703617E+01
    0.228615E+03    0.957924E+01    0.521962E-01    0.157305E+02    0.796781E+01
    0.233933E+03    0.109717E+02    0.455719E-01    0.169769E+02    0.921421E+01
    0.240434E+03    0.127105E+02    0.393376E-01    0.185634E+02    0.108007E+02
    0.248081E+03    0.148158E+02    0.337477E-01    0.205233E+02    0.127606E+02
    0.256837E+03    0.173079E+02    0.288885E-01    0.228978E+02    0.151351E+02
    0.266663E+03    0.202064E+02    0.247447E-01    0.257304E+02    0.179677E+02
    0.277523E+03    0.235368E+02    0.212433E-01    0.290438E+02    0.212811E+02
    0.289387E+03    0.273275E+02    0.182966E-01    0.328579E+02    0.250952E+02
    0.302228E+03    0.316098E+02    0.158179E-01    0.372266E+02    0.294639E+02
    0.316029E+03    0.364208E+02    0.137284E-01    0.421419E+02    0.343792E+02
    0.330782E+03    0.418017E+02    0.119612E-01    0.476094E+02    0.398467E+02
    0.346489E+03    0.477995E+02    0.104604E-01    0.536826E+02    0.459198E+02
    0.363164E+03    0.544687E+02    0.917959E-02    0.603855E+02    0.526228E+02
    0.380835E+03    0.618736E+02    0.808099E-02    0.677817E+02    0.600190E+02
    0.399544E+03    0.700895E+02    0.713373E-02    0.759308E+02    0.681681E+02
    0.419354E+03    0.792066E+02    0.631260E-02    0.849188E+02    0.771561E+02
    0.440345E+03    0.893335E+02    0.559700E-02    0.948560E+02    0.870933E+02
    0.462626E+03    0.100603E+03    0.497006E-02    0.105875E+03    0.981120E+02
    0.486331E+03    0.113176E+03    0.441788E-02    0.118146E+03    0.110383E+03
    0.511636E+03    0.127259E+03    0.392900E-02    0.131879E+03    0.124116E+03
    0.538761E+03    0.143107E+03    0.349388E-02    0.147340E+03    0.139577E+03
    0.567988E+03    0.161052E+03    0.310459E-02    0.164881E+03    0.157118E+03
    0.599682E+03    0.181526E+03    0.275443E-02    0.184945E+03    0.177182E+03
    0.634321E+03    0.205106E+03    0.243776E-02    0.208106E+03    0.200343E+03
    0.672542E+03    0.232585E+03    0.214976E-02    0.235096E+03    0.227333E+03
    0.715224E+03    0.265081E+03    0.188621E-02    0.267047E+03    0.259284E+03
    0.763612E+03    0.304244E+03    0.164342E-02    0.305610E+03    0.297847E+03
    0.819561E+03    0.352608E+03    0.141801E-02    0.353313E+03    0.345551E+03
    0.885993E+03    0.414342E+03    0.120673E-02    0.414330E+03    0.406567E+03
    0.967922E+03    0.496949E+03    0.100614E-02    0.496076E+03    0.488314E+03
    0.107507E+04    0.615844E+03    0.811894E-03    0.613699E+03    0.605936E+03
    0.123051E+04    0.810500E+03    0.616903E-03    0.806392E+03    0.798630E+03
    0.151748E+04    0.123951E+04    0.403384E-03    0.123163E+04    0.122387E+04
