
#   rho [fm-3]      T [MeV]      kf [fm-1]       k [fm-1]       Gap(k) [MeV]       auxgap
    4.000000E-02    0.000000E+00    1.058019E+00    0.000000E+00    2.157849E+00
    4.000000E-02    0.000000E+00    1.058019E+00    1.010101E-01    2.150145E+00
    4.000000E-02    0.000000E+00    1.058019E+00    2.020202E-01    2.127040E+00
    4.000000E-02    0.000000E+00    1.058019E+00    3.030303E-01    2.088616E+00
    4.000000E-02    0.000000E+00    1.058019E+00    4.040404E-01    2.034858E+00
    4.000000E-02    0.000000E+00    1.058019E+00    5.050505E-01    1.965817E+00
    4.000000E-02    0.000000E+00    1.058019E+00    6.060606E-01    1.881552E+00
    4.000000E-02    0.000000E+00    1.058019E+00    7.070707E-01    1.782120E+00
    4.000000E-02    0.000000E+00    1.058019E+00    8.080808E-01    1.667768E+00
    4.000000E-02    0.000000E+00    1.058019E+00    9.090909E-01    1.538957E+00
    4.000000E-02    0.000000E+00    1.058019E+00    1.010101E+00    1.396449E+00
    4.000000E-02    0.000000E+00    1.058019E+00    1.111111E+00    1.241364E+00
    4.000000E-02    0.000000E+00    1.058019E+00    1.212121E+00    1.075148E+00
    4.000000E-02    0.000000E+00    1.058019E+00    1.313131E+00    8.993679E-01
    4.000000E-02    0.000000E+00    1.058019E+00    1.414141E+00    7.155312E-01
    4.000000E-02    0.000000E+00    1.058019E+00    1.515152E+00    5.249347E-01
    4.000000E-02    0.000000E+00    1.058019E+00    1.616162E+00    3.287688E-01
    4.000000E-02    0.000000E+00    1.058019E+00    1.717172E+00    1.286400E-01
    4.000000E-02    0.000000E+00    1.058019E+00    1.818182E+00   -7.341526E-02
    4.000000E-02    0.000000E+00    1.058019E+00    1.919192E+00   -2.742961E-01
    4.000000E-02    0.000000E+00    1.058019E+00    2.020202E+00   -4.701107E-01
    4.000000E-02    0.000000E+00    1.058019E+00    2.121212E+00   -6.533132E-01
    4.000000E-02    0.000000E+00    1.058019E+00    2.222222E+00   -8.180236E-01
    4.000000E-02    0.000000E+00    1.058019E+00    2.323232E+00   -9.572503E-01
    4.000000E-02    0.000000E+00    1.058019E+00    2.424242E+00   -1.062039E+00
    4.000000E-02    0.000000E+00    1.058019E+00    2.525253E+00   -1.130955E+00
    4.000000E-02    0.000000E+00    1.058019E+00    2.626263E+00   -1.163493E+00
    4.000000E-02    0.000000E+00    1.058019E+00    2.727273E+00   -1.161765E+00
    4.000000E-02    0.000000E+00    1.058019E+00    2.828283E+00   -1.127806E+00
    4.000000E-02    0.000000E+00    1.058019E+00    2.929293E+00   -1.067253E+00
    4.000000E-02    0.000000E+00    1.058019E+00    3.030303E+00   -9.801151E-01
    4.000000E-02    0.000000E+00    1.058019E+00    3.131313E+00   -8.700137E-01
    4.000000E-02    0.000000E+00    1.058019E+00    3.232323E+00   -7.393786E-01
    4.000000E-02    0.000000E+00    1.058019E+00    3.333333E+00   -6.020831E-01
    4.000000E-02    0.000000E+00    1.058019E+00    3.434343E+00   -4.704194E-01
    4.000000E-02    0.000000E+00    1.058019E+00    3.535354E+00   -3.487715E-01
    4.000000E-02    0.000000E+00    1.058019E+00    3.636364E+00   -2.541363E-01
    4.000000E-02    0.000000E+00    1.058019E+00    3.737374E+00   -1.718319E-01
    4.000000E-02    0.000000E+00    1.058019E+00    3.838384E+00   -1.152910E-01
    4.000000E-02    0.000000E+00    1.058019E+00    3.939394E+00   -7.317844E-02
    4.000000E-02    0.000000E+00    1.058019E+00    4.040404E+00   -4.241505E-02
    4.000000E-02    0.000000E+00    1.058019E+00    4.141414E+00   -2.598869E-02
    4.000000E-02    0.000000E+00    1.058019E+00    4.242424E+00   -1.333978E-02
    4.000000E-02    0.000000E+00    1.058019E+00    4.343434E+00   -7.354653E-03
    4.000000E-02    0.000000E+00    1.058019E+00    4.444444E+00   -3.629447E-03
    4.000000E-02    0.000000E+00    1.058019E+00    4.545455E+00   -1.495342E-03
    4.000000E-02    0.000000E+00    1.058019E+00    4.646465E+00   -7.590748E-04
    4.000000E-02    0.000000E+00    1.058019E+00    4.747475E+00   -3.131690E-04
    4.000000E-02    0.000000E+00    1.058019E+00    4.848485E+00   -1.153274E-04
    4.000000E-02    0.000000E+00    1.058019E+00    4.949495E+00   -4.121611E-05
    4.000000E-02    0.000000E+00    1.058019E+00    5.050505E+00   -1.534983E-05
    4.000000E-02    0.000000E+00    1.058019E+00    5.151515E+00   -5.756830E-06
    4.000000E-02    0.000000E+00    1.058019E+00    5.252525E+00   -2.095736E-06
    4.000000E-02    0.000000E+00    1.058019E+00    5.353535E+00   -8.077053E-07
    4.000000E-02    0.000000E+00    1.058019E+00    5.454545E+00   -5.123707E-07
    4.000000E-02    0.000000E+00    1.058019E+00    5.555556E+00   -2.895453E-07
    4.000000E-02    0.000000E+00    1.058019E+00    5.656566E+00   -6.671986E-08
    4.000000E-02    0.000000E+00    1.058019E+00    5.757576E+00   -3.125186E-08
    4.000000E-02    0.000000E+00    1.058019E+00    5.858586E+00   -2.442276E-08
    4.000000E-02    0.000000E+00    1.058019E+00    5.959596E+00   -1.759367E-08
    4.000000E-02    0.000000E+00    1.058019E+00    6.060606E+00   -1.076457E-08
    4.000000E-02    0.000000E+00    1.058019E+00    6.161616E+00   -3.935477E-09
    4.000000E-02    0.000000E+00    1.058019E+00    6.262626E+00   -8.378752E-11
    4.000000E-02    0.000000E+00    1.058019E+00    6.363636E+00   -7.233678E-11
    4.000000E-02    0.000000E+00    1.058019E+00    6.464646E+00   -6.088604E-11
    4.000000E-02    0.000000E+00    1.058019E+00    6.565657E+00   -4.943531E-11
    4.000000E-02    0.000000E+00    1.058019E+00    6.666667E+00   -3.798457E-11
    4.000000E-02    0.000000E+00    1.058019E+00    6.767677E+00   -2.653383E-11
    4.000000E-02    0.000000E+00    1.058019E+00    6.868687E+00   -1.508309E-11
    4.000000E-02    0.000000E+00    1.058019E+00    6.969697E+00   -3.632352E-12
    4.000000E-02    0.000000E+00    1.058019E+00    7.070707E+00   -7.617644E-16
    4.000000E-02    0.000000E+00    1.058019E+00    7.171717E+00   -6.801498E-16
    4.000000E-02    0.000000E+00    1.058019E+00    7.272727E+00   -5.985352E-16
    4.000000E-02    0.000000E+00    1.058019E+00    7.373737E+00   -5.169206E-16
    4.000000E-02    0.000000E+00    1.058019E+00    7.474747E+00   -4.353060E-16
    4.000000E-02    0.000000E+00    1.058019E+00    7.575758E+00   -3.536914E-16
    4.000000E-02    0.000000E+00    1.058019E+00    7.676768E+00   -2.720768E-16
    4.000000E-02    0.000000E+00    1.058019E+00    7.777778E+00   -1.904621E-16
    4.000000E-02    0.000000E+00    1.058019E+00    7.878788E+00   -1.088475E-16
    4.000000E-02    0.000000E+00    1.058019E+00    7.979798E+00   -2.723292E-17
    4.000000E-02    0.000000E+00    1.058019E+00    8.080808E+00   -3.085371E-25
    4.000000E-02    0.000000E+00    1.058019E+00    8.181818E+00   -2.819043E-25
    4.000000E-02    0.000000E+00    1.058019E+00    8.282828E+00   -2.552715E-25
    4.000000E-02    0.000000E+00    1.058019E+00    8.383838E+00   -2.286388E-25
    4.000000E-02    0.000000E+00    1.058019E+00    8.484848E+00   -2.020060E-25
    4.000000E-02    0.000000E+00    1.058019E+00    8.585859E+00   -1.753732E-25
    4.000000E-02    0.000000E+00    1.058019E+00    8.686869E+00   -1.487404E-25
    4.000000E-02    0.000000E+00    1.058019E+00    8.787879E+00   -1.221077E-25
    4.000000E-02    0.000000E+00    1.058019E+00    8.888889E+00   -9.547490E-26
    4.000000E-02    0.000000E+00    1.058019E+00    8.989899E+00   -6.884212E-26
    4.000000E-02    0.000000E+00    1.058019E+00    9.090909E+00   -4.220935E-26
    4.000000E-02    0.000000E+00    1.058019E+00    9.191919E+00   -1.557657E-26
    4.000000E-02    0.000000E+00    1.058019E+00    9.292929E+00   -1.219214E-32
    4.000000E-02    0.000000E+00    1.058019E+00    9.393939E+00   -1.295651E-32
    4.000000E-02    0.000000E+00    1.058019E+00    9.494949E+00   -1.372089E-32
    4.000000E-02    0.000000E+00    1.058019E+00    9.595960E+00   -1.448526E-32
    4.000000E-02    0.000000E+00    1.058019E+00    9.696970E+00   -1.524964E-32
    4.000000E-02    0.000000E+00    1.058019E+00    9.797980E+00   -1.601401E-32
    4.000000E-02    0.000000E+00    1.058019E+00    9.898990E+00   -1.677839E-32
    4.000000E-02    0.000000E+00    1.058019E+00    1.000000E+01   -1.754277E-32

    4.000000E-02    1.000000E-01    1.058019E+00    0.000000E+00    2.024264E+00
    4.000000E-02    1.000000E-01    1.058019E+00    1.010101E-01    2.017024E+00
    4.000000E-02    1.000000E-01    1.058019E+00    2.020202E-01    1.995311E+00
    4.000000E-02    1.000000E-01    1.058019E+00    3.030303E-01    1.959201E+00
    4.000000E-02    1.000000E-01    1.058019E+00    4.040404E-01    1.908682E+00
    4.000000E-02    1.000000E-01    1.058019E+00    5.050505E-01    1.843805E+00
    4.000000E-02    1.000000E-01    1.058019E+00    6.060606E-01    1.764627E+00
    4.000000E-02    1.000000E-01    1.058019E+00    7.070707E-01    1.671208E+00
    4.000000E-02    1.000000E-01    1.058019E+00    8.080808E-01    1.563789E+00
    4.000000E-02    1.000000E-01    1.058019E+00    9.090909E-01    1.442816E+00
    4.000000E-02    1.000000E-01    1.058019E+00    1.010101E+00    1.309019E+00
    4.000000E-02    1.000000E-01    1.058019E+00    1.111111E+00    1.163463E+00
    4.000000E-02    1.000000E-01    1.058019E+00    1.212121E+00    1.007515E+00
    4.000000E-02    1.000000E-01    1.058019E+00    1.313131E+00    8.426523E-01
    4.000000E-02    1.000000E-01    1.058019E+00    1.414141E+00    6.702875E-01
    4.000000E-02    1.000000E-01    1.058019E+00    1.515152E+00    4.916367E-01
    4.000000E-02    1.000000E-01    1.058019E+00    1.616162E+00    3.078142E-01
    4.000000E-02    1.000000E-01    1.058019E+00    1.717172E+00    1.203223E-01
    4.000000E-02    1.000000E-01    1.058019E+00    1.818182E+00   -6.893558E-02
    4.000000E-02    1.000000E-01    1.058019E+00    1.919192E+00   -2.570547E-01
    4.000000E-02    1.000000E-01    1.058019E+00    2.020202E+00   -4.403996E-01
    4.000000E-02    1.000000E-01    1.058019E+00    2.121212E+00   -6.119053E-01
    4.000000E-02    1.000000E-01    1.058019E+00    2.222222E+00   -7.660757E-01
    4.000000E-02    1.000000E-01    1.058019E+00    2.323232E+00   -8.963716E-01
    4.000000E-02    1.000000E-01    1.058019E+00    2.424242E+00   -9.944157E-01
    4.000000E-02    1.000000E-01    1.058019E+00    2.525253E+00   -1.058872E+00
    4.000000E-02    1.000000E-01    1.058019E+00    2.626263E+00   -1.089274E+00
    4.000000E-02    1.000000E-01    1.058019E+00    2.727273E+00   -1.087602E+00
    4.000000E-02    1.000000E-01    1.058019E+00    2.828283E+00   -1.055766E+00
    4.000000E-02    1.000000E-01    1.058019E+00    2.929293E+00   -9.990457E-01
    4.000000E-02    1.000000E-01    1.058019E+00    3.030303E+00   -9.174494E-01
    4.000000E-02    1.000000E-01    1.058019E+00    3.131313E+00   -8.143668E-01
    4.000000E-02    1.000000E-01    1.058019E+00    3.232323E+00   -6.920729E-01
    4.000000E-02    1.000000E-01    1.058019E+00    3.333333E+00   -5.635529E-01
    4.000000E-02    1.000000E-01    1.058019E+00    3.434343E+00   -4.403083E-01
    4.000000E-02    1.000000E-01    1.058019E+00    3.535354E+00   -3.264427E-01
    4.000000E-02    1.000000E-01    1.058019E+00    3.636364E+00   -2.378642E-01
    4.000000E-02    1.000000E-01    1.058019E+00    3.737374E+00   -1.608280E-01
    4.000000E-02    1.000000E-01    1.058019E+00    3.838384E+00   -1.079075E-01
    4.000000E-02    1.000000E-01    1.058019E+00    3.939394E+00   -6.849156E-02
    4.000000E-02    1.000000E-01    1.058019E+00    4.040404E+00   -3.969839E-02
    4.000000E-02    1.000000E-01    1.058019E+00    4.141414E+00   -2.432415E-02
    4.000000E-02    1.000000E-01    1.058019E+00    4.242424E+00   -1.248541E-02
    4.000000E-02    1.000000E-01    1.058019E+00    4.343434E+00   -6.883649E-03
    4.000000E-02    1.000000E-01    1.058019E+00    4.444444E+00   -3.397042E-03
    4.000000E-02    1.000000E-01    1.058019E+00    4.545455E+00   -1.399616E-03
    4.000000E-02    1.000000E-01    1.058019E+00    4.646465E+00   -7.104925E-04
    4.000000E-02    1.000000E-01    1.058019E+00    4.747475E+00   -2.931350E-04
    4.000000E-02    1.000000E-01    1.058019E+00    4.848485E+00   -1.079556E-04
    4.000000E-02    1.000000E-01    1.058019E+00    4.949495E+00   -3.858466E-05
    4.000000E-02    1.000000E-01    1.058019E+00    5.050505E+00   -1.437130E-05
    4.000000E-02    1.000000E-01    1.058019E+00    5.151515E+00   -5.390552E-06
    4.000000E-02    1.000000E-01    1.058019E+00    5.252525E+00   -1.962720E-06
    4.000000E-02    1.000000E-01    1.058019E+00    5.353535E+00   -7.565620E-07
    4.000000E-02    1.000000E-01    1.058019E+00    5.454545E+00   -4.799459E-07
    4.000000E-02    1.000000E-01    1.058019E+00    5.555556E+00   -2.712285E-07
    4.000000E-02    1.000000E-01    1.058019E+00    5.656566E+00   -6.251107E-08
    4.000000E-02    1.000000E-01    1.058019E+00    5.757576E+00   -2.928623E-08
    4.000000E-02    1.000000E-01    1.058019E+00    5.858586E+00   -2.288667E-08
    4.000000E-02    1.000000E-01    1.058019E+00    5.959596E+00   -1.648711E-08
    4.000000E-02    1.000000E-01    1.058019E+00    6.060606E+00   -1.008755E-08
    4.000000E-02    1.000000E-01    1.058019E+00    6.161616E+00   -3.687987E-09
    4.000000E-02    1.000000E-01    1.058019E+00    6.262626E+00   -7.855642E-11
    4.000000E-02    1.000000E-01    1.058019E+00    6.363636E+00   -6.782059E-11
    4.000000E-02    1.000000E-01    1.058019E+00    6.464646E+00   -5.708475E-11
    4.000000E-02    1.000000E-01    1.058019E+00    6.565657E+00   -4.634891E-11
    4.000000E-02    1.000000E-01    1.058019E+00    6.666667E+00   -3.561308E-11
    4.000000E-02    1.000000E-01    1.058019E+00    6.767677E+00   -2.487724E-11
    4.000000E-02    1.000000E-01    1.058019E+00    6.868687E+00   -1.414141E-11
    4.000000E-02    1.000000E-01    1.058019E+00    6.969697E+00   -3.405574E-12
    4.000000E-02    1.000000E-01    1.058019E+00    7.070707E+00   -7.147365E-16
    4.000000E-02    1.000000E-01    1.058019E+00    7.171717E+00   -6.381604E-16
    4.000000E-02    1.000000E-01    1.058019E+00    7.272727E+00   -5.615843E-16
    4.000000E-02    1.000000E-01    1.058019E+00    7.373737E+00   -4.850082E-16
    4.000000E-02    1.000000E-01    1.058019E+00    7.474747E+00   -4.084321E-16
    4.000000E-02    1.000000E-01    1.058019E+00    7.575758E+00   -3.318560E-16
    4.000000E-02    1.000000E-01    1.058019E+00    7.676768E+00   -2.552800E-16
    4.000000E-02    1.000000E-01    1.058019E+00    7.777778E+00   -1.787039E-16
    4.000000E-02    1.000000E-01    1.058019E+00    7.878788E+00   -1.021278E-16
    4.000000E-02    1.000000E-01    1.058019E+00    7.979798E+00   -2.555168E-17
    4.000000E-02    1.000000E-01    1.058019E+00    8.080808E+00   -2.898171E-25
    4.000000E-02    1.000000E-01    1.058019E+00    8.181818E+00   -2.648002E-25
    4.000000E-02    1.000000E-01    1.058019E+00    8.282828E+00   -2.397833E-25
    4.000000E-02    1.000000E-01    1.058019E+00    8.383838E+00   -2.147664E-25
    4.000000E-02    1.000000E-01    1.058019E+00    8.484848E+00   -1.897496E-25
    4.000000E-02    1.000000E-01    1.058019E+00    8.585859E+00   -1.647327E-25
    4.000000E-02    1.000000E-01    1.058019E+00    8.686869E+00   -1.397158E-25
    4.000000E-02    1.000000E-01    1.058019E+00    8.787879E+00   -1.146990E-25
    4.000000E-02    1.000000E-01    1.058019E+00    8.888889E+00   -8.968210E-26
    4.000000E-02    1.000000E-01    1.058019E+00    8.989899E+00   -6.466523E-26
    4.000000E-02    1.000000E-01    1.058019E+00    9.090909E+00   -3.964836E-26
    4.000000E-02    1.000000E-01    1.058019E+00    9.191919E+00   -1.463149E-26
    4.000000E-02    1.000000E-01    1.058019E+00    9.292929E+00   -1.141199E-32
    4.000000E-02    1.000000E-01    1.058019E+00    9.393939E+00   -1.212750E-32
    4.000000E-02    1.000000E-01    1.058019E+00    9.494949E+00   -1.284300E-32
    4.000000E-02    1.000000E-01    1.058019E+00    9.595960E+00   -1.355851E-32
    4.000000E-02    1.000000E-01    1.058019E+00    9.696970E+00   -1.427402E-32
    4.000000E-02    1.000000E-01    1.058019E+00    9.797980E+00   -1.498952E-32
    4.000000E-02    1.000000E-01    1.058019E+00    9.898990E+00   -1.570503E-32
    4.000000E-02    1.000000E-01    1.058019E+00    1.000000E+01   -1.642053E-32

    4.000000E-02    2.000000E-01    1.058019E+00    0.000000E+00    1.876772E+00
    4.000000E-02    2.000000E-01    1.058019E+00    1.010101E-01    1.870059E+00
    4.000000E-02    2.000000E-01    1.058019E+00    2.020202E-01    1.849925E+00
    4.000000E-02    2.000000E-01    1.058019E+00    3.030303E-01    1.816442E+00
    4.000000E-02    2.000000E-01    1.058019E+00    4.040404E-01    1.769598E+00
    4.000000E-02    2.000000E-01    1.058019E+00    5.050505E-01    1.709439E+00
    4.000000E-02    2.000000E-01    1.058019E+00    6.060606E-01    1.636021E+00
    4.000000E-02    2.000000E-01    1.058019E+00    7.070707E-01    1.549399E+00
    4.000000E-02    2.000000E-01    1.058019E+00    8.080808E-01    1.449797E+00
    4.000000E-02    2.000000E-01    1.058019E+00    9.090909E-01    1.337630E+00
    4.000000E-02    2.000000E-01    1.058019E+00    1.010101E+00    1.213575E+00
    4.000000E-02    2.000000E-01    1.058019E+00    1.111111E+00    1.078622E+00
    4.000000E-02    2.000000E-01    1.058019E+00    1.212121E+00    9.340367E-01
    4.000000E-02    2.000000E-01    1.058019E+00    1.313131E+00    7.811897E-01
    4.000000E-02    2.000000E-01    1.058019E+00    1.414141E+00    6.213909E-01
    4.000000E-02    2.000000E-01    1.058019E+00    1.515152E+00    4.557670E-01
    4.000000E-02    2.000000E-01    1.058019E+00    1.616162E+00    2.853510E-01
    4.000000E-02    2.000000E-01    1.058019E+00    1.717172E+00    1.115353E-01
    4.000000E-02    2.000000E-01    1.058019E+00    1.818182E+00   -6.391561E-02
    4.000000E-02    2.000000E-01    1.058019E+00    1.919192E+00   -2.383088E-01
    4.000000E-02    2.000000E-01    1.058019E+00    2.020202E+00   -4.082747E-01
    4.000000E-02    2.000000E-01    1.058019E+00    2.121212E+00   -5.672637E-01
    4.000000E-02    2.000000E-01    1.058019E+00    2.222222E+00   -7.101813E-01
    4.000000E-02    2.000000E-01    1.058019E+00    2.323232E+00   -8.309658E-01
    4.000000E-02    2.000000E-01    1.058019E+00    2.424242E+00   -9.218517E-01
    4.000000E-02    2.000000E-01    1.058019E+00    2.525253E+00   -9.816007E-01
    4.000000E-02    2.000000E-01    1.058019E+00    2.626263E+00   -1.009781E+00
    4.000000E-02    2.000000E-01    1.058019E+00    2.727273E+00   -1.008228E+00
    4.000000E-02    2.000000E-01    1.058019E+00    2.828283E+00   -9.787130E-01
    4.000000E-02    2.000000E-01    1.058019E+00    2.929293E+00   -9.261304E-01
    4.000000E-02    2.000000E-01    1.058019E+00    3.030303E+00   -8.504879E-01
    4.000000E-02    2.000000E-01    1.058019E+00    3.131313E+00   -7.549279E-01
    4.000000E-02    2.000000E-01    1.058019E+00    3.232323E+00   -6.415592E-01
    4.000000E-02    2.000000E-01    1.058019E+00    3.333333E+00   -5.224193E-01
    4.000000E-02    2.000000E-01    1.058019E+00    3.434343E+00   -4.081700E-01
    4.000000E-02    2.000000E-01    1.058019E+00    3.535354E+00   -3.026152E-01
    4.000000E-02    2.000000E-01    1.058019E+00    3.636364E+00   -2.205020E-01
    4.000000E-02    2.000000E-01    1.058019E+00    3.737374E+00   -1.490888E-01
    4.000000E-02    2.000000E-01    1.058019E+00    3.838384E+00   -1.000310E-01
    4.000000E-02    2.000000E-01    1.058019E+00    3.939394E+00   -6.349217E-02
    4.000000E-02    2.000000E-01    1.058019E+00    4.040404E+00   -3.680069E-02
    4.000000E-02    2.000000E-01    1.058019E+00    4.141414E+00   -2.254865E-02
    4.000000E-02    2.000000E-01    1.058019E+00    4.242424E+00   -1.157406E-02
    4.000000E-02    2.000000E-01    1.058019E+00    4.343434E+00   -6.381191E-03
    4.000000E-02    2.000000E-01    1.058019E+00    4.444444E+00   -3.149083E-03
    4.000000E-02    2.000000E-01    1.058019E+00    4.545455E+00   -1.297455E-03
    4.000000E-02    2.000000E-01    1.058019E+00    4.646465E+00   -6.586329E-04
    4.000000E-02    2.000000E-01    1.058019E+00    4.747475E+00   -2.717392E-04
    4.000000E-02    2.000000E-01    1.058019E+00    4.848485E+00   -1.000762E-04
    4.000000E-02    2.000000E-01    1.058019E+00    4.949495E+00   -3.576861E-05
    4.000000E-02    2.000000E-01    1.058019E+00    5.050505E+00   -1.332250E-05
    4.000000E-02    2.000000E-01    1.058019E+00    5.151515E+00   -4.997189E-06
    4.000000E-02    2.000000E-01    1.058019E+00    5.252525E+00   -1.819510E-06
    4.000000E-02    2.000000E-01    1.058019E+00    5.353535E+00   -7.013655E-07
    4.000000E-02    2.000000E-01    1.058019E+00    5.454545E+00   -4.449314E-07
    4.000000E-02    2.000000E-01    1.058019E+00    5.555556E+00   -2.514413E-07
    4.000000E-02    2.000000E-01    1.058019E+00    5.656566E+00   -5.795127E-08
    4.000000E-02    2.000000E-01    1.058019E+00    5.757576E+00   -2.715028E-08
    4.000000E-02    2.000000E-01    1.058019E+00    5.858586E+00   -2.121746E-08
    4.000000E-02    2.000000E-01    1.058019E+00    5.959596E+00   -1.528464E-08
    4.000000E-02    2.000000E-01    1.058019E+00    6.060606E+00   -9.351827E-09
    4.000000E-02    2.000000E-01    1.058019E+00    6.161616E+00   -3.419010E-09
    4.000000E-02    2.000000E-01    1.058019E+00    6.262626E+00   -7.282927E-11
    4.000000E-02    2.000000E-01    1.058019E+00    6.363636E+00   -6.287613E-11
    4.000000E-02    2.000000E-01    1.058019E+00    6.464646E+00   -5.292299E-11
    4.000000E-02    2.000000E-01    1.058019E+00    6.565657E+00   -4.296985E-11
    4.000000E-02    2.000000E-01    1.058019E+00    6.666667E+00   -3.301671E-11
    4.000000E-02    2.000000E-01    1.058019E+00    6.767677E+00   -2.306357E-11
    4.000000E-02    2.000000E-01    1.058019E+00    6.868687E+00   -1.311043E-11
    4.000000E-02    2.000000E-01    1.058019E+00    6.969697E+00   -3.157291E-12
    4.000000E-02    2.000000E-01    1.058019E+00    7.070707E+00   -6.626628E-16
    4.000000E-02    2.000000E-01    1.058019E+00    7.171717E+00   -5.916658E-16
    4.000000E-02    2.000000E-01    1.058019E+00    7.272727E+00   -5.206689E-16
    4.000000E-02    2.000000E-01    1.058019E+00    7.373737E+00   -4.496719E-16
    4.000000E-02    2.000000E-01    1.058019E+00    7.474747E+00   -3.786749E-16
    4.000000E-02    2.000000E-01    1.058019E+00    7.575758E+00   -3.076779E-16
    4.000000E-02    2.000000E-01    1.058019E+00    7.676768E+00   -2.366810E-16
    4.000000E-02    2.000000E-01    1.058019E+00    7.777778E+00   -1.656840E-16
    4.000000E-02    2.000000E-01    1.058019E+00    7.878788E+00   -9.468703E-17
    4.000000E-02    2.000000E-01    1.058019E+00    7.979798E+00   -2.369006E-17
    4.000000E-02    2.000000E-01    1.058019E+00    8.080808E+00   -2.687251E-25
    4.000000E-02    2.000000E-01    1.058019E+00    8.181818E+00   -2.455288E-25
    4.000000E-02    2.000000E-01    1.058019E+00    8.282828E+00   -2.223326E-25
    4.000000E-02    2.000000E-01    1.058019E+00    8.383838E+00   -1.991364E-25
    4.000000E-02    2.000000E-01    1.058019E+00    8.484848E+00   -1.759402E-25
    4.000000E-02    2.000000E-01    1.058019E+00    8.585859E+00   -1.527440E-25
    4.000000E-02    2.000000E-01    1.058019E+00    8.686869E+00   -1.295477E-25
    4.000000E-02    2.000000E-01    1.058019E+00    8.787879E+00   -1.063515E-25
    4.000000E-02    2.000000E-01    1.058019E+00    8.888889E+00   -8.315531E-26
    4.000000E-02    2.000000E-01    1.058019E+00    8.989899E+00   -5.995909E-26
    4.000000E-02    2.000000E-01    1.058019E+00    9.090909E+00   -3.676287E-26
    4.000000E-02    2.000000E-01    1.058019E+00    9.191919E+00   -1.356665E-26
    4.000000E-02    2.000000E-01    1.058019E+00    9.292929E+00   -1.057900E-32
    4.000000E-02    2.000000E-01    1.058019E+00    9.393939E+00   -1.124228E-32
    4.000000E-02    2.000000E-01    1.058019E+00    9.494949E+00   -1.190556E-32
    4.000000E-02    2.000000E-01    1.058019E+00    9.595960E+00   -1.256884E-32
    4.000000E-02    2.000000E-01    1.058019E+00    9.696970E+00   -1.323212E-32
    4.000000E-02    2.000000E-01    1.058019E+00    9.797980E+00   -1.389541E-32
    4.000000E-02    2.000000E-01    1.058019E+00    9.898990E+00   -1.455869E-32
    4.000000E-02    2.000000E-01    1.058019E+00    1.000000E+01   -1.522197E-32

    4.000000E-02    3.000000E-01    1.058019E+00    0.000000E+00    1.609292E+00
    4.000000E-02    3.000000E-01    1.058019E+00    1.010101E-01    1.603534E+00
    4.000000E-02    3.000000E-01    1.058019E+00    2.020202E-01    1.586266E+00
    4.000000E-02    3.000000E-01    1.058019E+00    3.030303E-01    1.557548E+00
    4.000000E-02    3.000000E-01    1.058019E+00    4.040404E-01    1.517371E+00
    4.000000E-02    3.000000E-01    1.058019E+00    5.050505E-01    1.465775E+00
    4.000000E-02    3.000000E-01    1.058019E+00    6.060606E-01    1.402808E+00
    4.000000E-02    3.000000E-01    1.058019E+00    7.070707E-01    1.328517E+00
    4.000000E-02    3.000000E-01    1.058019E+00    8.080808E-01    1.243097E+00
    4.000000E-02    3.000000E-01    1.058019E+00    9.090909E-01    1.146904E+00
    4.000000E-02    3.000000E-01    1.058019E+00    1.010101E+00    1.040521E+00
    4.000000E-02    3.000000E-01    1.058019E+00    1.111111E+00    9.247966E-01
    4.000000E-02    3.000000E-01    1.058019E+00    1.212121E+00    8.008186E-01
    4.000000E-02    3.000000E-01    1.058019E+00    1.313131E+00    6.697610E-01
    4.000000E-02    3.000000E-01    1.058019E+00    1.414141E+00    5.327471E-01
    4.000000E-02    3.000000E-01    1.058019E+00    1.515152E+00    3.907425E-01
    4.000000E-02    3.000000E-01    1.058019E+00    1.616162E+00    2.446327E-01
    4.000000E-02    3.000000E-01    1.058019E+00    1.717172E+00    9.561131E-02
    4.000000E-02    3.000000E-01    1.058019E+00    1.818182E+00   -5.480927E-02
    4.000000E-02    3.000000E-01    1.058019E+00    1.919192E+00   -2.043202E-01
    4.000000E-02    3.000000E-01    1.058019E+00    2.020202E+00   -3.500333E-01
    4.000000E-02    3.000000E-01    1.058019E+00    2.121212E+00   -4.863335E-01
    4.000000E-02    3.000000E-01    1.058019E+00    2.222222E+00   -6.088541E-01
    4.000000E-02    3.000000E-01    1.058019E+00    2.323232E+00   -7.123987E-01
    4.000000E-02    3.000000E-01    1.058019E+00    2.424242E+00   -7.903104E-01
    4.000000E-02    3.000000E-01    1.058019E+00    2.525253E+00   -8.415283E-01
    4.000000E-02    3.000000E-01    1.058019E+00    2.626263E+00   -8.656824E-01
    4.000000E-02    3.000000E-01    1.058019E+00    2.727273E+00   -8.643471E-01
    4.000000E-02    3.000000E-01    1.058019E+00    2.828283E+00   -8.390408E-01
    4.000000E-02    3.000000E-01    1.058019E+00    2.929293E+00   -7.939596E-01
    4.000000E-02    3.000000E-01    1.058019E+00    3.030303E+00   -7.291102E-01
    4.000000E-02    3.000000E-01    1.058019E+00    3.131313E+00   -6.471866E-01
    4.000000E-02    3.000000E-01    1.058019E+00    3.232323E+00   -5.499965E-01
    4.000000E-02    3.000000E-01    1.058019E+00    3.333333E+00   -4.478594E-01
    4.000000E-02    3.000000E-01    1.058019E+00    3.434343E+00   -3.499153E-01
    4.000000E-02    3.000000E-01    1.058019E+00    3.535354E+00   -2.594252E-01
    4.000000E-02    3.000000E-01    1.058019E+00    3.636364E+00   -1.890312E-01
    4.000000E-02    3.000000E-01    1.058019E+00    3.737374E+00   -1.278102E-01
    4.000000E-02    3.000000E-01    1.058019E+00    3.838384E+00   -8.575412E-02
    4.000000E-02    3.000000E-01    1.058019E+00    3.939394E+00   -5.443024E-02
    4.000000E-02    3.000000E-01    1.058019E+00    4.040404E+00   -3.154830E-02
    4.000000E-02    3.000000E-01    1.058019E+00    4.141414E+00   -1.933039E-02
    4.000000E-02    3.000000E-01    1.058019E+00    4.242424E+00   -9.922154E-03
    4.000000E-02    3.000000E-01    1.058019E+00    4.343434E+00   -5.470437E-03
    4.000000E-02    3.000000E-01    1.058019E+00    4.444444E+00   -2.699632E-03
    4.000000E-02    3.000000E-01    1.058019E+00    4.545455E+00   -1.112279E-03
    4.000000E-02    3.000000E-01    1.058019E+00    4.646465E+00   -5.646315E-04
    4.000000E-02    3.000000E-01    1.058019E+00    4.747475E+00   -2.329566E-04
    4.000000E-02    3.000000E-01    1.058019E+00    4.848485E+00   -8.579374E-05
    4.000000E-02    3.000000E-01    1.058019E+00    4.949495E+00   -3.066407E-05
    4.000000E-02    3.000000E-01    1.058019E+00    5.050505E+00   -1.142135E-05
    4.000000E-02    3.000000E-01    1.058019E+00    5.151515E+00   -4.284126E-06
    4.000000E-02    3.000000E-01    1.058019E+00    5.252525E+00   -1.559902E-06
    4.000000E-02    3.000000E-01    1.058019E+00    5.353535E+00   -6.013031E-07
    4.000000E-02    3.000000E-01    1.058019E+00    5.454545E+00   -3.814552E-07
    4.000000E-02    3.000000E-01    1.058019E+00    5.555556E+00   -2.155699E-07
    4.000000E-02    3.000000E-01    1.058019E+00    5.656566E+00   -4.968466E-08
    4.000000E-02    3.000000E-01    1.058019E+00    5.757576E+00   -2.327779E-08
    4.000000E-02    3.000000E-01    1.058019E+00    5.858586E+00   -1.819118E-08
    4.000000E-02    3.000000E-01    1.058019E+00    5.959596E+00   -1.310457E-08
    4.000000E-02    3.000000E-01    1.058019E+00    6.060606E+00   -8.017963E-09
    4.000000E-02    3.000000E-01    1.058019E+00    6.161616E+00   -2.931354E-09
    4.000000E-02    3.000000E-01    1.058019E+00    6.262626E+00   -6.244475E-11
    4.000000E-02    3.000000E-01    1.058019E+00    6.363636E+00   -5.391080E-11
    4.000000E-02    3.000000E-01    1.058019E+00    6.464646E+00   -4.537685E-11
    4.000000E-02    3.000000E-01    1.058019E+00    6.565657E+00   -3.684290E-11
    4.000000E-02    3.000000E-01    1.058019E+00    6.666667E+00   -2.830895E-11
    4.000000E-02    3.000000E-01    1.058019E+00    6.767677E+00   -1.977500E-11
    4.000000E-02    3.000000E-01    1.058019E+00    6.868687E+00   -1.124105E-11
    4.000000E-02    3.000000E-01    1.058019E+00    6.969697E+00   -2.707102E-12
    4.000000E-02    3.000000E-01    1.058019E+00    7.070707E+00   -5.682239E-16
    4.000000E-02    3.000000E-01    1.058019E+00    7.171717E+00   -5.073450E-16
    4.000000E-02    3.000000E-01    1.058019E+00    7.272727E+00   -4.464661E-16
    4.000000E-02    3.000000E-01    1.058019E+00    7.373737E+00   -3.855872E-16
    4.000000E-02    3.000000E-01    1.058019E+00    7.474747E+00   -3.247083E-16
    4.000000E-02    3.000000E-01    1.058019E+00    7.575758E+00   -2.638294E-16
    4.000000E-02    3.000000E-01    1.058019E+00    7.676768E+00   -2.029505E-16
    4.000000E-02    3.000000E-01    1.058019E+00    7.777778E+00   -1.420717E-16
    4.000000E-02    3.000000E-01    1.058019E+00    7.878788E+00   -8.119277E-17
    4.000000E-02    3.000000E-01    1.058019E+00    7.979798E+00   -2.031388E-17
    4.000000E-02    3.000000E-01    1.058019E+00    8.080808E+00   -2.304606E-25
    4.000000E-02    3.000000E-01    1.058019E+00    8.181818E+00   -2.105673E-25
    4.000000E-02    3.000000E-01    1.058019E+00    8.282828E+00   -1.906741E-25
    4.000000E-02    3.000000E-01    1.058019E+00    8.383838E+00   -1.707808E-25
    4.000000E-02    3.000000E-01    1.058019E+00    8.484848E+00   -1.508876E-25
    4.000000E-02    3.000000E-01    1.058019E+00    8.585859E+00   -1.309943E-25
    4.000000E-02    3.000000E-01    1.058019E+00    8.686869E+00   -1.111011E-25
    4.000000E-02    3.000000E-01    1.058019E+00    8.787879E+00   -9.120784E-26
    4.000000E-02    3.000000E-01    1.058019E+00    8.888889E+00   -7.131459E-26
    4.000000E-02    3.000000E-01    1.058019E+00    8.989899E+00   -5.142135E-26
    4.000000E-02    3.000000E-01    1.058019E+00    9.090909E+00   -3.152810E-26
    4.000000E-02    3.000000E-01    1.058019E+00    9.191919E+00   -1.163486E-26
    4.000000E-02    3.000000E-01    1.058019E+00    9.292929E+00   -9.069100E-33
    4.000000E-02    3.000000E-01    1.058019E+00    9.393939E+00   -9.637719E-33
    4.000000E-02    3.000000E-01    1.058019E+00    9.494949E+00   -1.020634E-32
    4.000000E-02    3.000000E-01    1.058019E+00    9.595960E+00   -1.077496E-32
    4.000000E-02    3.000000E-01    1.058019E+00    9.696970E+00   -1.134358E-32
    4.000000E-02    3.000000E-01    1.058019E+00    9.797980E+00   -1.191219E-32
    4.000000E-02    3.000000E-01    1.058019E+00    9.898990E+00   -1.248081E-32
    4.000000E-02    3.000000E-01    1.058019E+00    1.000000E+01   -1.304943E-32

    4.000000E-02    4.000000E-01    1.058019E+00    0.000000E+00    1.143118E+00
    4.000000E-02    4.000000E-01    1.058019E+00    1.010101E-01    1.139027E+00
    4.000000E-02    4.000000E-01    1.058019E+00    2.020202E-01    1.126757E+00
    4.000000E-02    4.000000E-01    1.058019E+00    3.030303E-01    1.106352E+00
    4.000000E-02    4.000000E-01    1.058019E+00    4.040404E-01    1.077805E+00
    4.000000E-02    4.000000E-01    1.058019E+00    5.050505E-01    1.041144E+00
    4.000000E-02    4.000000E-01    1.058019E+00    6.060606E-01    9.964041E-01
    4.000000E-02    4.000000E-01    1.058019E+00    7.070707E-01    9.436197E-01
    4.000000E-02    4.000000E-01    1.058019E+00    8.080808E-01    8.829298E-01
    4.000000E-02    4.000000E-01    1.058019E+00    9.090909E-01    8.145895E-01
    4.000000E-02    4.000000E-01    1.058019E+00    1.010101E+00    7.390136E-01
    4.000000E-02    4.000000E-01    1.058019E+00    1.111111E+00    6.568074E-01
    4.000000E-02    4.000000E-01    1.058019E+00    1.212121E+00    5.687431E-01
    4.000000E-02    4.000000E-01    1.058019E+00    1.313131E+00    4.756550E-01
    4.000000E-02    4.000000E-01    1.058019E+00    1.414141E+00    3.783407E-01
    4.000000E-02    4.000000E-01    1.058019E+00    1.515152E+00    2.774856E-01
    4.000000E-02    4.000000E-01    1.058019E+00    1.616162E+00    1.737186E-01
    4.000000E-02    4.000000E-01    1.058019E+00    1.717172E+00    6.788696E-02
    4.000000E-02    4.000000E-01    1.058019E+00    1.818182E+00   -3.893546E-02
    4.000000E-02    4.000000E-01    1.058019E+00    1.919192E+00   -1.451090E-01
    4.000000E-02    4.000000E-01    1.058019E+00    2.020202E+00   -2.485832E-01
    4.000000E-02    4.000000E-01    1.058019E+00    2.121212E+00   -3.453709E-01
    4.000000E-02    4.000000E-01    1.058019E+00    2.222222E+00   -4.323717E-01
    4.000000E-02    4.000000E-01    1.058019E+00    2.323232E+00   -5.058962E-01
    4.000000E-02    4.000000E-01    1.058019E+00    2.424242E+00   -5.612176E-01
    4.000000E-02    4.000000E-01    1.058019E+00    2.525253E+00   -5.975831E-01
    4.000000E-02    4.000000E-01    1.058019E+00    2.626263E+00   -6.147305E-01
    4.000000E-02    4.000000E-01    1.058019E+00    2.727273E+00   -6.137782E-01
    4.000000E-02    4.000000E-01    1.058019E+00    2.828283E+00   -5.958046E-01
    4.000000E-02    4.000000E-01    1.058019E+00    2.929293E+00   -5.637896E-01
    4.000000E-02    4.000000E-01    1.058019E+00    3.030303E+00   -5.177381E-01
    4.000000E-02    4.000000E-01    1.058019E+00    3.131313E+00   -4.595629E-01
    4.000000E-02    4.000000E-01    1.058019E+00    3.232323E+00   -3.905478E-01
    4.000000E-02    4.000000E-01    1.058019E+00    3.333333E+00   -3.180205E-01
    4.000000E-02    4.000000E-01    1.058019E+00    3.434343E+00   -2.484708E-01
    4.000000E-02    4.000000E-01    1.058019E+00    3.535354E+00   -1.842145E-01
    4.000000E-02    4.000000E-01    1.058019E+00    3.636364E+00   -1.342285E-01
    4.000000E-02    4.000000E-01    1.058019E+00    3.737374E+00   -9.075615E-02
    4.000000E-02    4.000000E-01    1.058019E+00    3.838384E+00   -6.089270E-02
    4.000000E-02    4.000000E-01    1.058019E+00    3.939394E+00   -3.865006E-02
    4.000000E-02    4.000000E-01    1.058019E+00    4.040404E+00   -2.240194E-02
    4.000000E-02    4.000000E-01    1.058019E+00    4.141414E+00   -1.372620E-02
    4.000000E-02    4.000000E-01    1.058019E+00    4.242424E+00   -7.045564E-03
    4.000000E-02    4.000000E-01    1.058019E+00    4.343434E+00   -3.884472E-03
    4.000000E-02    4.000000E-01    1.058019E+00    4.444444E+00   -1.916969E-03
    4.000000E-02    4.000000E-01    1.058019E+00    4.545455E+00   -7.898143E-04
    4.000000E-02    4.000000E-01    1.058019E+00    4.646465E+00   -4.009381E-04
    4.000000E-02    4.000000E-01    1.058019E+00    4.747475E+00   -1.654204E-04
    4.000000E-02    4.000000E-01    1.058019E+00    4.848485E+00   -6.092175E-05
    4.000000E-02    4.000000E-01    1.058019E+00    4.949495E+00   -2.177463E-05
    4.000000E-02    4.000000E-01    1.058019E+00    5.050505E+00   -8.110432E-06
    4.000000E-02    4.000000E-01    1.058019E+00    5.151515E+00   -3.042258E-06
    4.000000E-02    4.000000E-01    1.058019E+00    5.252525E+00   -1.107746E-06
    4.000000E-02    4.000000E-01    1.058019E+00    5.353535E+00   -4.270172E-07
    4.000000E-02    4.000000E-01    1.058019E+00    5.454545E+00   -2.708929E-07
    4.000000E-02    4.000000E-01    1.058019E+00    5.555556E+00   -1.530889E-07
    4.000000E-02    4.000000E-01    1.058019E+00    5.656566E+00   -3.528492E-08
    4.000000E-02    4.000000E-01    1.058019E+00    5.757576E+00   -1.653180E-08
    4.000000E-02    4.000000E-01    1.058019E+00    5.858586E+00   -1.291931E-08
    4.000000E-02    4.000000E-01    1.058019E+00    5.959596E+00   -9.306820E-09
    4.000000E-02    4.000000E-01    1.058019E+00    6.060606E+00   -5.694330E-09
    4.000000E-02    4.000000E-01    1.058019E+00    6.161616E+00   -2.081840E-09
    4.000000E-02    4.000000E-01    1.058019E+00    6.262626E+00   -4.435129E-11
    4.000000E-02    4.000000E-01    1.058019E+00    6.363636E+00   -3.829007E-11
    4.000000E-02    4.000000E-01    1.058019E+00    6.464646E+00   -3.222884E-11
    4.000000E-02    4.000000E-01    1.058019E+00    6.565657E+00   -2.616762E-11
    4.000000E-02    4.000000E-01    1.058019E+00    6.666667E+00   -2.010639E-11
    4.000000E-02    4.000000E-01    1.058019E+00    6.767677E+00   -1.404517E-11
    4.000000E-02    4.000000E-01    1.058019E+00    6.868687E+00   -7.983940E-12
    4.000000E-02    4.000000E-01    1.058019E+00    6.969697E+00   -1.922715E-12
    4.000000E-02    4.000000E-01    1.058019E+00    7.070707E+00   -4.036284E-16
    4.000000E-02    4.000000E-01    1.058019E+00    7.171717E+00   -3.603841E-16
    4.000000E-02    4.000000E-01    1.058019E+00    7.272727E+00   -3.171398E-16
    4.000000E-02    4.000000E-01    1.058019E+00    7.373737E+00   -2.738955E-16
    4.000000E-02    4.000000E-01    1.058019E+00    7.474747E+00   -2.306512E-16
    4.000000E-02    4.000000E-01    1.058019E+00    7.575758E+00   -1.874068E-16
    4.000000E-02    4.000000E-01    1.058019E+00    7.676768E+00   -1.441625E-16
    4.000000E-02    4.000000E-01    1.058019E+00    7.777778E+00   -1.009182E-16
    4.000000E-02    4.000000E-01    1.058019E+00    7.878788E+00   -5.767393E-17
    4.000000E-02    4.000000E-01    1.058019E+00    7.979798E+00   -1.442963E-17
    4.000000E-02    4.000000E-01    1.058019E+00    8.080808E+00   -1.637361E-25
    4.000000E-02    4.000000E-01    1.058019E+00    8.181818E+00   -1.496025E-25
    4.000000E-02    4.000000E-01    1.058019E+00    8.282828E+00   -1.354689E-25
    4.000000E-02    4.000000E-01    1.058019E+00    8.383838E+00   -1.213352E-25
    4.000000E-02    4.000000E-01    1.058019E+00    8.484848E+00   -1.072016E-25
    4.000000E-02    4.000000E-01    1.058019E+00    8.585859E+00   -9.306800E-26
    4.000000E-02    4.000000E-01    1.058019E+00    8.686869E+00   -7.893438E-26
    4.000000E-02    4.000000E-01    1.058019E+00    8.787879E+00   -6.480075E-26
    4.000000E-02    4.000000E-01    1.058019E+00    8.888889E+00   -5.066713E-26
    4.000000E-02    4.000000E-01    1.058019E+00    8.989899E+00   -3.653351E-26
    4.000000E-02    4.000000E-01    1.058019E+00    9.090909E+00   -2.239988E-26
    4.000000E-02    4.000000E-01    1.058019E+00    9.191919E+00   -8.266259E-27
    4.000000E-02    4.000000E-01    1.058019E+00    9.292929E+00   -6.439824E-33
    4.000000E-02    4.000000E-01    1.058019E+00    9.393939E+00   -6.843595E-33
    4.000000E-02    4.000000E-01    1.058019E+00    9.494949E+00   -7.247367E-33
    4.000000E-02    4.000000E-01    1.058019E+00    9.595960E+00   -7.651138E-33
    4.000000E-02    4.000000E-01    1.058019E+00    9.696970E+00   -8.054909E-33
    4.000000E-02    4.000000E-01    1.058019E+00    9.797980E+00   -8.458680E-33
    4.000000E-02    4.000000E-01    1.058019E+00    9.898990E+00   -8.862451E-33
    4.000000E-02    4.000000E-01    1.058019E+00    1.000000E+01   -9.266222E-33

    4.000000E-02    6.000000E-01    1.058019E+00    0.000000E+00    2.795723E-06
    4.000000E-02    6.000000E-01    1.058019E+00    1.010101E-01    2.785728E-06
    4.000000E-02    6.000000E-01    1.058019E+00    2.020202E-01    2.755755E-06
    4.000000E-02    6.000000E-01    1.058019E+00    3.030303E-01    2.705915E-06
    4.000000E-02    6.000000E-01    1.058019E+00    4.040404E-01    2.636203E-06
    4.000000E-02    6.000000E-01    1.058019E+00    5.050505E-01    2.546705E-06
    4.000000E-02    6.000000E-01    1.058019E+00    6.060606E-01    2.437531E-06
    4.000000E-02    6.000000E-01    1.058019E+00    7.070707E-01    2.308796E-06
    4.000000E-02    6.000000E-01    1.058019E+00    8.080808E-01    2.160879E-06
    4.000000E-02    6.000000E-01    1.058019E+00    9.090909E-01    1.994437E-06
    4.000000E-02    6.000000E-01    1.058019E+00    1.010101E+00    1.810505E-06
    4.000000E-02    6.000000E-01    1.058019E+00    1.111111E+00    1.610563E-06
    4.000000E-02    6.000000E-01    1.058019E+00    1.212121E+00    1.396474E-06
    4.000000E-02    6.000000E-01    1.058019E+00    1.313131E+00    1.170236E-06
    4.000000E-02    6.000000E-01    1.058019E+00    1.414141E+00    9.337551E-07
    4.000000E-02    6.000000E-01    1.058019E+00    1.515152E+00    6.886730E-07
    4.000000E-02    6.000000E-01    1.058019E+00    1.616162E+00    4.365010E-07
    4.000000E-02    6.000000E-01    1.058019E+00    1.717172E+00    1.792901E-07
    4.000000E-02    6.000000E-01    1.058019E+00    1.818182E+00   -8.035488E-08
    4.000000E-02    6.000000E-01    1.058019E+00    1.919192E+00   -3.384603E-07
    4.000000E-02    6.000000E-01    1.058019E+00    2.020202E+00   -5.900488E-07
    4.000000E-02    6.000000E-01    1.058019E+00    2.121212E+00   -8.254564E-07
    4.000000E-02    6.000000E-01    1.058019E+00    2.222222E+00   -1.037163E-06
    4.000000E-02    6.000000E-01    1.058019E+00    2.323232E+00   -1.216222E-06
    4.000000E-02    6.000000E-01    1.058019E+00    2.424242E+00   -1.351177E-06
    4.000000E-02    6.000000E-01    1.058019E+00    2.525253E+00   -1.440203E-06
    4.000000E-02    6.000000E-01    1.058019E+00    2.626263E+00   -1.482663E-06
    4.000000E-02    6.000000E-01    1.058019E+00    2.727273E+00   -1.481268E-06
    4.000000E-02    6.000000E-01    1.058019E+00    2.828283E+00   -1.438620E-06
    4.000000E-02    6.000000E-01    1.058019E+00    2.929293E+00   -1.361918E-06
    4.000000E-02    6.000000E-01    1.058019E+00    3.030303E+00   -1.251147E-06
    4.000000E-02    6.000000E-01    1.058019E+00    3.131313E+00   -1.110921E-06
    4.000000E-02    6.000000E-01    1.058019E+00    3.232323E+00   -9.443244E-07
    4.000000E-02    6.000000E-01    1.058019E+00    3.333333E+00   -7.690849E-07
    4.000000E-02    6.000000E-01    1.058019E+00    3.434343E+00   -6.009810E-07
    4.000000E-02    6.000000E-01    1.058019E+00    3.535354E+00   -4.456160E-07
    4.000000E-02    6.000000E-01    1.058019E+00    3.636364E+00   -3.247259E-07
    4.000000E-02    6.000000E-01    1.058019E+00    3.737374E+00   -2.195794E-07
    4.000000E-02    6.000000E-01    1.058019E+00    3.838384E+00   -1.473366E-07
    4.000000E-02    6.000000E-01    1.058019E+00    3.939394E+00   -9.352574E-08
    4.000000E-02    6.000000E-01    1.058019E+00    4.040404E+00   -5.421338E-08
    4.000000E-02    6.000000E-01    1.058019E+00    4.141414E+00   -3.321989E-08
    4.000000E-02    6.000000E-01    1.058019E+00    4.242424E+00   -1.705335E-08
    4.000000E-02    6.000000E-01    1.058019E+00    4.343434E+00   -9.402758E-09
    4.000000E-02    6.000000E-01    1.058019E+00    4.444444E+00   -4.640685E-09
    4.000000E-02    6.000000E-01    1.058019E+00    4.545455E+00   -1.912289E-09
    4.000000E-02    6.000000E-01    1.058019E+00    4.646465E+00   -9.708259E-10
    4.000000E-02    6.000000E-01    1.058019E+00    4.747475E+00   -4.006104E-10
    4.000000E-02    6.000000E-01    1.058019E+00    4.848485E+00   -1.475710E-10
    4.000000E-02    6.000000E-01    1.058019E+00    4.949495E+00   -5.275934E-11
    4.000000E-02    6.000000E-01    1.058019E+00    5.050505E+00   -1.965739E-11
    4.000000E-02    6.000000E-01    1.058019E+00    5.151515E+00   -7.376149E-12
    4.000000E-02    6.000000E-01    1.058019E+00    5.252525E+00   -2.686855E-12
    4.000000E-02    6.000000E-01    1.058019E+00    5.353535E+00   -1.036083E-12
    4.000000E-02    6.000000E-01    1.058019E+00    5.454545E+00   -6.573214E-13
    4.000000E-02    6.000000E-01    1.058019E+00    5.555556E+00   -3.714839E-13
    4.000000E-02    6.000000E-01    1.058019E+00    5.656566E+00   -8.564639E-14
    4.000000E-02    6.000000E-01    1.058019E+00    5.757576E+00   -4.013912E-14
    4.000000E-02    6.000000E-01    1.058019E+00    5.858586E+00   -3.136802E-14
    4.000000E-02    6.000000E-01    1.058019E+00    5.959596E+00   -2.259693E-14
    4.000000E-02    6.000000E-01    1.058019E+00    6.060606E+00   -1.382583E-14
    4.000000E-02    6.000000E-01    1.058019E+00    6.161616E+00   -5.054734E-15
    4.000000E-02    6.000000E-01    1.058019E+00    6.262626E+00   -1.077248E-16
    4.000000E-02    6.000000E-01    1.058019E+00    6.363636E+00   -9.300273E-17
    4.000000E-02    6.000000E-01    1.058019E+00    6.464646E+00   -7.828062E-17
    4.000000E-02    6.000000E-01    1.058019E+00    6.565657E+00   -6.355851E-17
    4.000000E-02    6.000000E-01    1.058019E+00    6.666667E+00   -4.883640E-17
    4.000000E-02    6.000000E-01    1.058019E+00    6.767677E+00   -3.411430E-17
    4.000000E-02    6.000000E-01    1.058019E+00    6.868687E+00   -1.939219E-17
    4.000000E-02    6.000000E-01    1.058019E+00    6.969697E+00   -4.670083E-18
    4.000000E-02    6.000000E-01    1.058019E+00    7.070707E+00   -9.810700E-22
    4.000000E-02    6.000000E-01    1.058019E+00    7.171717E+00   -8.759592E-22
    4.000000E-02    6.000000E-01    1.058019E+00    7.272727E+00   -7.708484E-22
    4.000000E-02    6.000000E-01    1.058019E+00    7.373737E+00   -6.657376E-22
    4.000000E-02    6.000000E-01    1.058019E+00    7.474747E+00   -5.606269E-22
    4.000000E-02    6.000000E-01    1.058019E+00    7.575758E+00   -4.555161E-22
    4.000000E-02    6.000000E-01    1.058019E+00    7.676768E+00   -3.504053E-22
    4.000000E-02    6.000000E-01    1.058019E+00    7.777778E+00   -2.452946E-22
    4.000000E-02    6.000000E-01    1.058019E+00    7.878788E+00   -1.401838E-22
    4.000000E-02    6.000000E-01    1.058019E+00    7.979798E+00   -3.507304E-23
    4.000000E-02    6.000000E-01    1.058019E+00    8.080808E+00   -3.986708E-31
    4.000000E-02    6.000000E-01    1.058019E+00    8.181818E+00   -3.642577E-31
    4.000000E-02    6.000000E-01    1.058019E+00    8.282828E+00   -3.298446E-31
    4.000000E-02    6.000000E-01    1.058019E+00    8.383838E+00   -2.954316E-31
    4.000000E-02    6.000000E-01    1.058019E+00    8.484848E+00   -2.610185E-31
    4.000000E-02    6.000000E-01    1.058019E+00    8.585859E+00   -2.266054E-31
    4.000000E-02    6.000000E-01    1.058019E+00    8.686869E+00   -1.921924E-31
    4.000000E-02    6.000000E-01    1.058019E+00    8.787879E+00   -1.577793E-31
    4.000000E-02    6.000000E-01    1.058019E+00    8.888889E+00   -1.233662E-31
    4.000000E-02    6.000000E-01    1.058019E+00    8.989899E+00   -8.895314E-32
    4.000000E-02    6.000000E-01    1.058019E+00    9.090909E+00   -5.454007E-32
    4.000000E-02    6.000000E-01    1.058019E+00    9.191919E+00   -2.012699E-32
    4.000000E-02    6.000000E-01    1.058019E+00    9.292929E+00   -1.534312E-38
    4.000000E-02    6.000000E-01    1.058019E+00    9.393939E+00   -1.630832E-38
    4.000000E-02    6.000000E-01    1.058019E+00    9.494949E+00   -1.727353E-38
    4.000000E-02    6.000000E-01    1.058019E+00    9.595960E+00   -1.823873E-38
    4.000000E-02    6.000000E-01    1.058019E+00    9.696970E+00   -1.920394E-38
    4.000000E-02    6.000000E-01    1.058019E+00    9.797980E+00   -2.016914E-38
    4.000000E-02    6.000000E-01    1.058019E+00    9.898990E+00   -2.113434E-38
    4.000000E-02    6.000000E-01    1.058019E+00    1.000000E+01   -2.209955E-38

    4.000000E-02    7.000000E-01    1.058019E+00    0.000000E+00    1.592214E-06
    4.000000E-02    7.000000E-01    1.058019E+00    1.010101E-01    1.586528E-06
    4.000000E-02    7.000000E-01    1.058019E+00    2.020202E-01    1.569477E-06
    4.000000E-02    7.000000E-01    1.058019E+00    3.030303E-01    1.541127E-06
    4.000000E-02    7.000000E-01    1.058019E+00    4.040404E-01    1.501481E-06
    4.000000E-02    7.000000E-01    1.058019E+00    5.050505E-01    1.450594E-06
    4.000000E-02    7.000000E-01    1.058019E+00    6.060606E-01    1.388541E-06
    4.000000E-02    7.000000E-01    1.058019E+00    7.070707E-01    1.315400E-06
    4.000000E-02    7.000000E-01    1.058019E+00    8.080808E-01    1.231402E-06
    4.000000E-02    7.000000E-01    1.058019E+00    9.090909E-01    1.136937E-06
    4.000000E-02    7.000000E-01    1.058019E+00    1.010101E+00    1.032601E-06
    4.000000E-02    7.000000E-01    1.058019E+00    1.111111E+00    9.192341E-07
    4.000000E-02    7.000000E-01    1.058019E+00    1.212121E+00    7.978851E-07
    4.000000E-02    7.000000E-01    1.058019E+00    1.313131E+00    6.696729E-07
    4.000000E-02    7.000000E-01    1.058019E+00    1.414141E+00    5.356634E-07
    4.000000E-02    7.000000E-01    1.058019E+00    1.515152E+00    3.967752E-07
    4.000000E-02    7.000000E-01    1.058019E+00    1.616162E+00    2.538576E-07
    4.000000E-02    7.000000E-01    1.058019E+00    1.717172E+00    1.080692E-07
    4.000000E-02    7.000000E-01    1.058019E+00    1.818182E+00   -3.911533E-08
    4.000000E-02    7.000000E-01    1.058019E+00    1.919192E+00   -1.854488E-07
    4.000000E-02    7.000000E-01    1.058019E+00    2.020202E+00   -3.281113E-07
    4.000000E-02    7.000000E-01    1.058019E+00    2.121212E+00   -4.616368E-07
    4.000000E-02    7.000000E-01    1.058019E+00    2.222222E+00   -5.817674E-07
    4.000000E-02    7.000000E-01    1.058019E+00    2.323232E+00   -6.834411E-07
    4.000000E-02    7.000000E-01    1.058019E+00    2.424242E+00   -7.601762E-07
    4.000000E-02    7.000000E-01    1.058019E+00    2.525253E+00   -8.109382E-07
    4.000000E-02    7.000000E-01    1.058019E+00    2.626263E+00   -8.353677E-07
    4.000000E-02    7.000000E-01    1.058019E+00    2.727273E+00   -8.349960E-07
    4.000000E-02    7.000000E-01    1.058019E+00    2.828283E+00   -8.112898E-07
    4.000000E-02    7.000000E-01    1.058019E+00    2.929293E+00   -7.683115E-07
    4.000000E-02    7.000000E-01    1.058019E+00    3.030303E+00   -7.060382E-07
    4.000000E-02    7.000000E-01    1.058019E+00    3.131313E+00   -6.270713E-07
    4.000000E-02    7.000000E-01    1.058019E+00    3.232323E+00   -5.331426E-07
    4.000000E-02    7.000000E-01    1.058019E+00    3.333333E+00   -4.342654E-07
    4.000000E-02    7.000000E-01    1.058019E+00    3.434343E+00   -3.393873E-07
    4.000000E-02    7.000000E-01    1.058019E+00    3.535354E+00   -2.516737E-07
    4.000000E-02    7.000000E-01    1.058019E+00    3.636364E+00   -1.834098E-07
    4.000000E-02    7.000000E-01    1.058019E+00    3.737374E+00   -1.240316E-07
    4.000000E-02    7.000000E-01    1.058019E+00    3.838384E+00   -8.322921E-08
    4.000000E-02    7.000000E-01    1.058019E+00    3.939394E+00   -5.283539E-08
    4.000000E-02    7.000000E-01    1.058019E+00    4.040404E+00   -3.062896E-08
    4.000000E-02    7.000000E-01    1.058019E+00    4.141414E+00   -1.876919E-08
    4.000000E-02    7.000000E-01    1.058019E+00    4.242424E+00   -9.635921E-09
    4.000000E-02    7.000000E-01    1.058019E+00    4.343434E+00   -5.313271E-09
    4.000000E-02    7.000000E-01    1.058019E+00    4.444444E+00   -2.622545E-09
    4.000000E-02    7.000000E-01    1.058019E+00    4.545455E+00   -1.080792E-09
    4.000000E-02    7.000000E-01    1.058019E+00    4.646465E+00   -5.487281E-10
    4.000000E-02    7.000000E-01    1.058019E+00    4.747475E+00   -2.264596E-10
    4.000000E-02    7.000000E-01    1.058019E+00    4.848485E+00   -8.343379E-11
    4.000000E-02    7.000000E-01    1.058019E+00    4.949495E+00   -2.983526E-11
    4.000000E-02    7.000000E-01    1.058019E+00    5.050505E+00   -1.111873E-11
    4.000000E-02    7.000000E-01    1.058019E+00    5.151515E+00   -4.173214E-12
    4.000000E-02    7.000000E-01    1.058019E+00    5.252525E+00   -1.520579E-12
    4.000000E-02    7.000000E-01    1.058019E+00    5.353535E+00   -5.864946E-13
    4.000000E-02    7.000000E-01    1.058019E+00    5.454545E+00   -3.721083E-13
    4.000000E-02    7.000000E-01    1.058019E+00    5.555556E+00   -2.103017E-13
    4.000000E-02    7.000000E-01    1.058019E+00    5.656566E+00   -4.849509E-14
    4.000000E-02    7.000000E-01    1.058019E+00    5.757576E+00   -2.273240E-14
    4.000000E-02    7.000000E-01    1.058019E+00    5.858586E+00   -1.776498E-14
    4.000000E-02    7.000000E-01    1.058019E+00    5.959596E+00   -1.279755E-14
    4.000000E-02    7.000000E-01    1.058019E+00    6.060606E+00   -7.830133E-15
    4.000000E-02    7.000000E-01    1.058019E+00    6.161616E+00   -2.862712E-15
    4.000000E-02    7.000000E-01    1.058019E+00    6.262626E+00   -6.102289E-17
    4.000000E-02    7.000000E-01    1.058019E+00    6.363636E+00   -5.268325E-17
    4.000000E-02    7.000000E-01    1.058019E+00    6.464646E+00   -4.434362E-17
    4.000000E-02    7.000000E-01    1.058019E+00    6.565657E+00   -3.600399E-17
    4.000000E-02    7.000000E-01    1.058019E+00    6.666667E+00   -2.766436E-17
    4.000000E-02    7.000000E-01    1.058019E+00    6.767677E+00   -1.932473E-17
    4.000000E-02    7.000000E-01    1.058019E+00    6.868687E+00   -1.098509E-17
    4.000000E-02    7.000000E-01    1.058019E+00    6.969697E+00   -2.645462E-18
    4.000000E-02    7.000000E-01    1.058019E+00    7.070707E+00   -5.560074E-22
    4.000000E-02    7.000000E-01    1.058019E+00    7.171717E+00   -4.964374E-22
    4.000000E-02    7.000000E-01    1.058019E+00    7.272727E+00   -4.368674E-22
    4.000000E-02    7.000000E-01    1.058019E+00    7.373737E+00   -3.772973E-22
    4.000000E-02    7.000000E-01    1.058019E+00    7.474747E+00   -3.177273E-22
    4.000000E-02    7.000000E-01    1.058019E+00    7.575758E+00   -2.581573E-22
    4.000000E-02    7.000000E-01    1.058019E+00    7.676768E+00   -1.985872E-22
    4.000000E-02    7.000000E-01    1.058019E+00    7.777778E+00   -1.390172E-22
    4.000000E-02    7.000000E-01    1.058019E+00    7.878788E+00   -7.944718E-23
    4.000000E-02    7.000000E-01    1.058019E+00    7.979798E+00   -1.987715E-23
    4.000000E-02    7.000000E-01    1.058019E+00    8.080808E+00   -2.262191E-31
    4.000000E-02    7.000000E-01    1.058019E+00    8.181818E+00   -2.066920E-31
    4.000000E-02    7.000000E-01    1.058019E+00    8.282828E+00   -1.871649E-31
    4.000000E-02    7.000000E-01    1.058019E+00    8.383838E+00   -1.676378E-31
    4.000000E-02    7.000000E-01    1.058019E+00    8.484848E+00   -1.481106E-31
    4.000000E-02    7.000000E-01    1.058019E+00    8.585859E+00   -1.285835E-31
    4.000000E-02    7.000000E-01    1.058019E+00    8.686869E+00   -1.090564E-31
    4.000000E-02    7.000000E-01    1.058019E+00    8.787879E+00   -8.952925E-32
    4.000000E-02    7.000000E-01    1.058019E+00    8.888889E+00   -7.000212E-32
    4.000000E-02    7.000000E-01    1.058019E+00    8.989899E+00   -5.047499E-32
    4.000000E-02    7.000000E-01    1.058019E+00    9.090909E+00   -3.094786E-32
    4.000000E-02    7.000000E-01    1.058019E+00    9.191919E+00   -1.142073E-32
    4.000000E-02    7.000000E-01    1.058019E+00    9.292929E+00   -8.558806E-39
    4.000000E-02    7.000000E-01    1.058019E+00    9.393939E+00   -9.098694E-39
    4.000000E-02    7.000000E-01    1.058019E+00    9.494949E+00   -9.638582E-39
    4.000000E-02    7.000000E-01    1.058019E+00    9.595960E+00   -1.017847E-38
    4.000000E-02    7.000000E-01    1.058019E+00    9.696970E+00   -1.071836E-38
    4.000000E-02    7.000000E-01    1.058019E+00    9.797980E+00   -1.125825E-38
    4.000000E-02    7.000000E-01    1.058019E+00    9.898990E+00   -1.179813E-38
    4.000000E-02    7.000000E-01    1.058019E+00    1.000000E+01   -1.233802E-38

    4.000000E-02    8.000000E-01    1.058019E+00    0.000000E+00    1.224203E-06
    4.000000E-02    8.000000E-01    1.058019E+00    1.010101E-01    1.219834E-06
    4.000000E-02    8.000000E-01    1.058019E+00    2.020202E-01    1.206735E-06
    4.000000E-02    8.000000E-01    1.058019E+00    3.030303E-01    1.184957E-06
    4.000000E-02    8.000000E-01    1.058019E+00    4.040404E-01    1.154504E-06
    4.000000E-02    8.000000E-01    1.058019E+00    5.050505E-01    1.115426E-06
    4.000000E-02    8.000000E-01    1.058019E+00    6.060606E-01    1.067782E-06
    4.000000E-02    8.000000E-01    1.058019E+00    7.070707E-01    1.011643E-06
    4.000000E-02    8.000000E-01    1.058019E+00    8.080808E-01    9.471947E-07
    4.000000E-02    8.000000E-01    1.058019E+00    9.090909E-01    8.747424E-07
    4.000000E-02    8.000000E-01    1.058019E+00    1.010101E+00    7.947499E-07
    4.000000E-02    8.000000E-01    1.058019E+00    1.111111E+00    7.078617E-07
    4.000000E-02    8.000000E-01    1.058019E+00    1.212121E+00    6.148766E-07
    4.000000E-02    8.000000E-01    1.058019E+00    1.313131E+00    5.166445E-07
    4.000000E-02    8.000000E-01    1.058019E+00    1.414141E+00    4.139741E-07
    4.000000E-02    8.000000E-01    1.058019E+00    1.515152E+00    3.075630E-07
    4.000000E-02    8.000000E-01    1.058019E+00    1.616162E+00    1.980577E-07
    4.000000E-02    8.000000E-01    1.058019E+00    1.717172E+00    8.634406E-08
    4.000000E-02    8.000000E-01    1.058019E+00    1.818182E+00   -2.644910E-08
    4.000000E-02    8.000000E-01    1.058019E+00    1.919192E+00   -1.386026E-07
    4.000000E-02    8.000000E-01    1.058019E+00    2.020202E+00   -2.479560E-07
    4.000000E-02    8.000000E-01    1.058019E+00    2.121212E+00   -3.503273E-07
    4.000000E-02    8.000000E-01    1.058019E+00    2.222222E+00   -4.424561E-07
    4.000000E-02    8.000000E-01    1.058019E+00    2.323232E+00   -5.204677E-07
    4.000000E-02    8.000000E-01    1.058019E+00    2.424242E+00   -5.794021E-07
    4.000000E-02    8.000000E-01    1.058019E+00    2.525253E+00   -6.184667E-07
    4.000000E-02    8.000000E-01    1.058019E+00    2.626263E+00   -6.373862E-07
    4.000000E-02    8.000000E-01    1.058019E+00    2.727273E+00   -6.373317E-07
    4.000000E-02    8.000000E-01    1.058019E+00    2.828283E+00   -6.194223E-07
    4.000000E-02    8.000000E-01    1.058019E+00    2.929293E+00   -5.867609E-07
    4.000000E-02    8.000000E-01    1.058019E+00    3.030303E+00   -5.393227E-07
    4.000000E-02    8.000000E-01    1.058019E+00    3.131313E+00   -4.790928E-07
    4.000000E-02    8.000000E-01    1.058019E+00    3.232323E+00   -4.073897E-07
    4.000000E-02    8.000000E-01    1.058019E+00    3.333333E+00   -3.318672E-07
    4.000000E-02    8.000000E-01    1.058019E+00    3.434343E+00   -2.593843E-07
    4.000000E-02    8.000000E-01    1.058019E+00    3.535354E+00   -1.923607E-07
    4.000000E-02    8.000000E-01    1.058019E+00    3.636364E+00   -1.401916E-07
    4.000000E-02    8.000000E-01    1.058019E+00    3.737374E+00   -9.481068E-08
    4.000000E-02    8.000000E-01    1.058019E+00    3.838384E+00   -6.362356E-08
    4.000000E-02    8.000000E-01    1.058019E+00    3.939394E+00   -4.039129E-08
    4.000000E-02    8.000000E-01    1.058019E+00    4.040404E+00   -2.341629E-08
    4.000000E-02    8.000000E-01    1.058019E+00    4.141414E+00   -1.434983E-08
    4.000000E-02    8.000000E-01    1.058019E+00    4.242424E+00   -7.367506E-09
    4.000000E-02    8.000000E-01    1.058019E+00    4.343434E+00   -4.062615E-09
    4.000000E-02    8.000000E-01    1.058019E+00    4.444444E+00   -2.005354E-09
    4.000000E-02    8.000000E-01    1.058019E+00    4.545455E+00   -8.265024E-10
    4.000000E-02    8.000000E-01    1.058019E+00    4.646465E+00   -4.196418E-10
    4.000000E-02    8.000000E-01    1.058019E+00    4.747475E+00   -1.732007E-10
    4.000000E-02    8.000000E-01    1.058019E+00    4.848485E+00   -6.381928E-11
    4.000000E-02    8.000000E-01    1.058019E+00    4.949495E+00   -2.282459E-11
    4.000000E-02    8.000000E-01    1.058019E+00    5.050505E+00   -8.507420E-12
    4.000000E-02    8.000000E-01    1.058019E+00    5.151515E+00   -3.193681E-12
    4.000000E-02    8.000000E-01    1.058019E+00    5.252525E+00   -1.163903E-12
    4.000000E-02    8.000000E-01    1.058019E+00    5.353535E+00   -4.489985E-13
    4.000000E-02    8.000000E-01    1.058019E+00    5.454545E+00   -2.848824E-13
    4.000000E-02    8.000000E-01    1.058019E+00    5.555556E+00   -1.610077E-13
    4.000000E-02    8.000000E-01    1.058019E+00    5.656566E+00   -3.713312E-14
    4.000000E-02    8.000000E-01    1.058019E+00    5.757576E+00   -1.740886E-14
    4.000000E-02    8.000000E-01    1.058019E+00    5.858586E+00   -1.360473E-14
    4.000000E-02    8.000000E-01    1.058019E+00    5.959596E+00   -9.800591E-15
    4.000000E-02    8.000000E-01    1.058019E+00    6.060606E+00   -5.996456E-15
    4.000000E-02    8.000000E-01    1.058019E+00    6.161616E+00   -2.192321E-15
    4.000000E-02    8.000000E-01    1.058019E+00    6.262626E+00   -4.673970E-17
    4.000000E-02    8.000000E-01    1.058019E+00    6.363636E+00   -4.035207E-17
    4.000000E-02    8.000000E-01    1.058019E+00    6.464646E+00   -3.396443E-17
    4.000000E-02    8.000000E-01    1.058019E+00    6.565657E+00   -2.757680E-17
    4.000000E-02    8.000000E-01    1.058019E+00    6.666667E+00   -2.118916E-17
    4.000000E-02    8.000000E-01    1.058019E+00    6.767677E+00   -1.480153E-17
    4.000000E-02    8.000000E-01    1.058019E+00    6.868687E+00   -8.413893E-18
    4.000000E-02    8.000000E-01    1.058019E+00    6.969697E+00   -2.026258E-18
    4.000000E-02    8.000000E-01    1.058019E+00    7.070707E+00   -4.260065E-22
    4.000000E-02    8.000000E-01    1.058019E+00    7.171717E+00   -3.803646E-22
    4.000000E-02    8.000000E-01    1.058019E+00    7.272727E+00   -3.347227E-22
    4.000000E-02    8.000000E-01    1.058019E+00    7.373737E+00   -2.890809E-22
    4.000000E-02    8.000000E-01    1.058019E+00    7.474747E+00   -2.434390E-22
    4.000000E-02    8.000000E-01    1.058019E+00    7.575758E+00   -1.977971E-22
    4.000000E-02    8.000000E-01    1.058019E+00    7.676768E+00   -1.521552E-22
    4.000000E-02    8.000000E-01    1.058019E+00    7.777778E+00   -1.065134E-22
    4.000000E-02    8.000000E-01    1.058019E+00    7.878788E+00   -6.087151E-23
    4.000000E-02    8.000000E-01    1.058019E+00    7.979798E+00   -1.522964E-23
    4.000000E-02    8.000000E-01    1.058019E+00    8.080808E+00   -1.734775E-31
    4.000000E-02    8.000000E-01    1.058019E+00    8.181818E+00   -1.585030E-31
    4.000000E-02    8.000000E-01    1.058019E+00    8.282828E+00   -1.435285E-31
    4.000000E-02    8.000000E-01    1.058019E+00    8.383838E+00   -1.285540E-31
    4.000000E-02    8.000000E-01    1.058019E+00    8.484848E+00   -1.135795E-31
    4.000000E-02    8.000000E-01    1.058019E+00    8.585859E+00   -9.860502E-32
    4.000000E-02    8.000000E-01    1.058019E+00    8.686869E+00   -8.363052E-32
    4.000000E-02    8.000000E-01    1.058019E+00    8.787879E+00   -6.865603E-32
    4.000000E-02    8.000000E-01    1.058019E+00    8.888889E+00   -5.368154E-32
    4.000000E-02    8.000000E-01    1.058019E+00    8.989899E+00   -3.870704E-32
    4.000000E-02    8.000000E-01    1.058019E+00    9.090909E+00   -2.373255E-32
    4.000000E-02    8.000000E-01    1.058019E+00    9.191919E+00   -8.758054E-33
    4.000000E-02    8.000000E-01    1.058019E+00    9.292929E+00   -6.482849E-39
    4.000000E-02    8.000000E-01    1.058019E+00    9.393939E+00   -6.892608E-39
    4.000000E-02    8.000000E-01    1.058019E+00    9.494949E+00   -7.302366E-39
    4.000000E-02    8.000000E-01    1.058019E+00    9.595960E+00   -7.712125E-39
    4.000000E-02    8.000000E-01    1.058019E+00    9.696970E+00   -8.121883E-39
    4.000000E-02    8.000000E-01    1.058019E+00    9.797980E+00   -8.531642E-39
    4.000000E-02    8.000000E-01    1.058019E+00    9.898990E+00   -8.941401E-39
    4.000000E-02    8.000000E-01    1.058019E+00    1.000000E+01   -9.351159E-39

    4.000000E-02    9.000000E-01    1.058019E+00    0.000000E+00    9.318208E-07
    4.000000E-02    9.000000E-01    1.058019E+00    1.010101E-01    9.284990E-07
    4.000000E-02    9.000000E-01    1.058019E+00    2.020202E-01    9.185387E-07
    4.000000E-02    9.000000E-01    1.058019E+00    3.030303E-01    9.019813E-07
    4.000000E-02    9.000000E-01    1.058019E+00    4.040404E-01    8.788328E-07
    4.000000E-02    9.000000E-01    1.058019E+00    5.050505E-01    8.491340E-07
    4.000000E-02    9.000000E-01    1.058019E+00    6.060606E-01    8.129381E-07
    4.000000E-02    9.000000E-01    1.058019E+00    7.070707E-01    7.703061E-07
    4.000000E-02    9.000000E-01    1.058019E+00    8.080808E-01    7.213880E-07
    4.000000E-02    9.000000E-01    1.058019E+00    9.090909E-01    6.664244E-07
    4.000000E-02    9.000000E-01    1.058019E+00    1.010101E+00    6.057723E-07
    4.000000E-02    9.000000E-01    1.058019E+00    1.111111E+00    5.399208E-07
    4.000000E-02    9.000000E-01    1.058019E+00    1.212121E+00    4.694704E-07
    4.000000E-02    9.000000E-01    1.058019E+00    1.313131E+00    3.950567E-07
    4.000000E-02    9.000000E-01    1.058019E+00    1.414141E+00    3.172839E-07
    4.000000E-02    9.000000E-01    1.058019E+00    1.515152E+00    2.366737E-07
    4.000000E-02    9.000000E-01    1.058019E+00    1.616162E+00    1.537113E-07
    4.000000E-02    9.000000E-01    1.058019E+00    1.717172E+00    6.906574E-08
    4.000000E-02    9.000000E-01    1.058019E+00    1.818182E+00   -1.640859E-08
    4.000000E-02    9.000000E-01    1.058019E+00    1.919192E+00   -1.014120E-07
    4.000000E-02    9.000000E-01    1.058019E+00    2.020202E+00   -1.843078E-07
    4.000000E-02    9.000000E-01    1.058019E+00    2.121212E+00   -2.619335E-07
    4.000000E-02    9.000000E-01    1.058019E+00    2.222222E+00   -3.318209E-07
    4.000000E-02    9.000000E-01    1.058019E+00    2.323232E+00   -3.910384E-07
    4.000000E-02    9.000000E-01    1.058019E+00    2.424242E+00   -4.358341E-07
    4.000000E-02    9.000000E-01    1.058019E+00    2.525253E+00   -4.656076E-07
    4.000000E-02    9.000000E-01    1.058019E+00    2.626263E+00   -4.801504E-07
    4.000000E-02    9.000000E-01    1.058019E+00    2.727273E+00   -4.803472E-07
    4.000000E-02    9.000000E-01    1.058019E+00    2.828283E+00   -4.670413E-07
    4.000000E-02    9.000000E-01    1.058019E+00    2.929293E+00   -4.425733E-07
    4.000000E-02    9.000000E-01    1.058019E+00    3.030303E+00   -4.069169E-07
    4.000000E-02    9.000000E-01    1.058019E+00    3.131313E+00   -3.615680E-07
    4.000000E-02    9.000000E-01    1.058019E+00    3.232323E+00   -3.075164E-07
    4.000000E-02    9.000000E-01    1.058019E+00    3.333333E+00   -2.505423E-07
    4.000000E-02    9.000000E-01    1.058019E+00    3.434343E+00   -1.958457E-07
    4.000000E-02    9.000000E-01    1.058019E+00    3.535354E+00   -1.452542E-07
    4.000000E-02    9.000000E-01    1.058019E+00    3.636364E+00   -1.058675E-07
    4.000000E-02    9.000000E-01    1.058019E+00    3.737374E+00   -7.160326E-08
    4.000000E-02    9.000000E-01    1.058019E+00    3.838384E+00   -4.805265E-08
    4.000000E-02    9.000000E-01    1.058019E+00    3.939394E+00   -3.050811E-08
    4.000000E-02    9.000000E-01    1.058019E+00    4.040404E+00   -1.768793E-08
    4.000000E-02    9.000000E-01    1.058019E+00    4.141414E+00   -1.083993E-08
    4.000000E-02    9.000000E-01    1.058019E+00    4.242424E+00   -5.565906E-09
    4.000000E-02    9.000000E-01    1.058019E+00    4.343434E+00   -3.069328E-09
    4.000000E-02    9.000000E-01    1.058019E+00    4.444444E+00   -1.515171E-09
    4.000000E-02    9.000000E-01    1.058019E+00    4.545455E+00   -6.245403E-10
    4.000000E-02    9.000000E-01    1.058019E+00    4.646465E+00   -3.171180E-10
    4.000000E-02    9.000000E-01    1.058019E+00    4.747475E+00   -1.309007E-10
    4.000000E-02    9.000000E-01    1.058019E+00    4.848485E+00   -4.824054E-11
    4.000000E-02    9.000000E-01    1.058019E+00    4.949495E+00   -1.725627E-11
    4.000000E-02    9.000000E-01    1.058019E+00    5.050505E+00   -6.433299E-12
    4.000000E-02    9.000000E-01    1.058019E+00    5.151515E+00   -2.415631E-12
    4.000000E-02    9.000000E-01    1.058019E+00    5.252525E+00   -8.805824E-13
    4.000000E-02    9.000000E-01    1.058019E+00    5.353535E+00   -3.397768E-13
    4.000000E-02    9.000000E-01    1.058019E+00    5.454545E+00   -2.155929E-13
    4.000000E-02    9.000000E-01    1.058019E+00    5.555556E+00   -1.218501E-13
    4.000000E-02    9.000000E-01    1.058019E+00    5.656566E+00   -2.810724E-14
    4.000000E-02    9.000000E-01    1.058019E+00    5.757576E+00   -1.317975E-14
    4.000000E-02    9.000000E-01    1.058019E+00    5.858586E+00   -1.029975E-14
    4.000000E-02    9.000000E-01    1.058019E+00    5.959596E+00   -7.419751E-15
    4.000000E-02    9.000000E-01    1.058019E+00    6.060606E+00   -4.539751E-15
    4.000000E-02    9.000000E-01    1.058019E+00    6.161616E+00   -1.659750E-15
    4.000000E-02    9.000000E-01    1.058019E+00    6.262626E+00   -3.539256E-17
    4.000000E-02    9.000000E-01    1.058019E+00    6.363636E+00   -3.055567E-17
    4.000000E-02    9.000000E-01    1.058019E+00    6.464646E+00   -2.571878E-17
    4.000000E-02    9.000000E-01    1.058019E+00    6.565657E+00   -2.088189E-17
    4.000000E-02    9.000000E-01    1.058019E+00    6.666667E+00   -1.604500E-17
    4.000000E-02    9.000000E-01    1.058019E+00    6.767677E+00   -1.120811E-17
    4.000000E-02    9.000000E-01    1.058019E+00    6.868687E+00   -6.371226E-18
    4.000000E-02    9.000000E-01    1.058019E+00    6.969697E+00   -1.534337E-18
    4.000000E-02    9.000000E-01    1.058019E+00    7.070707E+00   -3.227278E-22
    4.000000E-02    9.000000E-01    1.058019E+00    7.171717E+00   -2.881511E-22
    4.000000E-02    9.000000E-01    1.058019E+00    7.272727E+00   -2.535744E-22
    4.000000E-02    9.000000E-01    1.058019E+00    7.373737E+00   -2.189977E-22
    4.000000E-02    9.000000E-01    1.058019E+00    7.474747E+00   -1.844210E-22
    4.000000E-02    9.000000E-01    1.058019E+00    7.575758E+00   -1.498443E-22
    4.000000E-02    9.000000E-01    1.058019E+00    7.676768E+00   -1.152676E-22
    4.000000E-02    9.000000E-01    1.058019E+00    7.777778E+00   -8.069087E-23
    4.000000E-02    9.000000E-01    1.058019E+00    7.878788E+00   -4.611416E-23
    4.000000E-02    9.000000E-01    1.058019E+00    7.979798E+00   -1.153745E-23
    4.000000E-02    9.000000E-01    1.058019E+00    8.080808E+00   -1.315789E-31
    4.000000E-02    9.000000E-01    1.058019E+00    8.181818E+00   -1.202211E-31
    4.000000E-02    9.000000E-01    1.058019E+00    8.282828E+00   -1.088632E-31
    4.000000E-02    9.000000E-01    1.058019E+00    8.383838E+00   -9.750540E-32
    4.000000E-02    9.000000E-01    1.058019E+00    8.484848E+00   -8.614758E-32
    4.000000E-02    9.000000E-01    1.058019E+00    8.585859E+00   -7.478975E-32
    4.000000E-02    9.000000E-01    1.058019E+00    8.686869E+00   -6.343192E-32
    4.000000E-02    9.000000E-01    1.058019E+00    8.787879E+00   -5.207410E-32
    4.000000E-02    9.000000E-01    1.058019E+00    8.888889E+00   -4.071627E-32
    4.000000E-02    9.000000E-01    1.058019E+00    8.989899E+00   -2.935844E-32
    4.000000E-02    9.000000E-01    1.058019E+00    9.090909E+00   -1.800062E-32
    4.000000E-02    9.000000E-01    1.058019E+00    9.191919E+00   -6.642792E-33
    4.000000E-02    9.000000E-01    1.058019E+00    9.292929E+00   -4.834199E-39
    4.000000E-02    9.000000E-01    1.058019E+00    9.393939E+00   -5.140612E-39
    4.000000E-02    9.000000E-01    1.058019E+00    9.494949E+00   -5.447024E-39
    4.000000E-02    9.000000E-01    1.058019E+00    9.595960E+00   -5.753436E-39
    4.000000E-02    9.000000E-01    1.058019E+00    9.696970E+00   -6.059848E-39
    4.000000E-02    9.000000E-01    1.058019E+00    9.797980E+00   -6.366260E-39
    4.000000E-02    9.000000E-01    1.058019E+00    9.898990E+00   -6.672673E-39
    4.000000E-02    9.000000E-01    1.058019E+00    1.000000E+01   -6.979085E-39

